,Mean TemperatureC,Max TemperatureC_1_days_before,Max TemperatureC_2_days_before,Max TemperatureC_3_days_before,Mean TemperatureC_1_days_before,Mean TemperatureC_2_days_before,Mean TemperatureC_3_days_before,Min TemperatureC_1_days_before,Min TemperatureC_2_days_before,Min TemperatureC_3_days_before,Dew PointC_1_days_before,Dew PointC_2_days_before,Dew PointC_3_days_before,MeanDew PointC_1_days_before,MeanDew PointC_2_days_before,MeanDew PointC_3_days_before,Min DewpointC_1_days_before,Min DewpointC_2_days_before,Min DewpointC_3_days_before,Max Humidity_1_days_before,Max Humidity_2_days_before,Max Humidity_3_days_before, Mean Humidity_1_days_before, Mean Humidity_2_days_before, Mean Humidity_3_days_before, Min Humidity_1_days_before, Min Humidity_2_days_before, Min Humidity_3_days_before, Max Sea Level PressurehPa_1_days_before, Max Sea Level PressurehPa_2_days_before, Max Sea Level PressurehPa_3_days_before, Mean Sea Level PressurehPa_1_days_before, Mean Sea Level PressurehPa_2_days_before, Mean Sea Level PressurehPa_3_days_before, Min Sea Level PressurehPa_1_days_before, Min Sea Level PressurehPa_2_days_before, Min Sea Level PressurehPa_3_days_before, Max VisibilityKm_1_days_before, Max VisibilityKm_2_days_before, Max VisibilityKm_3_days_before, Mean VisibilityKm_1_days_before, Mean VisibilityKm_2_days_before, Mean VisibilityKm_3_days_before, Min VisibilitykM_1_days_before, Min VisibilitykM_2_days_before, Min VisibilitykM_3_days_before, Max Wind SpeedKm/h_1_days_before, Max Wind SpeedKm/h_2_days_before, Max Wind SpeedKm/h_3_days_before, Mean Wind SpeedKm/h_1_days_before, Mean Wind SpeedKm/h_2_days_before, Mean Wind SpeedKm/h_3_days_before,Precipitationmm_1_days_before,Precipitationmm_2_days_before,Precipitationmm_3_days_before,Max TemperatureCaverage_of_last_2_days,Mean TemperatureCaverage_of_last_2_days,Min TemperatureCaverage_of_last_2_days,Dew PointCaverage_of_last_2_days,MeanDew PointCaverage_of_last_2_days,Min DewpointCaverage_of_last_2_days,Max Humidityaverage_of_last_2_days, Mean Humidityaverage_of_last_2_days, Min Humidityaverage_of_last_2_days, Max Sea Level PressurehPaaverage_of_last_2_days, Mean Sea Level PressurehPaaverage_of_last_2_days, Min Sea Level PressurehPaaverage_of_last_2_days, Max VisibilityKmaverage_of_last_2_days, Mean VisibilityKmaverage_of_last_2_days, Min VisibilitykMaverage_of_last_2_days, Max Wind SpeedKm/haverage_of_last_2_days, Mean Wind SpeedKm/haverage_of_last_2_days,Precipitationmmaverage_of_last_2_days,Max TemperatureCtrend_in_last_2_days,Mean TemperatureCtrend_in_last_2_days,Min TemperatureCtrend_in_last_2_days,Dew PointCtrend_in_last_2_days,MeanDew PointCtrend_in_last_2_days,Min DewpointCtrend_in_last_2_days,Max Humiditytrend_in_last_2_days, Mean Humiditytrend_in_last_2_days, Min Humiditytrend_in_last_2_days, Max Sea Level PressurehPatrend_in_last_2_days, Mean Sea Level PressurehPatrend_in_last_2_days, Min Sea Level PressurehPatrend_in_last_2_days, Max VisibilityKmtrend_in_last_2_days, Mean VisibilityKmtrend_in_last_2_days, Min VisibilitykMtrend_in_last_2_days, Max Wind SpeedKm/htrend_in_last_2_days, Mean Wind SpeedKm/htrend_in_last_2_days,Precipitationmmtrend_in_last_2_days,Max TemperatureCtrend_in_last_3_days,Mean TemperatureCtrend_in_last_3_days,Min TemperatureCtrend_in_last_3_days,Dew PointCtrend_in_last_3_days,MeanDew PointCtrend_in_last_3_days,Min DewpointCtrend_in_last_3_days,Max Humiditytrend_in_last_3_days, Mean Humiditytrend_in_last_3_days, Min Humiditytrend_in_last_3_days, Max Sea Level PressurehPatrend_in_last_3_days, Mean Sea Level PressurehPatrend_in_last_3_days, Min Sea Level PressurehPatrend_in_last_3_days, Max VisibilityKmtrend_in_last_3_days, Mean VisibilityKmtrend_in_last_3_days, Min VisibilitykMtrend_in_last_3_days, Max Wind SpeedKm/htrend_in_last_3_days, Mean Wind SpeedKm/htrend_in_last_3_days,Precipitationmmtrend_in_last_3_days
3,8,14.0,13.0,23.0,7.0,9.0,16.0,0.0,4.0,7.0,31.0,43.0,67.0,27.0,36.0,49.0,23.0,28.0,43.0,76.0,93.0,93.0,52.0,68.0,75.0,27.0,43.0,57.0,1035.0,1030.0,1011.0,1033.0,1020.0,1005.0,1030.0,1012.0,1002.0,16.0,16.0,16.0,16.0,16.0,11.0,16.0,8.0,3.0,13.0,26.0,32.0,5.0,10.0,6.0,0.0,0.0,12.0,15.0,7.5,-0.5,33.5,27.5,22.0,82.5,54.0,24.5,1035.0,1032.0,1028.0,16.0,16.0,13.5,16.0,5.5,0.0,1.5811388300841898,-1.224744871391589,-2.9154759474226504,-7.713624310270756,-6.324555320336759,-3.8078865529319543,-7.745966692414834,-10.954451150103322,-11.853269591129697,3.5355339059327378,9.082951062292475,12.409673645990857,0.0,0.0,4.415880433163924,-8.154753215150045,-3.4641016151377544,0.0,-5.627314338711377,-4.163331998932265,-2.943920288775949,-15.220600075774499,-9.1104335791443,-9.201449161228174,-6.324555320336759,-9.814954576223638,-12.609520212918492,11.343133018115703,11.40175425099138,11.661903789690601,0.0,2.886751345948129,4.618802153517006,-7.505553499465135,-1.632993161855452,-6.928203230275509
4,10,16.0,14.0,13.0,8.0,7.0,9.0,-1.0,0.0,4.0,36.0,31.0,43.0,28.0,27.0,36.0,21.0,23.0,28.0,89.0,76.0,93.0,56.0,52.0,68.0,22.0,27.0,43.0,1035.0,1035.0,1030.0,1031.0,1033.0,1020.0,1026.0,1030.0,1012.0,16.0,16.0,16.0,16.0,16.0,16.0,11.0,16.0,8.0,19.0,13.0,26.0,6.0,5.0,10.0,0.0,0.0,0.0,15.0,9.0,2.0,40.0,34.0,28.5,87.5,63.5,39.0,1032.5,1029.0,1025.5,16.0,16.0,11.0,17.5,4.5,0.0,0.0,1.5811388300841898,4.183300132670378,6.670832032063167,8.514693182963201,10.51189802081432,8.94427190999916,10.977249200050075,23.78024390118823,-3.5355339059327378,-3.1622776601683795,-2.9154759474226504,0.0,0.0,-3.5355339059327378,3.6742346141747673,-2.0,0.0,0.5773502691896257,0.5773502691896257,2.516611478423583,-4.281744192888376,4.618802153517006,8.082903768654761,-6.557438524302,-2.23606797749979,17.07825127659933,0.0,7.047458170621991,10.115993936995679,0.0,0.0,3.605551275463989,-6.879922480183431,-3.3166247903554,0.0
5,9,14.0,16.0,14.0,10.0,8.0,7.0,5.0,-1.0,0.0,44.0,36.0,31.0,40.0,28.0,27.0,36.0,21.0,23.0,86.0,89.0,76.0,71.0,56.0,52.0,56.0,22.0,27.0,1030.0,1035.0,1035.0,1027.0,1031.0,1033.0,1025.0,1026.0,1030.0,16.0,16.0,16.0,16.0,16.0,16.0,11.0,11.0,16.0,16.0,19.0,13.0,3.0,6.0,5.0,0.0,0.0,0.0,14.0,9.5,4.5,41.5,38.0,34.5,82.5,67.0,51.5,1031.0,1028.0,1026.0,16.0,15.0,11.0,17.5,4.0,0.0,-1.4142135623730951,1.224744871391589,4.183300132670378,4.415880433163924,8.0,10.392304845413264,-5.385164807134504,8.972179222463181,23.18404623873926,-3.24037034920393,-2.449489742783178,1.224744871391589,0.0,-1.4142135623730951,0.0,0.0,-1.5811388300841898,0.0,0.0,1.1547005383792515,3.366501646120693,4.618802153517006,6.557438524302,8.406346808612328,6.082762530298219,7.681145747868608,18.708286933869708,-2.6457513110645907,-2.309401076758503,-2.0816659994661326,0.0,-1.1547005383792515,-2.886751345948129,3.4641016151377544,-1.1547005383792515,0.0
6,12,14.0,14.0,16.0,9.0,10.0,8.0,4.0,5.0,-1.0,39.0,44.0,36.0,36.0,40.0,28.0,33.0,36.0,21.0,79.0,86.0,89.0,63.0,71.0,56.0,47.0,56.0,22.0,1032.0,1030.0,1035.0,1029.0,1027.0,1031.0,1027.0,1025.0,1026.0,16.0,16.0,16.0,14.0,16.0,16.0,11.0,11.0,11.0,19.0,16.0,19.0,5.0,3.0,6.0,0.0,0.0,0.0,15.0,10.5,5.5,40.0,37.5,35.0,81.0,64.0,47.0,1031.5,1029.0,1027.0,16.0,14.0,11.0,15.0,3.5,0.0,1.4142135623730951,2.0,2.0,-3.24037034920393,-1.8708286933869707,1.8708286933869707,-4.06201920231798,-5.477225575051661,-6.363961030678928,1.224744871391589,1.4142135623730951,1.4142135623730951,0.0,-1.4142135623730951,0.0,-5.244044240850758,-1.5811388300841898,0.0,0.0,2.0,3.8297084310253524,3.7859388972001824,6.757711644237764,8.793937305515279,-3.7416573867739413,7.416198487095663,18.929694486000912,-2.70801280154532,-2.0,1.0,0.0,-1.1547005383792515,0.0,-4.618802153517006,-2.160246899469287,0.0
7,11,16.0,14.0,14.0,12.0,9.0,10.0,7.0,4.0,5.0,41.0,39.0,44.0,39.0,36.0,40.0,37.0,33.0,36.0,83.0,79.0,86.0,65.0,63.0,71.0,47.0,47.0,56.0,1031.0,1032.0,1030.0,1029.0,1029.0,1027.0,1027.0,1027.0,1025.0,16.0,16.0,16.0,14.0,14.0,16.0,11.0,11.0,11.0,11.0,19.0,16.0,2.0,5.0,3.0,0.0,0.0,0.0,16.5,11.5,5.5,42.0,39.0,35.0,87.5,64.5,41.5,1029.0,1025.5,1022.0,16.0,15.0,11.0,13.5,2.5,0.0,1.5811388300841898,2.0,0.0,2.0,2.1213203435596424,0.0,6.96419413859206,1.224744871391589,-7.7781745930520225,-2.9154759474226504,-4.949747468305833,-7.0710678118654755,0.0,1.4142135623730951,0.0,-4.415880433163924,-2.0,0.0,1.2909944487358056,1.5275252316519468,-0.5773502691896257,-2.3804761428476167,-1.5275252316519468,-1.7320508075688772,4.0,-4.509249752822894,-8.205689083394114,-2.0816659994661326,-3.872983346207417,-5.656854249492381,0.0,0.0,0.0,-3.1622776601683795,-1.1547005383792515,0.0
8,10,17.0,16.0,14.0,11.0,12.0,9.0,4.0,7.0,4.0,43.0,41.0,39.0,39.0,39.0,36.0,33.0,37.0,33.0,92.0,83.0,79.0,64.0,65.0,63.0,36.0,47.0,47.0,1027.0,1031.0,1032.0,1022.0,1029.0,1029.0,1017.0,1027.0,1027.0,16.0,16.0,16.0,16.0,14.0,14.0,11.0,11.0,11.0,16.0,11.0,19.0,3.0,2.0,5.0,0.0,0.0,0.0,17.5,10.5,3.0,46.0,40.0,30.5,92.0,70.0,48.0,1026.5,1020.5,1016.5,16.0,16.0,8.5,21.5,5.5,0.0,1.0,-1.0,-2.5495097567963922,4.47213595499958,1.4142135623730951,-4.527692569068709,6.363961030678928,8.455767262643882,15.083103128998356,-2.9154759474226504,-5.385164807134504,-7.106335201775948,0.0,1.4142135623730951,-3.5355339059327378,8.54400374531753,3.605551275463989,0.0,1.4142135623730951,1.5275252316519468,-1.1547005383792515,3.8297084310253524,2.0816659994661326,-2.886751345948129,5.686240703077327,7.0,12.315302134607444,-2.449489742783178,-4.396968652757639,-5.802298395176403,0.0,1.1547005383792515,-2.886751345948129,5.228129047119374,2.3804761428476167,0.0
9,4,18.0,17.0,16.0,10.0,11.0,12.0,2.0,4.0,7.0,49.0,43.0,41.0,41.0,39.0,39.0,28.0,33.0,37.0,92.0,92.0,83.0,76.0,64.0,65.0,60.0,36.0,47.0,1026.0,1027.0,1031.0,1019.0,1022.0,1029.0,1016.0,1017.0,1027.0,16.0,16.0,16.0,16.0,16.0,14.0,6.0,11.0,11.0,27.0,16.0,11.0,8.0,3.0,2.0,0.0,0.0,0.0,12.5,7.0,2.0,40.0,33.5,24.5,83.5,68.0,52.5,1028.5,1023.0,1020.5,16.0,16.0,11.0,24.0,8.0,0.0,-7.745966692414834,-4.301162633521313,-1.4142135623730951,-12.0,-10.51189802081432,-6.082762530298219,-12.020815280171307,-7.483314773547883,13.24764129949177,3.4641016151377544,5.244044240850758,6.324555320336759,0.0,0.0,6.123724356957945,6.519202405202649,3.5355339059327378,0.0,-6.298147875897061,-3.559026084010437,-2.0816659994661326,-9.72967967955095,-8.582928793055823,-5.477225575051661,-8.32666399786453,-6.137317546507322,8.755950357709132,1.632993161855452,1.4142135623730951,-2.581988897471611,0.0,1.1547005383792515,5.0,6.0553007081949835,2.943920288775949,0.0
10,8,7.0,18.0,17.0,4.0,10.0,11.0,2.0,2.0,4.0,31.0,49.0,43.0,26.0,41.0,39.0,21.0,28.0,33.0,75.0,92.0,92.0,60.0,76.0,64.0,45.0,60.0,36.0,1031.0,1026.0,1027.0,1027.0,1019.0,1022.0,1025.0,1016.0,1017.0,16.0,16.0,16.0,16.0,16.0,16.0,16.0,6.0,11.0,21.0,27.0,16.0,8.0,8.0,3.0,0.0,0.0,0.0,10.0,6.0,2.0,31.0,27.0,22.0,75.5,57.0,38.5,1032.0,1028.0,1025.0,16.0,16.0,16.0,17.0,5.0,0.0,-6.519202405202649,-3.1622776601683795,0.0,-12.727922061357855,-10.51189802081432,-4.743416490252569,-12.0,-12.083045973594572,-14.035668847618199,3.8078865529319543,5.830951894845301,6.363961030678928,0.0,0.0,7.0710678118654755,-7.0710678118654755,-4.242640687119285,0.0,-5.291502622129181,-2.6457513110645907,-1.1547005383792515,-9.797958971132712,-8.504900548115382,-4.83045891539648,-9.797958971132712,-7.023769168568493,7.788880963698615,3.0550504633038935,4.43471156521669,5.163977794943222,0.0,0.0,5.0,2.6457513110645907,-1.9148542155126762,0.0
11,12,13.0,7.0,18.0,8.0,4.0,10.0,2.0,2.0,2.0,31.0,31.0,49.0,28.0,26.0,41.0,23.0,21.0,28.0,76.0,75.0,92.0,54.0,60.0,76.0,32.0,45.0,60.0,1033.0,1031.0,1026.0,1029.0,1027.0,1019.0,1025.0,1025.0,1016.0,16.0,16.0,16.0,16.0,16.0,16.0,16.0,16.0,6.0,13.0,21.0,27.0,2.0,8.0,8.0,0.0,0.0,0.0,17.0,10.0,3.0,41.0,35.0,26.5,79.5,61.0,42.0,1028.5,1024.5,1020.5,16.0,16.0,14.5,17.0,4.0,0.0,7.0710678118654755,4.0,1.4142135623730951,14.142135623730951,10.0,5.1478150704935,5.0,8.94427190999916,10.747092630102339,-6.2048368229954285,-6.2048368229954285,-6.363961030678928,0.0,0.0,-2.1213203435596424,0.0,-3.1622776601683795,0.0,-2.6457513110645907,-1.1547005383792515,1.1547005383792515,5.033222956847166,-2.886751345948129,1.1547005383792515,-8.925618559330589,-5.656854249492381,1.4142135623730951,-4.163331998932265,-2.0816659994661326,0.0,0.0,0.0,5.507570547286102,-3.4641016151377544,-2.581988897471611,0.0
12,7,21.0,13.0,7.0,12.0,8.0,4.0,4.0,2.0,2.0,51.0,31.0,31.0,42.0,28.0,26.0,30.0,23.0,21.0,83.0,76.0,75.0,68.0,54.0,60.0,52.0,32.0,45.0,1024.0,1033.0,1031.0,1020.0,1029.0,1027.0,1016.0,1025.0,1025.0,16.0,16.0,16.0,16.0,16.0,16.0,13.0,16.0,16.0,21.0,13.0,21.0,6.0,2.0,8.0,0.0,0.0,0.0,17.0,9.5,2.5,45.0,34.0,24.5,83.0,61.5,39.0,1028.5,1024.0,1018.5,16.0,16.0,13.5,27.5,9.5,0.0,0.0,-2.1213203435596424,-1.5811388300841898,11.313708498984761,-5.477225575051661,-6.0,4.949747468305833,3.6742346141747673,-11.74734012447073,0.0,-2.9154759474226504,-5.291502622129181,0.0,0.0,-2.0,10.793516572461451,5.70087712549569,0.0,3.4641016151377544,1.5275252316519468,-1.2909944487358056,9.237604307034012,-4.320493798938574,-4.760952285695233,4.08248290463863,-1.7320508075688772,-12.179217270963408,1.1547005383792515,-2.0816659994661326,-4.320493798938574,0.0,0.0,-1.632993161855452,7.505553499465135,3.1091263510296048,0.0
13,6,13.0,21.0,13.0,7.0,12.0,8.0,1.0,4.0,2.0,39.0,51.0,31.0,26.0,42.0,28.0,19.0,30.0,23.0,83.0,83.0,76.0,55.0,68.0,54.0,26.0,52.0,32.0,1033.0,1024.0,1033.0,1028.0,1020.0,1029.0,1021.0,1016.0,1025.0,16.0,16.0,16.0,16.0,16.0,16.0,14.0,13.0,16.0,34.0,21.0,13.0,13.0,6.0,2.0,0.0,0.0,0.0,13.5,6.5,-0.5,38.0,24.0,18.5,79.0,52.0,24.0,1032.5,1028.0,1021.0,16.0,16.0,15.0,28.5,9.5,0.0,-5.612486080160912,-3.605551275463989,-3.0,-8.602325267042627,-11.661903789690601,-7.810249675906654,-5.656854249492381,-10.124228365658293,-18.601075237738275,6.324555320336759,5.656854249492381,3.5355339059327378,0.0,0.0,1.5811388300841898,4.898979485566356,0.0,0.0,0.5773502691896257,-1.8257418583505538,-2.160246899469287,9.16515138991168,-5.033222956847166,-4.932882862316247,-2.23606797749979,-1.7320508075688772,-9.865765724632494,-0.5773502691896257,-2.3804761428476167,-4.320493798938574,0.0,0.0,-1.1547005383792515,6.110100926607787,2.309401076758503,0.0
14,14,14.0,13.0,21.0,6.0,7.0,12.0,-2.0,1.0,4.0,37.0,39.0,51.0,22.0,26.0,42.0,18.0,19.0,30.0,75.0,83.0,83.0,49.0,55.0,68.0,22.0,26.0,52.0,1032.0,1033.0,1024.0,1028.0,1028.0,1020.0,1021.0,1021.0,1016.0,16.0,16.0,16.0,16.0,16.0,16.0,16.0,14.0,13.0,23.0,34.0,21.0,6.0,13.0,6.0,0.0,0.0,0.0,18.0,10.0,2.0,46.0,35.0,28.0,82.0,58.5,34.5,1026.0,1021.0,1015.0,16.0,16.0,14.5,24.5,8.5,0.0,5.70087712549569,5.612486080160912,5.244044240850758,12.649110640673518,18.16590212458495,14.124446891825535,8.12403840463596,12.747548783981962,17.449928366615147,-8.514693182963201,-9.899494936611665,-8.48528137423857,0.0,0.0,-1.5811388300841898,-7.483314773547883,-3.4641016151377544,0.0,0.5773502691896257,3.559026084010437,3.9157800414902435,7.659416862050705,11.604596790352806,9.626352718795768,6.6332495807108,7.211102550927978,-4.725815626252608,-4.618802153517006,-6.6332495807108,-6.298147875897061,0.0,0.0,-1.1547005383792515,4.358898943540674,2.886751345948129,0.0
15,8,22.0,14.0,13.0,14.0,6.0,7.0,6.0,-2.0,1.0,55.0,37.0,39.0,48.0,22.0,26.0,38.0,18.0,19.0,89.0,75.0,83.0,68.0,49.0,55.0,47.0,22.0,26.0,1020.0,1032.0,1033.0,1014.0,1028.0,1028.0,1009.0,1021.0,1021.0,16.0,16.0,16.0,16.0,16.0,16.0,13.0,16.0,14.0,26.0,23.0,34.0,11.0,6.0,13.0,0.0,0.0,0.0,18.5,11.0,3.5,54.5,40.0,26.5,88.0,63.5,39.0,1026.0,1016.5,1009.0,16.0,16.0,9.5,30.0,13.5,0.0,2.7386127875258306,3.7416573867739413,4.415880433163924,12.708265027138834,14.491376746189438,-8.031189202104505,9.797958971132712,11.832159566199232,13.583077707206124,0.0,-9.246621004453464,-8.48528137423857,0.0,0.0,-5.385164807134504,6.041522986797286,5.0,0.0,2.309401076758503,3.0,3.1622776601683795,10.311805532172013,11.604596790352806,-6.582805886043833,6.531972647421808,9.018499505645789,10.847426730181986,-0.5773502691896257,-7.54983443527075,-6.928203230275509,0.0,0.0,-4.242640687119285,-4.0,0.5773502691896257,0.0
16,-2,15.0,22.0,14.0,8.0,14.0,6.0,1.0,6.0,-2.0,54.0,55.0,37.0,32.0,48.0,22.0,15.0,38.0,18.0,87.0,89.0,75.0,59.0,68.0,49.0,31.0,47.0,22.0,1032.0,1020.0,1032.0,1019.0,1014.0,1028.0,1009.0,1009.0,1021.0,16.0,16.0,16.0,16.0,16.0,16.0,6.0,13.0,16.0,34.0,26.0,23.0,16.0,11.0,6.0,0.0,0.0,0.0,8.5,3.0,-2.5,34.5,20.0,8.5,68.5,48.5,28.5,1037.5,1029.0,1021.0,16.0,16.0,11.0,30.5,13.5,0.0,-10.44030650891055,-8.246211251235321,-6.082762530298219,-27.586228448267445,-20.396078054371138,-18.681541692269406,-26.201145013147805,-16.15549442140351,-11.853269591129697,11.510864433221338,14.577379737113251,16.97056274847714,0.0,0.0,5.049752469181039,2.7386127875258306,0.0,0.0,-7.164728420068226,-4.898979485566356,-1.8257418583505538,-19.983326383095815,-7.211102550927978,-9.966610925150702,-19.807406022327438,-7.32575365861197,10.708252269472673,6.3508529610858835,8.736894948054104,12.0,0.0,0.0,3.7416573867739413,2.8284271247461903,2.886751345948129,0.0
17,2,2.0,15.0,22.0,-2.0,8.0,14.0,-6.0,1.0,6.0,15.0,54.0,55.0,8.0,32.0,48.0,2.0,15.0,38.0,50.0,87.0,89.0,38.0,59.0,68.0,26.0,31.0,47.0,1043.0,1032.0,1020.0,1039.0,1019.0,1014.0,1033.0,1009.0,1009.0,16.0,16.0,16.0,16.0,16.0,16.0,16.0,6.0,13.0,27.0,34.0,26.0,11.0,16.0,11.0,0.0,0.0,0.0,5.5,0.0,-6.0,22.0,9.5,3.0,59.0,40.5,21.5,1040.5,1036.5,1030.5,16.0,16.0,16.0,24.0,9.5,0.0,-7.745966692414834,-6.48074069840786,-4.949747468305833,-25.739075352467502,-16.837458240482736,-9.082951062292475,-22.85825890132492,-14.422205101855956,-7.280109889280518,6.928203230275509,13.693063937629153,16.59819267269783,0.0,0.0,7.0710678118654755,-6.519202405202649,-4.123105625617661,0.0,-7.505553499465135,-6.324555320336759,-4.96655480858378,-21.02379604162864,-16.563010998406458,-15.209646062066446,-18.699376103674332,-12.871156384205214,-10.98483803552272,8.94427190999916,11.547005383792516,13.552367566837415,0.0,0.0,4.123105625617661,-2.6457513110645907,-1.7320508075688772,0.0
18,8,9.0,2.0,15.0,2.0,-2.0,8.0,-6.0,-6.0,1.0,29.0,15.0,54.0,11.0,8.0,32.0,4.0,2.0,15.0,68.0,50.0,87.0,43.0,38.0,59.0,17.0,26.0,31.0,1038.0,1043.0,1032.0,1034.0,1039.0,1019.0,1028.0,1033.0,1009.0,16.0,16.0,16.0,16.0,16.0,16.0,16.0,16.0,6.0,21.0,27.0,34.0,8.0,11.0,16.0,0.0,0.0,0.0,10.5,5.0,-1.0,40.0,28.0,17.0,80.5,59.0,37.0,1032.5,1028.5,1024.0,16.0,9.5,9.0,20.0,5.0,2.0,5.385164807134504,5.0990195135927845,7.0710678118654755,18.439088914585774,24.13503677229434,18.439088914585774,21.783020910791965,22.901964981197573,27.55902755904134,-8.54400374531753,-8.54400374531753,-6.670832032063167,0.0,-9.192388155425117,-9.899494936611665,-4.47213595499958,-4.743416490252569,2.8284271247461903,-6.082762530298219,-4.0,4.123105625617661,-16.743157806499145,14.011899704655802,13.051181300301263,-11.832159566199232,14.236104336041748,22.315913604421397,-2.886751345948129,9.201449161228174,12.741009902410928,0.0,-7.505553499465135,-5.656854249492381,-5.446711546122731,-4.83045891539648,2.309401076758503
19,17,12.0,9.0,2.0,8.0,2.0,-2.0,4.0,-6.0,-6.0,51.0,29.0,15.0,45.0,11.0,8.0,30.0,4.0,2.0,93.0,68.0,50.0,75.0,43.0,38.0,57.0,17.0,26.0,1027.0,1038.0,1043.0,1023.0,1034.0,1039.0,1020.0,1028.0,1033.0,16.0,16.0,16.0,3.0,16.0,16.0,2.0,16.0,16.0,19.0,21.0,27.0,2.0,8.0,11.0,4.0,0.0,0.0,16.5,12.5,8.0,55.5,50.0,40.0,93.0,77.5,61.5,1024.5,1021.5,1018.0,16.0,4.5,1.0,19.0,3.5,2.0,6.708203932499369,7.648529270389178,9.055385138137417,16.80773631397161,25.059928172283335,23.194827009486403,17.67766952966369,22.901964981197573,28.991378028648448,-8.54400374531753,-8.06225774829855,-6.324555320336759,0.0,-8.94427190999916,-10.0,-1.4142135623730951,-3.6742346141747673,0.0,6.8068592855540455,6.658328118479393,7.393691004272944,15.92691642053372,20.534523775015252,18.973665961010276,17.7857620959388,18.920887928424502,23.094010767585033,-7.54983443527075,-7.187952884282608,-5.916079783099616,0.0,-7.302967433402215,-8.16496580927726,-3.6514837167011076,-3.4641016151377544,0.0
20,18,21.0,12.0,9.0,17.0,8.0,2.0,12.0,4.0,-6.0,60.0,51.0,29.0,55.0,45.0,11.0,50.0,30.0,4.0,93.0,93.0,68.0,80.0,75.0,43.0,66.0,57.0,17.0,1022.0,1027.0,1038.0,1020.0,1023.0,1034.0,1016.0,1020.0,1028.0,16.0,16.0,16.0,6.0,3.0,16.0,0.0,2.0,16.0,19.0,19.0,21.0,5.0,2.0,8.0,0.0,4.0,0.0,21.5,17.5,13.0,62.0,58.0,52.0,93.0,80.5,67.0,1018.5,1016.0,1011.5,16.0,9.5,1.0,20.0,7.5,1.5,6.4031242374328485,6.4031242374328485,5.830951894845301,6.96419413859206,8.246211251235321,14.422205101855956,0.0,3.605551275463989,6.519202405202649,-6.082762530298219,-6.041522986797286,-6.96419413859206,0.0,5.385164807134504,0.0,1.4142135623730951,4.123105625617661,-1.8708286933869707,5.507570547286102,6.27162924074226,7.483314773547883,13.916417163432069,20.752509888364507,19.078784028338912,14.433756729740644,18.708286933869708,23.69950773047125,-8.06225774829855,-8.04155872120988,-7.32575365861197,0.0,-6.082762530298219,-8.082903768654761,0.0,-0.816496580927726,1.7320508075688772
21,17,22.0,21.0,12.0,18.0,17.0,8.0,14.0,12.0,4.0,64.0,60.0,51.0,61.0,55.0,45.0,54.0,50.0,30.0,93.0,93.0,93.0,81.0,80.0,75.0,68.0,66.0,57.0,1015.0,1022.0,1027.0,1012.0,1020.0,1023.0,1007.0,1016.0,1020.0,16.0,16.0,16.0,13.0,6.0,3.0,2.0,0.0,2.0,21.0,19.0,19.0,10.0,5.0,2.0,3.0,0.0,4.0,23.0,17.5,11.5,59.0,49.0,37.0,93.0,67.0,40.5,1018.0,1015.0,1009.5,16.0,13.5,5.0,20.0,7.5,1.5,1.5811388300841898,0.0,-3.24037034920393,-6.48074069840786,-16.431676725154983,-23.874672772626646,0.0,-19.78635893740938,-38.86515148561755,-2.5495097567963922,-3.7416573867739413,-5.291502622129181,0.0,5.0,4.47213595499958,0.0,0.0,0.0,5.354126134736337,5.196152422706632,3.7859388972001824,-1.0,-12.110601416389967,-15.705625319186328,0.0,-15.895492023421818,-31.304951684997057,-3.559026084010437,-3.5118845842842465,-4.898979485566356,0.0,4.43471156521669,3.4641016151377544,0.0,1.7320508075688772,-2.309401076758503
22,14,24.0,22.0,21.0,17.0,18.0,17.0,9.0,14.0,12.0,54.0,64.0,60.0,37.0,61.0,55.0,20.0,54.0,50.0,93.0,93.0,93.0,53.0,81.0,80.0,13.0,68.0,66.0,1021.0,1015.0,1022.0,1018.0,1012.0,1020.0,1012.0,1007.0,1016.0,16.0,16.0,16.0,14.0,13.0,6.0,8.0,2.0,0.0,19.0,21.0,19.0,5.0,10.0,5.0,0.0,3.0,0.0,21.5,15.5,8.5,56.0,42.0,26.5,88.5,60.5,32.5,1020.5,1017.0,1012.5,16.0,15.0,12.0,21.5,5.5,0.0,-3.24037034920393,-2.23606797749979,-3.605551275463989,-6.48074069840786,-15.427248620541512,-22.214859891523062,-6.363961030678928,-16.718253497300488,-27.422618401604176,4.183300132670378,4.0,3.605551275463989,0.0,1.5811388300841898,7.0710678118654755,3.24037034920393,-3.4641016151377544,-2.1213203435596424,-2.581988897471611,-1.7320508075688772,-2.70801280154532,-4.760952285695233,-12.110601416389967,-17.99073835801818,-5.196152422706632,-13.638181696985855,-22.360679774997898,-2.160246899469287,-3.265986323710904,-4.281744192888376,0.0,4.242640687119285,5.887840577551898,2.886751345948129,0.5773502691896257,0.0
23,14,19.0,24.0,22.0,14.0,17.0,18.0,8.0,9.0,14.0,58.0,54.0,64.0,47.0,37.0,61.0,33.0,20.0,54.0,84.0,93.0,93.0,68.0,53.0,81.0,52.0,13.0,68.0,1020.0,1021.0,1015.0,1016.0,1018.0,1012.0,1013.0,1012.0,1007.0,16.0,16.0,16.0,16.0,14.0,13.0,16.0,8.0,2.0,24.0,19.0,21.0,6.0,5.0,10.0,0.0,0.0,3.0,20.5,14.0,7.0,59.0,41.5,25.0,85.5,59.5,33.0,1020.5,1016.0,1012.0,16.0,15.0,13.5,25.5,8.5,0.0,-2.8284271247461903,-2.1213203435596424,-1.5811388300841898,3.1622776601683795,-3.24037034920393,-6.59545297913646,-6.0,-5.656854249492381,6.2048368229954285,0.0,-1.4142135623730951,-1.224744871391589,0.0,0.0,4.415880433163924,4.123105625617661,3.605551275463989,0.0,-2.0,-1.8257418583505538,-3.1622776601683795,-5.163977794943222,-14.106735979665885,-20.355179521029367,-4.898979485566356,-16.812693617224657,-31.347514521356658,3.4641016151377544,3.265986323710904,2.70801280154532,0.0,0.5773502691896257,5.0,3.1622776601683795,0.5773502691896257,-1.7320508075688772
24,14,22.0,19.0,24.0,14.0,14.0,17.0,6.0,8.0,9.0,60.0,58.0,54.0,36.0,47.0,37.0,17.0,33.0,20.0,87.0,84.0,93.0,51.0,68.0,53.0,14.0,52.0,13.0,1021.0,1020.0,1021.0,1016.0,1016.0,1018.0,1011.0,1013.0,1012.0,16.0,16.0,16.0,14.0,16.0,14.0,11.0,16.0,8.0,27.0,24.0,19.0,11.0,6.0,5.0,0.0,0.0,0.0,23.0,14.0,4.5,45.5,30.5,18.5,78.5,46.0,13.0,1024.0,1018.0,1013.5,16.0,15.0,13.5,26.5,9.5,0.0,2.5495097567963922,0.0,-2.5495097567963922,-20.457272545478784,-11.0,-11.113055385446435,-11.832159566199232,-13.946325680981353,-26.90724809414742,4.301162633521313,2.8284271247461903,3.24037034920393,0.0,0.0,0.0,2.0,2.8284271247461903,0.0,-2.0,-1.7320508075688772,-2.160246899469287,-16.54287359157008,-6.879922480183431,-5.0990195135927845,-10.969655114602888,-7.393691004272944,4.932882862316247,3.4641016151377544,2.0,2.70801280154532,0.0,1.1547005383792515,4.618802153517006,3.3166247903554,2.3804761428476167,0.0
25,11,24.0,22.0,19.0,14.0,14.0,14.0,3.0,6.0,8.0,31.0,60.0,58.0,25.0,36.0,47.0,20.0,17.0,33.0,70.0,87.0,84.0,41.0,51.0,68.0,12.0,14.0,52.0,1027.0,1021.0,1020.0,1020.0,1016.0,1016.0,1016.0,1011.0,1013.0,16.0,16.0,16.0,16.0,14.0,16.0,16.0,11.0,16.0,26.0,27.0,24.0,8.0,11.0,6.0,0.0,0.0,0.0,21.0,12.5,3.5,30.0,24.0,18.0,59.5,38.0,16.5,1029.5,1023.5,1019.0,16.0,16.0,16.0,24.5,7.0,0.0,-4.0,-2.1213203435596424,-2.0,-20.554804791094465,-7.905694150420948,-1.8708286933869707,-19.1049731745428,-8.246211251235321,6.2048368229954285,5.522680508593631,5.70087712549569,5.522680508593631,0.0,1.4142135623730951,3.5355339059327378,-2.23606797749979,-2.5495097567963922,0.0,-2.7688746209726918,-1.7320508075688772,-2.0,-16.743157806499145,-9.055385138137417,-9.363047936792093,-15.50268793897798,-11.902380714238083,-21.34635019544715,4.546060565661952,4.654746681256314,4.358898943540674,0.0,0.0,0.0,-0.5773502691896257,2.0,0.0
26,13,18.0,24.0,22.0,11.0,14.0,14.0,4.0,3.0,6.0,29.0,31.0,60.0,23.0,25.0,36.0,16.0,20.0,17.0,49.0,70.0,87.0,35.0,41.0,51.0,21.0,12.0,14.0,1032.0,1027.0,1021.0,1027.0,1020.0,1016.0,1022.0,1016.0,1011.0,16.0,16.0,16.0,16.0,16.0,14.0,16.0,16.0,11.0,23.0,26.0,27.0,6.0,8.0,11.0,0.0,0.0,0.0,20.0,12.0,4.0,30.0,25.0,19.5,52.0,36.5,20.5,1027.5,1023.5,1020.0,16.0,16.0,16.0,23.0,6.0,0.0,-3.1622776601683795,-1.5811388300841898,0.7071067811865476,0.0,2.449489742783178,4.06201920231798,-14.230249470757707,-3.6742346141747673,6.324555320336759,-5.291502622129181,0.0,3.1622776601683795,0.0,0.0,0.0,-2.1213203435596424,-1.4142135623730951,0.0,-2.309401076758503,-1.2909944487358056,-1.632993161855452,-16.743157806499145,-6.027713773341708,3.7416573867739413,-15.209646062066446,-6.506407098647712,5.033222956847166,-2.581988897471611,2.309401076758503,3.872983346207417,0.0,1.1547005383792515,2.886751345948129,-1.8257418583505538,-2.0816659994661326,0.0
27,12,22.0,18.0,24.0,13.0,11.0,14.0,4.0,4.0,3.0,31.0,29.0,31.0,27.0,23.0,25.0,23.0,16.0,20.0,55.0,49.0,70.0,38.0,35.0,41.0,20.0,21.0,12.0,1023.0,1032.0,1027.0,1020.0,1027.0,1020.0,1018.0,1022.0,1016.0,16.0,16.0,16.0,16.0,16.0,16.0,16.0,16.0,16.0,23.0,23.0,26.0,6.0,6.0,8.0,0.0,0.0,0.0,20.0,12.5,5.0,31.0,23.5,19.0,50.0,34.5,18.5,1025.5,1023.0,1020.5,16.0,16.0,15.0,23.0,7.0,0.0,0.0,1.224744871391589,1.4142135623730951,1.4142135623730951,-4.06201920231798,-2.7386127875258306,-5.656854249492381,-4.47213595499958,-2.23606797749979,-5.291502622129181,-2.5495097567963922,2.1213203435596424,0.0,0.0,-1.4142135623730951,0.0,1.4142135623730951,0.0,-3.4641016151377544,-1.4142135623730951,1.2909944487358056,0.0,-3.5118845842842465,-3.2145502536643185,-12.974333637352377,-5.033222956847166,4.864839839775475,-3.2145502536643185,3.4641016151377544,3.872983346207417,0.0,0.0,-1.1547005383792515,-1.7320508075688772,0.0,0.0
28,12,18.0,22.0,18.0,12.0,13.0,11.0,6.0,4.0,4.0,31.0,31.0,29.0,20.0,27.0,23.0,15.0,23.0,16.0,45.0,55.0,49.0,31.0,38.0,35.0,17.0,20.0,21.0,1028.0,1023.0,1032.0,1026.0,1020.0,1027.0,1023.0,1018.0,1022.0,16.0,16.0,16.0,16.0,16.0,16.0,14.0,16.0,16.0,23.0,23.0,23.0,8.0,6.0,6.0,0.0,0.0,0.0,19.5,12.0,4.5,36.0,26.5,19.0,52.0,38.0,24.0,1026.5,1024.0,1021.0,16.0,16.0,15.0,21.0,5.5,0.0,-1.8708286933869707,-0.7071067811865476,-1.5811388300841898,7.0710678118654755,7.745966692414834,0.0,6.928203230275509,8.573214099741124,9.669539802906858,2.8284271247461903,3.1622776601683795,2.1213203435596424,0.0,0.0,0.0,-2.8284271247461903,-3.24037034920393,0.0,1.7320508075688772,1.0,-1.2909944487358056,5.887840577551898,6.733003292241386,4.041451884327381,6.6332495807108,7.211102550927978,7.874007874011811,-4.654746681256314,-3.1091263510296048,-1.5275252316519468,0.0,0.0,0.0,-2.309401076758503,-2.6457513110645907,0.0
29,15,21.0,18.0,22.0,12.0,12.0,13.0,3.0,6.0,4.0,41.0,31.0,31.0,33.0,20.0,27.0,23.0,15.0,23.0,59.0,45.0,55.0,45.0,31.0,38.0,31.0,17.0,20.0,1025.0,1028.0,1023.0,1022.0,1026.0,1020.0,1019.0,1023.0,1018.0,16.0,16.0,16.0,16.0,16.0,16.0,16.0,14.0,16.0,19.0,23.0,23.0,3.0,8.0,6.0,0.0,0.0,0.0,21.5,13.5,5.0,41.0,31.5,20.5,61.5,42.0,22.5,1026.5,1022.5,1019.5,16.0,16.0,16.0,16.5,4.0,0.0,2.23606797749979,2.1213203435596424,1.8708286933869707,7.0710678118654755,8.94427190999916,4.415880433163924,10.51189802081432,8.94427190999916,-6.819090848492928,0.0,-2.7386127875258306,-2.7386127875258306,0.0,0.0,1.4142135623730951,-4.527692569068709,-3.24037034920393,0.0,-1.4142135623730951,1.632993161855452,1.9148542155126762,5.773502691896258,6.082762530298219,-2.886751345948129,6.3508529610858835,6.082762530298219,-5.830951894845301,2.886751345948129,2.6457513110645907,1.8257418583505538,0.0,0.0,0.0,-3.696845502136472,-2.3804761428476167,0.0
30,18,22.0,21.0,18.0,15.0,12.0,12.0,7.0,3.0,6.0,41.0,41.0,31.0,30.0,33.0,20.0,18.0,23.0,15.0,64.0,59.0,45.0,39.0,45.0,31.0,14.0,31.0,17.0,1028.0,1025.0,1028.0,1023.0,1022.0,1026.0,1020.0,1019.0,1023.0,16.0,16.0,16.0,16.0,16.0,16.0,16.0,16.0,14.0,14.0,19.0,23.0,5.0,3.0,8.0,0.0,0.0,0.0,25.0,16.5,7.5,46.0,33.0,20.5,67.5,41.5,15.5,1024.5,1019.5,1015.5,16.0,16.0,16.0,20.0,6.5,0.0,4.301162633521313,3.0,2.9154759474226504,7.0710678118654755,3.6742346141747673,0.0,6.082762530298219,-2.345207879911715,-11.832159566199232,-4.47213595499958,-4.898979485566356,-6.324555320336759,0.0,0.0,0.0,7.713624310270756,2.5495097567963922,0.0,3.9157800414902435,2.449489742783178,1.632993161855452,8.16496580927726,8.082903768654761,4.618802153517006,9.486832980505138,7.852812659593164,-5.291502622129181,-4.041451884327381,-4.618802153517006,-5.656854249492381,0.0,0.0,1.1547005383792515,5.8594652770823155,-2.0,0.0
31,11,28.0,22.0,21.0,18.0,15.0,12.0,8.0,7.0,3.0,51.0,41.0,41.0,36.0,30.0,33.0,23.0,18.0,23.0,71.0,64.0,59.0,44.0,39.0,45.0,17.0,14.0,31.0,1021.0,1028.0,1025.0,1016.0,1023.0,1022.0,1011.0,1020.0,1019.0,16.0,16.0,16.0,16.0,16.0,16.0,16.0,16.0,16.0,26.0,14.0,19.0,8.0,5.0,3.0,0.0,0.0,0.0,22.5,14.5,5.5,39.5,29.5,21.0,65.0,41.5,18.0,1025.5,1021.0,1016.5,16.0,16.0,16.0,25.0,9.0,0.0,-6.519202405202649,-4.47213595499958,-3.4641016151377544,-14.64581851587681,-8.154753215150045,2.1213203435596424,-6.892024376045111,0.0,2.5495097567963922,4.0,5.049752469181039,4.47213595499958,0.0,0.0,0.0,8.366600265340756,2.5495097567963922,0.0,-5.291502622129181,-3.2145502536643185,-1.632993161855452,-11.958260743101398,-6.879922480183431,-2.309401076758503,-4.83045891539648,-3.4641016151377544,-9.591663046625438,3.696845502136472,4.163331998932265,3.696845502136472,0.0,0.0,0.0,6.191391873668904,2.3804761428476167,0.0
32,12,17.0,28.0,22.0,11.0,18.0,15.0,3.0,8.0,7.0,28.0,51.0,41.0,23.0,36.0,30.0,19.0,23.0,18.0,59.0,71.0,64.0,39.0,44.0,39.0,19.0,17.0,14.0,1030.0,1021.0,1028.0,1026.0,1016.0,1023.0,1022.0,1011.0,1020.0,16.0,16.0,16.0,16.0,16.0,16.0,16.0,16.0,16.0,24.0,26.0,14.0,10.0,8.0,5.0,0.0,0.0,0.0,19.0,11.5,3.0,33.5,25.0,21.5,64.5,42.0,19.0,1027.0,1023.0,1019.0,16.0,16.0,16.0,21.5,8.0,0.0,-7.245688373094719,-4.898979485566356,-3.5355339059327378,-14.2828568570857,-8.74642784226795,2.1213203435596424,-3.391164991562634,2.345207879911715,1.4142135623730951,4.743416490252569,5.656854249492381,6.519202405202649,0.0,0.0,0.0,-3.8078865529319543,-2.449489742783178,0.0,-4.795831523312719,-3.605551275463989,-2.8284271247461903,-10.132456102380443,-6.244997998398398,3.366501646120693,2.943920288775949,3.4641016151377544,2.0816659994661326,-1.1547005383792515,2.23606797749979,1.1547005383792515,0.0,0.0,0.0,6.191391873668904,-1.0,0.0
33,6,21.0,17.0,28.0,12.0,11.0,18.0,3.0,3.0,8.0,39.0,28.0,51.0,27.0,23.0,36.0,24.0,19.0,23.0,70.0,59.0,71.0,45.0,39.0,44.0,19.0,19.0,17.0,1024.0,1030.0,1021.0,1020.0,1026.0,1016.0,1016.0,1022.0,1011.0,16.0,16.0,16.0,16.0,16.0,16.0,16.0,16.0,16.0,19.0,24.0,26.0,6.0,10.0,8.0,0.0,0.0,0.0,17.0,9.0,0.0,40.5,28.0,22.0,74.0,54.5,34.5,1032.5,1026.0,1017.0,16.0,14.5,9.5,25.5,10.0,1.0,-4.898979485566356,-4.183300132670378,-4.242640687119285,8.06225774829855,3.1622776601683795,2.1213203435596424,9.617692030835672,14.089002803605371,21.920310216782973,11.247221879201993,7.3484692283495345,-4.0,0.0,-2.1213203435596424,-9.192388155425117,8.48528137423857,4.898979485566356,1.4142135623730951,-7.505553499465135,-5.291502622129181,-4.509249752822894,-11.532562594670797,-7.047458170621991,-1.5275252316519468,3.696845502136472,11.135528725660043,17.935068069752806,10.55146119422961,8.32666399786453,5.446711546122731,0.0,-1.7320508075688772,-7.505553499465135,6.831300510639732,4.163331998932265,1.1547005383792515
34,1,13.0,21.0,17.0,6.0,12.0,11.0,-3.0,3.0,3.0,42.0,39.0,28.0,29.0,27.0,23.0,20.0,24.0,19.0,78.0,70.0,59.0,64.0,45.0,39.0,50.0,19.0,19.0,1041.0,1024.0,1030.0,1032.0,1020.0,1026.0,1018.0,1016.0,1022.0,16.0,16.0,16.0,13.0,16.0,16.0,3.0,16.0,16.0,32.0,19.0,24.0,14.0,6.0,10.0,2.0,0.0,0.0,8.5,3.5,-3.0,32.0,23.0,15.0,79.5,62.0,44.5,1041.5,1034.5,1023.5,16.0,13.5,4.0,29.0,11.0,1.5,-8.514693182963201,-5.522680508593631,-4.242640687119285,-13.982131454109563,-8.366600265340756,-7.615773105863909,6.041522986797286,13.133925536563698,20.493901531919196,12.041594578792296,9.192388155425117,7.905694150420948,0.0,-2.0,-9.082951062292475,8.154753215150045,3.7416573867739413,1.224744871391589,-6.557438524302,-4.47213595499958,-3.4641016151377544,-9.486832980505138,-6.429100507328637,-5.507570547286102,8.04155872120988,11.269427669584644,16.73320053068151,9.201449161228174,6.658328118479393,5.446711546122731,0.0,-1.632993161855452,-7.416198487095663,6.0,2.0,1.0
35,9,4.0,13.0,21.0,1.0,6.0,12.0,-3.0,-3.0,3.0,22.0,42.0,39.0,17.0,29.0,27.0,10.0,20.0,24.0,81.0,78.0,70.0,60.0,64.0,45.0,39.0,50.0,19.0,1042.0,1041.0,1024.0,1037.0,1032.0,1020.0,1029.0,1018.0,1016.0,16.0,16.0,16.0,14.0,13.0,16.0,5.0,3.0,16.0,26.0,32.0,19.0,8.0,14.0,6.0,1.0,2.0,0.0,12.5,5.0,-3.0,30.0,22.0,16.0,83.0,56.5,29.5,1035.5,1029.5,1023.0,16.0,15.0,9.0,19.5,5.0,0.5,10.198039027185569,4.415880433163924,0.0,-8.48528137423857,-4.69041575982343,4.69041575982343,3.5355339059327378,-5.70087712549569,-15.524174696260024,-9.16515138991168,-10.0,-3.391164991562634,0.0,1.5811388300841898,5.830951894845301,-10.124228365658293,-6.0,-1.0,6.928203230275509,1.0,-3.4641016151377544,-6.708203932499369,-3.6514837167011076,3.0550504633038935,5.446711546122731,9.93310961716756,12.635927614016577,6.3508529610858835,-4.320493798938574,-2.516611478423583,0.0,-1.1547005383792515,-5.802298395176403,-3.4641016151377544,-1.632993161855452,0.816496580927726
36,16,21.0,4.0,13.0,9.0,1.0,6.0,-3.0,-3.0,-3.0,38.0,22.0,42.0,27.0,17.0,29.0,22.0,10.0,20.0,85.0,81.0,78.0,53.0,60.0,64.0,20.0,39.0,50.0,1029.0,1042.0,1041.0,1022.0,1037.0,1032.0,1017.0,1029.0,1018.0,16.0,16.0,16.0,16.0,14.0,13.0,13.0,5.0,3.0,13.0,26.0,32.0,2.0,8.0,14.0,0.0,1.0,2.0,22.5,12.5,1.5,41.5,33.0,27.5,80.5,52.5,23.5,1022.5,1016.0,1011.0,16.0,16.0,14.5,16.0,3.5,0.0,12.206555615733702,7.516648189186454,6.363961030678928,12.349089035228468,11.045361017187261,11.510864433221338,-5.70087712549569,-5.0,-12.489995996796797,-13.0,-13.583077707206124,-12.0,0.0,1.4142135623730951,6.041522986797286,-8.154753215150045,-3.6742346141747673,-0.7071067811865476,8.504900548115382,5.41602560309064,5.196152422706632,-5.627314338711377,5.773502691896258,7.416198487095663,-4.320493798938574,-4.69041575982343,-12.013880860626733,-10.598742063723098,-10.708252269472673,-7.461009761866464,0.0,1.2909944487358056,5.066228051190222,-7.505553499465135,-4.58257569495584,-0.816496580927726
37,8,24.0,21.0,4.0,16.0,9.0,1.0,6.0,-3.0,-3.0,45.0,38.0,22.0,39.0,27.0,17.0,33.0,22.0,10.0,76.0,85.0,81.0,52.0,53.0,60.0,27.0,20.0,39.0,1016.0,1029.0,1042.0,1010.0,1022.0,1037.0,1005.0,1017.0,1029.0,16.0,16.0,16.0,16.0,16.0,14.0,16.0,13.0,5.0,19.0,13.0,26.0,5.0,2.0,8.0,0.0,0.0,1.0,20.0,12.0,3.5,44.0,31.0,19.0,71.0,48.0,24.0,1020.5,1014.5,1007.0,16.0,16.0,16.0,26.5,9.5,0.5,-5.244044240850758,-2.7386127875258306,5.291502622129181,4.743416490252569,-7.483314773547883,-18.207141456033124,-9.513148795220223,-5.70087712549569,2.5495097567963922,-6.6332495807108,-5.612486080160912,-8.0,0.0,0.0,2.1213203435596424,11.423659658795863,6.708203932499369,0.7071067811865476,8.831760866327848,4.041451884327381,4.320493798938574,10.016652800877813,-2.0,-13.152946437965905,-7.416198487095663,-6.164414002968976,-10.770329614269007,-9.255628917943215,-9.797958971132712,-9.521904571390467,0.0,1.1547005383792515,4.932882862316247,5.5377492419453835,4.242640687119285,0.0
38,1,16.0,24.0,21.0,8.0,16.0,9.0,1.0,6.0,-3.0,43.0,45.0,38.0,23.0,39.0,27.0,5.0,33.0,22.0,66.0,76.0,85.0,44.0,52.0,53.0,21.0,27.0,20.0,1025.0,1016.0,1029.0,1019.0,1010.0,1022.0,1009.0,1005.0,1017.0,16.0,16.0,16.0,16.0,16.0,16.0,16.0,16.0,13.0,34.0,19.0,13.0,14.0,5.0,2.0,1.0,0.0,0.0,10.0,4.5,-1.0,31.0,18.5,6.0,67.5,46.0,24.0,1029.0,1024.0,1017.0,16.0,16.0,16.0,29.0,12.0,1.0,-10.198039027185569,-7.516648189186454,-4.527692569068709,-17.029386365926403,-12.98075498574717,-19.748417658131498,-6.745368781616021,-4.898979485566356,0.0,8.514693182963201,9.513148795220223,11.661903789690601,0.0,0.0,0.0,7.905694150420948,5.70087712549569,0.7071067811865476,-8.144527815247077,-4.618802153517006,3.6514837167011076,-13.30413469565007,-8.020806277010642,-14.82115605027714,-7.571877794400365,-4.041451884327381,4.041451884327381,-2.8284271247461903,3.5118845842842465,6.531972647421808,0.0,0.0,1.7320508075688772,7.32575365861197,4.96655480858378,0.5773502691896257
39,3,4.0,16.0,24.0,1.0,8.0,16.0,-3.0,1.0,6.0,19.0,43.0,45.0,14.0,23.0,39.0,7.0,5.0,33.0,69.0,66.0,76.0,48.0,44.0,52.0,27.0,21.0,27.0,1033.0,1025.0,1016.0,1029.0,1019.0,1010.0,1025.0,1009.0,1005.0,16.0,16.0,16.0,16.0,16.0,16.0,16.0,16.0,16.0,24.0,34.0,19.0,10.0,14.0,5.0,1.0,1.0,0.0,6.5,2.0,-3.0,19.0,13.5,8.0,66.0,45.0,24.0,1033.5,1029.5,1025.5,16.0,16.0,16.0,24.0,9.0,0.5,-7.713624310270756,-4.743416490252569,-2.8284271247461903,-16.97056274847714,-6.4031242374328485,2.0,-3.6742346141747673,-3.1622776601683795,0.0,5.70087712549569,7.106335201775948,11.335784048754634,0.0,0.0,0.0,-7.0710678118654755,-3.1622776601683795,-0.7071067811865476,-7.810249675906654,-6.027713773341708,-3.696845502136472,-13.90443574307614,-10.614455552060438,-16.08311744241976,-6.506407098647712,-5.291502622129181,-3.4641016151377544,6.97614984548545,7.788880963698615,9.539392014169456,0.0,0.0,0.0,6.454972243679028,4.509249752822894,0.0
40,9,9.0,4.0,16.0,3.0,1.0,8.0,-3.0,-3.0,1.0,19.0,19.0,43.0,13.0,14.0,23.0,9.0,7.0,5.0,63.0,69.0,66.0,42.0,48.0,44.0,21.0,27.0,21.0,1034.0,1033.0,1025.0,1030.0,1029.0,1019.0,1026.0,1025.0,1009.0,16.0,16.0,16.0,16.0,16.0,16.0,16.0,16.0,16.0,24.0,24.0,34.0,8.0,10.0,14.0,0.0,1.0,1.0,13.5,6.0,-2.0,35.0,24.5,14.5,71.5,53.0,34.5,1029.5,1024.0,1019.5,16.0,16.0,16.0,24.0,9.5,0.0,7.280109889280518,4.47213595499958,1.4142135623730951,22.627416997969522,16.24807680927192,7.905694150420948,11.247221879201993,14.966629547095765,18.614510468986285,-6.324555320336759,-8.455767262643882,-9.16515138991168,0.0,0.0,0.0,0.0,1.5811388300841898,-0.7071067811865476,-3.559026084010437,-1.7320508075688772,-2.0,12.220201853215574,12.206555615733702,6.557438524302,9.345230512584124,12.436505404118419,15.588457268119896,-2.309401076758503,-3.7859388972001824,5.41602560309064,0.0,0.0,0.0,-5.773502691896258,-1.9148542155126762,-0.5773502691896257
41,20,18.0,9.0,4.0,9.0,3.0,1.0,-1.0,-3.0,-3.0,51.0,19.0,19.0,36.0,13.0,14.0,20.0,9.0,7.0,80.0,63.0,69.0,64.0,42.0,48.0,48.0,21.0,27.0,1025.0,1034.0,1033.0,1018.0,1030.0,1029.0,1013.0,1026.0,1025.0,16.0,16.0,16.0,16.0,16.0,16.0,16.0,16.0,16.0,24.0,24.0,24.0,11.0,8.0,10.0,0.0,0.0,1.0,22.5,14.5,6.0,55.0,45.0,35.5,83.0,64.0,45.0,1020.0,1015.0,1011.0,16.0,16.0,15.0,23.5,12.5,0.0,9.0,8.860022573334675,10.0,23.323807579381203,20.65187642806338,23.259406699226016,12.747548783981962,15.556349186104045,18.614510468986285,-9.513148795220223,-9.486832980505138,-9.617692030835672,0.0,0.0,-1.4142135623730951,-0.7071067811865476,3.0,0.0,7.895146188218008,7.32575365861197,8.16496580927726,19.043809142780933,16.852299546352718,19.026297590440446,9.814954576223638,12.220201853215574,14.798648586948742,-7.745966692414834,-7.724420150837645,-7.831560082980487,0.0,0.0,-1.1547005383792515,-0.5773502691896257,2.160246899469287,-0.5773502691896257
42,19,27.0,18.0,9.0,20.0,9.0,3.0,13.0,-1.0,-3.0,59.0,51.0,19.0,54.0,36.0,13.0,51.0,20.0,9.0,86.0,80.0,63.0,64.0,64.0,42.0,42.0,48.0,21.0,1015.0,1025.0,1034.0,1012.0,1018.0,1030.0,1009.0,1013.0,1026.0,16.0,16.0,16.0,16.0,16.0,16.0,14.0,16.0,16.0,23.0,24.0,24.0,14.0,11.0,8.0,0.0,0.0,0.0,25.5,19.5,13.0,60.5,56.5,46.0,83.5,67.5,51.0,1014.0,1010.5,1008.0,16.0,16.0,14.0,23.0,12.0,0.0,6.0,7.745966692414834,9.899494936611665,6.041522986797286,13.209844813622906,20.74849392124643,2.345207879911715,4.949747468305833,12.0,-7.211102550927978,-4.743416490252569,-3.1622776601683795,0.0,0.0,-1.4142135623730951,-0.7071067811865476,-1.8708286933869707,0.0,7.14142842854285,7.211102550927978,8.16496580927726,19.122412679017955,17.107503227141788,18.092355660149213,10.0,13.32916601542147,18.411952639521967,-7.852812659593164,-7.937253933193772,-7.937253933193772,0.0,0.0,-1.1547005383792515,-0.5773502691896257,0.816496580927726,0.0
43,7,24.0,27.0,18.0,19.0,20.0,9.0,13.0,13.0,-1.0,62.0,59.0,51.0,59.0,54.0,36.0,41.0,51.0,20.0,81.0,86.0,80.0,71.0,64.0,64.0,60.0,42.0,48.0,1013.0,1015.0,1025.0,1009.0,1012.0,1018.0,1007.0,1009.0,1013.0,16.0,16.0,16.0,16.0,16.0,16.0,14.0,14.0,16.0,23.0,23.0,24.0,10.0,14.0,11.0,0.0,0.0,0.0,18.5,13.0,7.5,51.0,46.0,34.0,80.0,70.0,59.5,1019.0,1014.0,1010.0,16.0,14.5,10.0,26.0,14.0,0.5,-8.06225774829855,-8.514693182963201,-7.7781745930520225,-15.411035007422441,-18.041618552668716,-12.165525060596439,-3.8078865529319543,4.743416490252569,12.708265027138834,8.366600265340756,6.745368781616021,4.0,0.0,-2.1213203435596424,-5.656854249492381,4.242640687119285,4.898979485566356,0.7071067811865476,-4.041451884327381,-2.8284271247461903,5.0,-11.704699910719626,-10.44030650891055,14.888474289418197,1.5275252316519468,3.872983346207417,9.780933834080807,3.6514837167011076,4.281744192888376,2.309401076758503,0.0,-1.7320508075688772,-4.760952285695233,3.415650255319866,4.358898943540674,0.5773502691896257
44,4,13.0,24.0,27.0,7.0,19.0,20.0,2.0,13.0,13.0,40.0,62.0,59.0,33.0,59.0,54.0,27.0,41.0,51.0,79.0,81.0,86.0,69.0,71.0,64.0,59.0,60.0,42.0,1025.0,1013.0,1015.0,1019.0,1009.0,1012.0,1013.0,1007.0,1009.0,16.0,16.0,16.0,13.0,16.0,16.0,6.0,14.0,14.0,29.0,23.0,23.0,18.0,10.0,14.0,1.0,0.0,0.0,10.5,5.5,1.5,39.0,33.0,27.5,80.5,71.5,62.0,1025.0,1020.5,1014.0,16.0,11.5,5.5,25.0,14.0,0.5,-8.54400374531753,-8.74642784226795,-7.810249675906654,-15.620499351813308,-18.384776310850235,-9.874208829065749,1.5811388300841898,3.24037034920393,4.183300132670378,8.48528137423857,7.3824115301167,4.47213595499958,0.0,-3.0,-5.70087712549569,-3.7416573867739413,0.0,0.0,-7.187952884282608,-7.164728420068226,-6.377042156569663,-12.635927614016577,-14.730919862656235,-9.91631652042901,-2.581988897471611,4.83045891539648,10.939226054281294,6.831300510639732,5.773502691896258,3.4641016151377544,0.0,-2.449489742783178,-4.654746681256314,-3.0550504633038935,-2.309401076758503,0.0
45,12,8.0,13.0,24.0,4.0,7.0,19.0,1.0,2.0,13.0,38.0,40.0,62.0,33.0,33.0,59.0,28.0,27.0,41.0,82.0,79.0,81.0,74.0,69.0,71.0,65.0,59.0,60.0,1025.0,1025.0,1013.0,1022.0,1019.0,1009.0,1015.0,1013.0,1007.0,16.0,16.0,16.0,10.0,13.0,16.0,5.0,6.0,14.0,21.0,29.0,23.0,10.0,18.0,10.0,0.0,1.0,0.0,13.0,8.0,3.5,41.5,37.0,33.5,85.5,71.0,55.5,1022.5,1018.0,1013.5,16.0,10.0,4.0,18.5,6.5,2.0,6.123724356957945,5.244044240850758,3.4641016151377544,4.743416490252569,5.656854249492381,7.810249675906654,5.385164807134504,-2.345207879911715,-12.747548783981962,-3.5355339059327378,-5.244044240850758,-1.5811388300841898,0.0,-2.1213203435596424,-1.5811388300841898,-6.670832032063167,-7.516648189186454,2.7386127875258306,-3.9157800414902435,-5.446711546122731,-5.686240703077327,-12.096831541082704,-14.2828568570857,-4.96655480858378,4.242640687119285,-2.23606797749979,-10.424330514074594,6.298147875897061,3.872983346207417,3.2145502536643185,0.0,-2.449489742783178,-4.795831523312719,-4.203173404306164,-4.041451884327381,2.309401076758503
46,4,18.0,8.0,13.0,12.0,4.0,7.0,6.0,1.0,2.0,45.0,38.0,40.0,41.0,33.0,33.0,39.0,28.0,27.0,89.0,82.0,79.0,68.0,74.0,69.0,46.0,65.0,59.0,1020.0,1025.0,1025.0,1014.0,1022.0,1019.0,1012.0,1015.0,1013.0,16.0,16.0,16.0,10.0,10.0,13.0,3.0,5.0,6.0,16.0,21.0,29.0,3.0,10.0,18.0,4.0,0.0,1.0,13.5,8.0,2.5,43.5,33.5,27.5,84.5,64.0,42.5,1026.5,1021.0,1016.0,16.0,13.0,9.5,21.0,9.5,2.0,3.082207001484488,0.0,-3.4641016151377544,4.47213595499958,-8.972179222463181,-14.2828568570857,-4.0,-7.0710678118654755,-14.317821063276353,8.48528137423857,8.12403840463596,5.244044240850758,0.0,4.242640687119285,9.082951062292475,6.123724356957945,7.745966692414834,0.0,-1.4142135623730951,-1.7320508075688772,-2.886751345948129,3.4641016151377544,-7.32575365861197,-11.647603473104098,-2.7688746209726918,-5.0,-11.16542281629615,6.928203230275509,6.855654600401044,4.43471156521669,0.0,3.0,7.393691004272944,1.9148542155126762,4.320493798938574,-0.5773502691896257
47,-2,9.0,18.0,8.0,4.0,12.0,4.0,-1.0,6.0,1.0,42.0,45.0,38.0,26.0,41.0,33.0,16.0,39.0,28.0,80.0,89.0,82.0,60.0,68.0,74.0,39.0,46.0,65.0,1033.0,1020.0,1025.0,1028.0,1014.0,1022.0,1020.0,1012.0,1015.0,16.0,16.0,16.0,16.0,10.0,10.0,16.0,3.0,5.0,26.0,16.0,21.0,16.0,3.0,10.0,0.0,4.0,0.0,4.5,1.0,-2.0,29.5,20.5,14.5,69.0,57.0,44.0,1034.0,1030.0,1025.0,16.0,16.0,16.0,25.0,14.5,0.0,-9.0,-7.0710678118654755,-5.1478150704935,-17.804493814764857,-13.152946437965905,-16.401219466856727,-16.80773631397161,-7.0710678118654755,5.049752469181039,9.300537618869138,10.295630140987,9.055385138137417,0.0,4.242640687119285,9.192388155425117,6.928203230275509,8.94427190999916,-2.8284271247461903,-4.546060565661952,-3.4641016151377544,-3.0550504633038935,-13.96424004376894,-9.695359714832659,-11.789826122551595,-13.114877048604,-6.733003292241386,-10.16530045465127,7.023769168568493,7.023769168568493,7.187952884282608,0.0,3.4641016151377544,7.416198487095663,4.864839839775475,6.082762530298219,0.0
48,1,0.0,9.0,18.0,-2.0,4.0,12.0,-3.0,-1.0,6.0,17.0,42.0,45.0,15.0,26.0,41.0,13.0,16.0,39.0,58.0,80.0,89.0,54.0,60.0,68.0,49.0,39.0,46.0,1035.0,1033.0,1020.0,1032.0,1028.0,1014.0,1030.0,1020.0,1012.0,16.0,16.0,16.0,16.0,16.0,10.0,16.0,16.0,3.0,24.0,26.0,16.0,13.0,16.0,3.0,0.0,0.0,4.0,1.5,-0.5,-2.5,23.0,19.5,15.0,68.0,61.0,53.5,1032.5,1029.5,1027.0,16.0,13.5,9.5,18.5,9.0,0.0,-6.0,-3.6742346141747673,-1.224744871391589,-15.508062419270823,-4.47213595499958,1.8708286933869707,-6.48074069840786,8.94427190999916,9.513148795220223,-3.24037034920393,-2.1213203435596424,5.656854249492381,0.0,-3.5355339059327378,-9.192388155425117,-7.905694150420948,-6.041522986797286,0.0,-7.14142842854285,-5.507570547286102,-4.163331998932265,-12.780193008453876,-9.39858145324779,-13.19090595827292,-7.416198487095663,5.656854249492381,6.6332495807108,7.023769168568493,7.895146188218008,6.531972647421808,0.0,1.9148542155126762,0.0,-2.886751345948129,5.656854249492381,-2.309401076758503
49,11,3.0,0.0,9.0,1.0,-2.0,4.0,-2.0,-3.0,-1.0,29.0,17.0,42.0,24.0,15.0,26.0,17.0,13.0,16.0,78.0,58.0,80.0,68.0,54.0,60.0,58.0,49.0,39.0,1030.0,1035.0,1033.0,1027.0,1032.0,1028.0,1024.0,1030.0,1020.0,16.0,16.0,16.0,11.0,16.0,16.0,3.0,16.0,16.0,13.0,24.0,26.0,5.0,13.0,16.0,0.0,0.0,0.0,10.5,6.0,0.5,35.5,30.0,23.0,81.5,65.5,49.0,1027.5,1024.5,1020.5,16.0,11.0,4.0,18.0,6.5,0.0,10.816653826391969,7.3824115301167,3.605551275463989,12.509996003196804,10.606601717798213,8.94427190999916,14.983324063771697,9.246621004453464,-11.022703842524301,-5.0,-5.0,-6.519202405202649,0.0,-3.5355339059327378,-9.082951062292475,-3.24037034920393,-5.244044240850758,0.0,7.14142842854285,4.932882862316247,2.70801280154532,-10.198039027185569,5.887840577551898,7.094598884597588,-3.415650255319866,6.708203932499369,-6.904105059069326,-3.9157800414902435,-3.366501646120693,2.23606797749979,0.0,-2.886751345948129,-7.416198487095663,-2.886751345948129,-4.618802153517006,0.0
50,15,18.0,3.0,0.0,11.0,1.0,-2.0,3.0,-2.0,-3.0,42.0,29.0,17.0,36.0,24.0,15.0,29.0,17.0,13.0,85.0,78.0,58.0,63.0,68.0,54.0,40.0,58.0,49.0,1025.0,1030.0,1035.0,1022.0,1027.0,1032.0,1017.0,1024.0,1030.0,16.0,16.0,16.0,11.0,11.0,16.0,5.0,3.0,16.0,23.0,13.0,24.0,8.0,5.0,13.0,0.0,0.0,0.0,21.0,13.0,4.0,47.5,40.5,33.5,90.5,66.5,42.0,1022.5,1020.0,1015.5,16.0,9.5,2.5,22.0,7.0,0.0,11.423659658795863,7.615773105863909,3.8078865529319543,12.041594578792296,10.606601717798213,10.606601717798213,9.219544457292887,3.4641016151377544,-12.409673645990857,-5.0,-4.527692569068709,-5.385164807134504,0.0,-2.1213203435596424,-3.24037034920393,6.928203230275509,1.5811388300841898,0.0,9.486832980505138,6.454972243679028,3.1622776601683795,12.027745701779143,10.099504938362077,8.962886439832502,13.784048752090222,8.563488385776752,-8.698658900466592,-5.0,-4.69041575982343,-5.597618541248888,0.0,-3.366501646120693,-7.958224257542215,-2.886751345948129,-4.43471156521669,0.0
51,9,24.0,18.0,3.0,15.0,11.0,1.0,5.0,3.0,-2.0,53.0,42.0,29.0,45.0,36.0,24.0,38.0,29.0,17.0,96.0,85.0,78.0,70.0,63.0,68.0,44.0,40.0,58.0,1020.0,1025.0,1030.0,1018.0,1022.0,1027.0,1014.0,1017.0,1024.0,16.0,16.0,16.0,8.0,11.0,11.0,0.0,5.0,3.0,21.0,23.0,13.0,6.0,8.0,5.0,0.0,0.0,0.0,20.0,12.0,3.5,51.0,40.5,34.0,89.0,72.0,55.0,1022.0,1019.5,1015.5,16.0,10.5,3.0,22.5,10.0,0.0,-3.7416573867739413,-3.1622776601683795,-1.5811388300841898,7.245688373094719,0.0,2.9154759474226504,-6.123724356957945,5.70087712549569,15.811388300841896,-2.1213203435596424,-1.8708286933869707,0.0,0.0,2.8284271247461903,2.345207879911715,1.5811388300841898,5.477225575051661,0.0,8.103497187428813,5.163977794943222,2.581988897471611,9.556847457887633,6.928203230275509,7.32575365861197,-2.943920288775949,3.6514837167011076,7.659416862050705,-3.366501646120693,-3.265986323710904,-4.041451884327381,0.0,2.309401076758503,2.23606797749979,5.916079783099616,4.795831523312719,0.0
52,2,16.0,24.0,18.0,9.0,15.0,11.0,2.0,5.0,3.0,49.0,53.0,42.0,36.0,45.0,36.0,30.0,38.0,29.0,82.0,96.0,85.0,74.0,70.0,63.0,66.0,44.0,40.0,1024.0,1020.0,1025.0,1021.0,1018.0,1022.0,1017.0,1014.0,1017.0,16.0,16.0,16.0,13.0,8.0,11.0,6.0,0.0,5.0,24.0,21.0,23.0,14.0,6.0,8.0,0.0,0.0,0.0,9.0,5.5,1.5,40.0,32.5,28.5,85.5,77.0,68.0,1025.0,1022.5,1019.5,15.0,10.5,4.0,24.0,14.0,1.5,-11.40175425099138,-6.519202405202649,-2.23606797749979,-13.038404810405298,-8.06225774829855,-6.041522986797286,-8.573214099741124,5.0990195135927845,15.811388300841896,3.1622776601683795,3.0,4.123105625617661,-1.4142135623730951,0.0,3.1622776601683795,2.1213203435596424,5.656854249492381,2.1213203435596424,-8.640987597877148,-4.795831523312719,-1.4142135623730951,-8.54400374531753,-4.041451884327381,1.632993161855452,-2.943920288775949,5.802298395176403,13.114877048604,-1.2909944487358056,0.816496580927726,2.886751345948129,-1.1547005383792515,-1.7320508075688772,-1.2909944487358056,1.2909944487358056,4.47213595499958,1.7320508075688772
53,7,2.0,16.0,24.0,2.0,9.0,15.0,1.0,2.0,5.0,31.0,49.0,53.0,29.0,36.0,45.0,27.0,30.0,38.0,89.0,82.0,96.0,80.0,74.0,70.0,70.0,66.0,44.0,1026.0,1024.0,1020.0,1024.0,1021.0,1018.0,1022.0,1017.0,1014.0,14.0,16.0,16.0,8.0,13.0,8.0,2.0,6.0,0.0,24.0,24.0,21.0,14.0,14.0,6.0,3.0,0.0,0.0,8.0,4.5,1.0,32.5,29.0,27.0,82.0,68.5,54.0,1025.5,1023.0,1020.5,15.0,11.0,6.5,23.5,11.0,1.5,-5.0990195135927845,-3.4641016151377544,-0.7071067811865476,-12.549900398011133,-4.949747468305833,-2.1213203435596424,-8.573214099741124,-15.700318468107582,-22.44994432064365,1.224744871391589,1.5811388300841898,2.8284271247461903,0.0,2.345207879911715,5.70087712549569,-0.7071067811865476,-4.242640687119285,0.0,-6.2182527020592095,-4.47213595499958,-1.8257418583505538,-10.503967504392486,-6.582805886043833,-4.932882862316247,-10.692676621563626,-12.609520212918492,-13.21615173439934,2.516611478423583,2.160246899469287,2.886751345948129,0.0,3.4641016151377544,5.802298395176403,1.632993161855452,3.0550504633038935,0.0
54,11,14.0,2.0,16.0,7.0,2.0,9.0,1.0,1.0,2.0,34.0,31.0,49.0,29.0,29.0,36.0,27.0,27.0,30.0,75.0,89.0,82.0,57.0,80.0,74.0,38.0,70.0,66.0,1025.0,1026.0,1024.0,1022.0,1024.0,1021.0,1019.0,1022.0,1017.0,16.0,14.0,16.0,14.0,8.0,13.0,11.0,2.0,6.0,23.0,24.0,24.0,8.0,14.0,14.0,0.0,3.0,0.0,17.5,9.0,0.5,36.0,31.5,27.5,80.0,57.5,34.0,1022.5,1019.5,1016.5,16.0,15.0,13.5,19.5,7.0,0.0,9.82344135219425,4.527692569068709,-0.7071067811865476,3.5355339059327378,3.5355339059327378,0.7071067811865476,-6.928203230275509,-16.24807680927192,-23.323807579381203,-3.605551275463989,-3.8078865529319543,-4.123105625617661,1.4142135623730951,4.47213595499958,7.280109889280518,-5.0,-4.47213595499958,-2.1213203435596424,-1.0,-1.632993161855452,-0.816496580927726,-9.983319421247959,-2.8284271247461903,-1.632993161855452,-3.958114029012639,-12.806248474865697,-18.90326250501043,-2.70801280154532,-2.581988897471611,-1.7320508075688772,0.0,2.23606797749979,5.477225575051661,-4.08248290463863,-3.6514837167011076,0.0
55,19,21.0,14.0,2.0,11.0,7.0,2.0,0.0,1.0,1.0,38.0,34.0,31.0,34.0,29.0,29.0,28.0,27.0,27.0,85.0,75.0,89.0,58.0,57.0,80.0,30.0,38.0,70.0,1020.0,1025.0,1026.0,1017.0,1022.0,1024.0,1014.0,1019.0,1022.0,16.0,16.0,14.0,16.0,14.0,8.0,16.0,11.0,2.0,16.0,23.0,24.0,6.0,8.0,14.0,0.0,0.0,3.0,25.5,15.0,4.0,43.0,35.5,25.0,85.5,54.5,22.5,1019.5,1015.5,1012.5,16.0,16.0,14.5,22.5,8.0,0.0,8.06225774829855,6.324555320336759,5.612486080160912,7.615773105863909,4.123105625617661,-4.183300132670378,7.106335201775948,-4.898979485566356,-12.020815280171307,-3.605551275463989,-4.123105625617661,-4.123105625617661,0.0,1.4142135623730951,2.8284271247461903,7.745966692414834,2.449489742783178,0.0,9.556847457887633,5.916079783099616,4.58257569495584,6.454972243679028,3.366501646120693,-3.415650255319866,-5.627314338711377,-13.868429375143148,-20.92048437935094,-3.0,-3.559026084010437,-3.7859388972001824,1.1547005383792515,3.6514837167011076,5.686240703077327,6.298147875897061,-2.8284271247461903,-1.7320508075688772
56,15,30.0,21.0,14.0,19.0,11.0,7.0,8.0,0.0,1.0,48.0,38.0,34.0,37.0,34.0,29.0,22.0,28.0,27.0,86.0,85.0,75.0,51.0,58.0,57.0,15.0,30.0,38.0,1019.0,1020.0,1025.0,1014.0,1017.0,1022.0,1011.0,1014.0,1019.0,16.0,16.0,16.0,16.0,16.0,14.0,13.0,16.0,11.0,29.0,16.0,23.0,10.0,6.0,8.0,0.0,0.0,0.0,27.0,17.0,7.0,50.0,36.0,22.0,75.0,47.0,18.5,1020.5,1016.5,1013.5,16.0,16.0,14.5,26.5,9.0,0.0,4.743416490252569,4.898979485566356,5.477225575051661,7.615773105863909,1.5811388300841898,-4.242640687119285,-15.540270267920054,-7.516648189186454,-9.38083151964686,2.0,2.8284271247461903,2.8284271247461903,0.0,0.0,0.0,8.48528137423857,2.449489742783178,0.0,5.597618541248888,4.618802153517006,4.43471156521669,6.6332495807108,3.1622776601683795,-3.415650255319866,-11.298967504452195,-6.110100926607787,-8.94427190999916,-2.3804761428476167,-1.7320508075688772,-1.7320508075688772,0.0,1.1547005383792515,2.886751345948129,5.627314338711377,1.632993161855452,0.0
57,20,24.0,30.0,21.0,15.0,19.0,11.0,6.0,8.0,0.0,52.0,48.0,38.0,35.0,37.0,34.0,22.0,22.0,28.0,64.0,86.0,85.0,43.0,51.0,58.0,22.0,15.0,30.0,1022.0,1019.0,1020.0,1019.0,1014.0,1017.0,1016.0,1011.0,1014.0,16.0,16.0,16.0,16.0,16.0,16.0,16.0,13.0,16.0,24.0,29.0,16.0,8.0,10.0,6.0,0.0,0.0,0.0,24.0,17.5,10.5,56.5,46.0,37.5,77.0,58.5,39.5,1020.5,1017.5,1015.0,16.0,12.0,8.0,22.5,8.0,0.0,-4.242640687119285,2.1213203435596424,6.2048368229954285,6.96419413859206,15.491933384829668,21.920310216782973,9.797958971132712,21.17781858454737,25.238858928247925,0.0,2.8284271247461903,3.24037034920393,0.0,-5.656854249492381,-11.113055385446435,-4.123105625617661,-1.4142135623730951,0.0,3.872983346207417,4.932882862316247,6.855654600401044,8.103497187428813,12.767145334803704,17.55942292142123,8.020806277010642,16.812693617224657,18.699376103674332,-0.5773502691896257,1.5275252316519468,2.0,0.0,-4.618802153517006,-9.237604307034012,6.708203932499369,2.0,0.0
58,21,24.0,24.0,30.0,20.0,15.0,19.0,15.0,6.0,8.0,61.0,52.0,48.0,57.0,35.0,37.0,53.0,22.0,22.0,90.0,64.0,86.0,74.0,43.0,51.0,57.0,22.0,15.0,1019.0,1022.0,1019.0,1016.0,1019.0,1014.0,1014.0,1016.0,1011.0,16.0,16.0,16.0,8.0,16.0,16.0,0.0,16.0,13.0,21.0,24.0,29.0,8.0,8.0,10.0,0.0,0.0,0.0,25.5,20.5,14.5,61.5,53.5,41.0,88.5,63.0,37.0,1019.5,1016.5,1013.5,16.0,10.5,1.5,22.5,8.0,0.0,2.1213203435596424,3.605551275463989,6.324555320336759,6.4031242374328485,14.747881203752625,13.874436925511608,18.261982367749674,15.443445211480501,-13.693063937629153,-2.0,-2.0,-1.5811388300841898,0.0,-4.415880433163924,-11.113055385446435,0.0,0.0,0.0,-3.0,1.8257418583505538,5.033222956847166,5.715476066494082,11.986103064243467,11.32843031197762,7.810249675906654,11.73314393786536,-10.424330514074594,0.5773502691896257,2.3804761428476167,2.581988897471611,0.0,-3.605551275463989,-8.906926143924924,-2.886751345948129,-1.1547005383792515,0.0
59,21,27.0,24.0,24.0,21.0,20.0,15.0,14.0,15.0,6.0,62.0,61.0,52.0,50.0,57.0,35.0,29.0,53.0,22.0,87.0,90.0,64.0,52.0,74.0,43.0,17.0,57.0,22.0,1020.0,1019.0,1022.0,1017.0,1016.0,1019.0,1013.0,1014.0,1016.0,16.0,16.0,16.0,13.0,8.0,16.0,3.0,0.0,16.0,24.0,21.0,24.0,8.0,8.0,8.0,0.0,0.0,0.0,27.5,21.0,13.5,62.5,51.5,30.5,82.5,53.5,24.5,1019.5,1016.5,1012.5,16.0,14.5,8.5,22.5,7.0,0.0,2.23606797749979,0.7071067811865476,-1.0,1.0,-4.47213595499958,-16.837458240482736,-6.708203932499369,-15.411035007422441,-26.22022120425379,0.0,0.0,-1.0,0.0,4.123105625617661,8.06225774829855,0.0,-1.4142135623730951,0.0,1.8257418583505538,2.943920288775949,5.131601439446884,5.259911279353167,12.165525060596439,11.460075625114056,13.976170195491086,12.727922061357855,-7.0710678118654755,-1.7320508075688772,-1.7320508075688772,-1.4142135623730951,0.0,-3.1622776601683795,-6.48074069840786,-1.7320508075688772,-1.1547005383792515,0.0
60,23,28.0,27.0,24.0,21.0,21.0,20.0,13.0,14.0,15.0,63.0,62.0,61.0,53.0,50.0,57.0,32.0,29.0,53.0,78.0,87.0,90.0,55.0,52.0,74.0,32.0,17.0,57.0,1019.0,1020.0,1019.0,1016.0,1017.0,1016.0,1012.0,1013.0,1014.0,16.0,16.0,16.0,16.0,13.0,8.0,14.0,3.0,0.0,21.0,24.0,21.0,6.0,8.0,8.0,0.0,0.0,0.0,28.0,22.0,15.0,62.5,56.5,45.5,85.5,62.5,39.5,1016.5,1013.5,1009.0,16.0,15.0,8.5,22.5,8.5,0.0,0.7071067811865476,1.4142135623730951,2.7386127875258306,0.0,5.385164807134504,19.209372712298546,8.48528137423857,10.816653826391969,15.0,-3.605551275463989,-3.605551275463989,-4.301162633521313,0.0,1.5811388300841898,0.0,0.0,3.24037034920393,0.0,1.8257418583505538,1.2909944487358056,2.160246899469287,0.5773502691896257,1.7320508075688772,7.3484692283495345,6.708203932499369,-9.128709291752768,-19.578900207451216,-2.886751345948129,-2.886751345948129,-3.559026084010437,0.0,3.1622776601683795,1.7320508075688772,1.7320508075688772,2.6457513110645907,0.0
61,21,28.0,28.0,27.0,23.0,21.0,21.0,17.0,13.0,14.0,62.0,63.0,62.0,60.0,53.0,50.0,59.0,32.0,29.0,93.0,78.0,87.0,70.0,55.0,52.0,47.0,32.0,17.0,1014.0,1019.0,1020.0,1011.0,1016.0,1017.0,1006.0,1012.0,1013.0,16.0,16.0,16.0,14.0,16.0,13.0,3.0,14.0,3.0,24.0,21.0,24.0,11.0,6.0,8.0,0.0,0.0,0.0,28.0,22.0,15.5,63.0,55.0,43.0,87.0,59.0,31.0,1016.5,1011.0,1006.0,16.0,14.0,7.0,25.0,12.0,0.0,0.0,0.0,1.8708286933869707,1.224744871391589,-5.049752469181039,-12.144957801491119,6.363961030678928,-11.379806676741042,-19.987496091306685,0.0,-3.5355339059327378,-4.242640687119285,0.0,-1.4142135623730951,-5.338539126015656,2.5495097567963922,3.8078865529319543,0.0,0.5773502691896257,0.0,1.4142135623730951,1.1547005383792515,-3.7416573867739413,-9.763879010584539,0.0,-9.128709291752768,-13.832329280830953,-0.5773502691896257,-2.943920288775949,-3.5118845842842465,0.0,1.2909944487358056,4.618802153517006,1.1547005383792515,2.886751345948129,0.0
62,14,28.0,28.0,28.0,21.0,23.0,21.0,14.0,17.0,13.0,64.0,62.0,63.0,50.0,60.0,53.0,27.0,59.0,32.0,81.0,93.0,78.0,48.0,70.0,55.0,15.0,47.0,32.0,1019.0,1014.0,1019.0,1011.0,1011.0,1016.0,1006.0,1006.0,1012.0,16.0,16.0,16.0,14.0,14.0,16.0,11.0,3.0,14.0,26.0,24.0,21.0,13.0,11.0,6.0,0.0,0.0,0.0,25.0,17.5,9.5,48.5,38.5,24.5,74.0,45.5,17.0,1021.0,1015.5,1011.5,16.0,15.0,13.5,24.5,10.5,0.0,-4.242640687119285,-5.1478150704935,-6.708203932499369,-21.874642854227357,-17.7341478509682,-22.901964981197573,-13.038404810405298,-15.953056133543816,-22.44994432064365,4.527692569068709,6.363961030678928,7.7781745930520225,0.0,1.4142135623730951,6.670832032063167,-1.5811388300841898,-3.24037034920393,0.0,-3.4641016151377544,-4.041451884327381,-4.96655480858378,-17.869900204906948,-13.90443574307614,-10.327955589886445,-6.191391873668904,-9.72967967955095,-16.15549442140351,2.309401076758503,4.320493798938574,5.32290647422377,0.0,0.0,-3.265986323710904,1.1547005383792515,1.1547005383792515,0.0
63,17,22.0,28.0,28.0,14.0,21.0,23.0,5.0,14.0,17.0,33.0,64.0,62.0,27.0,50.0,60.0,22.0,27.0,59.0,67.0,81.0,93.0,43.0,48.0,70.0,19.0,15.0,47.0,1023.0,1019.0,1014.0,1020.0,1011.0,1011.0,1017.0,1006.0,1006.0,16.0,16.0,16.0,16.0,14.0,14.0,16.0,11.0,3.0,23.0,26.0,24.0,8.0,13.0,11.0,0.0,0.0,0.0,23.5,15.5,7.0,45.0,36.5,26.0,70.0,48.0,25.5,1020.5,1017.5,1014.5,16.0,16.0,16.0,23.0,9.0,0.0,-3.6742346141747673,-4.47213595499958,-5.70087712549569,-13.874436925511608,-9.16515138991168,4.415880433163924,-8.94427190999916,6.123724356957945,9.617692030835672,-2.1213203435596424,5.291502622129181,6.928203230275509,0.0,1.4142135623730951,3.5355339059327378,-2.1213203435596424,-3.24037034920393,0.0,-3.0,-3.8297084310253524,-4.96655480858378,-11.269427669584644,-9.451631252505216,-18.119970566569176,-10.066445913694333,-11.67618659209133,-16.72323732614791,2.309401076758503,4.320493798938574,5.656854249492381,0.0,1.1547005383792515,5.446711546122731,-1.2909944487358056,-2.3804761428476167,0.0
64,23,25.0,22.0,28.0,17.0,14.0,21.0,9.0,5.0,14.0,57.0,33.0,64.0,46.0,27.0,50.0,30.0,22.0,27.0,73.0,67.0,81.0,53.0,43.0,48.0,32.0,19.0,15.0,1018.0,1023.0,1019.0,1015.0,1020.0,1011.0,1012.0,1017.0,1006.0,16.0,16.0,16.0,16.0,16.0,14.0,16.0,16.0,11.0,23.0,23.0,26.0,10.0,8.0,13.0,0.0,0.0,0.0,27.5,20.0,13.0,59.0,51.0,37.0,78.5,55.0,30.5,1018.0,1014.5,1012.0,16.0,16.0,13.5,23.5,8.0,0.0,4.123105625617661,4.743416490252569,6.324555320336759,17.204650534085253,15.182226450688976,11.40175425099138,8.860022573334675,7.615773105863909,8.94427190999916,-3.5355339059327378,-3.605551275463989,-3.5355339059327378,0.0,0.0,-3.5355339059327378,0.7071067811865476,-2.449489742783178,0.0,-0.816496580927726,-1.1547005383792515,-0.5773502691896257,-11.090536506409418,-4.760952285695233,8.850612031567836,-3.605551275463989,5.507570547286102,7.659416862050705,-1.7320508075688772,4.281744192888376,5.656854249492381,0.0,1.1547005383792515,0.0,-1.632993161855452,-3.5118845842842465,0.0
65,19,30.0,25.0,22.0,23.0,17.0,14.0,17.0,9.0,5.0,61.0,57.0,33.0,56.0,46.0,27.0,44.0,30.0,22.0,84.0,73.0,67.0,57.0,53.0,43.0,29.0,32.0,19.0,1018.0,1018.0,1023.0,1014.0,1015.0,1020.0,1012.0,1012.0,1017.0,16.0,16.0,16.0,16.0,16.0,16.0,11.0,16.0,16.0,24.0,23.0,23.0,6.0,10.0,8.0,0.0,0.0,0.0,27.0,21.0,15.0,62.0,53.5,43.5,82.5,61.0,39.0,1018.5,1015.5,1014.0,16.0,15.0,9.5,21.5,6.0,0.0,-2.345207879911715,3.1622776601683795,4.898979485566356,3.1622776601683795,6.123724356957945,9.874208829065749,7.483314773547883,6.324555320336759,13.982131454109563,0.7071067811865476,2.0,2.8284271247461903,0.0,-1.4142135623730951,-4.123105625617661,-3.4641016151377544,-2.8284271247461903,0.0,-0.816496580927726,3.1091263510296048,4.618802153517006,14.094916341243982,12.055427546683417,9.291573243177568,7.023769168568493,7.745966692414834,13.662601021279464,-2.8284271247461903,-2.3804761428476167,-1.7320508075688772,0.0,-1.1547005383792515,-3.366501646120693,-2.8284271247461903,-2.0,0.0
66,17,24.0,30.0,25.0,19.0,23.0,17.0,13.0,17.0,9.0,63.0,61.0,57.0,51.0,56.0,46.0,43.0,44.0,30.0,81.0,84.0,73.0,65.0,57.0,53.0,49.0,29.0,32.0,1019.0,1018.0,1018.0,1017.0,1014.0,1015.0,1016.0,1012.0,1012.0,16.0,16.0,16.0,14.0,16.0,16.0,8.0,11.0,16.0,19.0,24.0,23.0,6.0,6.0,10.0,0.0,0.0,0.0,23.0,18.0,12.0,64.0,55.5,45.0,87.0,75.0,63.0,1018.5,1016.5,1015.0,16.0,10.0,5.0,19.0,7.0,0.0,-4.47213595499958,-3.1622776601683795,-3.1622776601683795,2.0,5.291502622129181,2.7386127875258306,8.215838362577491,15.231546211727817,24.331050121192877,0.0,2.0,2.449489742783178,0.0,-5.830951894845301,-4.743416490252569,-3.5355339059327378,1.4142135623730951,0.0,-2.23606797749979,2.309401076758503,3.8297084310253524,2.8284271247461903,7.211102550927978,8.386497083606082,9.237604307034012,12.649110640673518,19.790570145063196,0.0,1.5275252316519468,2.0,0.0,-4.760952285695233,-4.83045891539648,-2.8284271247461903,-2.0,0.0
67,7,22.0,24.0,30.0,17.0,19.0,23.0,11.0,13.0,17.0,65.0,63.0,61.0,60.0,51.0,56.0,47.0,43.0,44.0,93.0,81.0,84.0,85.0,65.0,57.0,77.0,49.0,29.0,1018.0,1019.0,1018.0,1016.0,1017.0,1014.0,1014.0,1016.0,1012.0,16.0,16.0,16.0,6.0,14.0,16.0,2.0,8.0,11.0,19.0,19.0,24.0,8.0,6.0,6.0,0.0,0.0,0.0,16.5,12.0,6.5,55.5,46.5,34.0,88.0,74.0,60.0,1021.5,1019.0,1016.0,16.0,9.5,2.5,25.5,10.5,1.5,-7.905694150420948,-7.211102550927978,-6.519202405202649,-13.360389215887388,-18.0,-18.16590212458495,4.69041575982343,-6.48074069840786,-13.638181696985855,4.898979485566356,4.183300132670378,2.449489742783178,0.0,-2.7386127875258306,-4.183300132670378,9.192388155425117,3.8078865529319543,2.1213203435596424,-7.32575365861197,-6.324555320336759,-5.802298395176403,-10.847426730181986,-14.977761292440647,-14.843629385474879,3.415650255319866,-2.581988897471611,3.0550504633038935,4.041451884327381,3.8297084310253524,3.0550504633038935,0.0,-2.516611478423583,-3.8297084310253524,6.928203230275509,3.1091263510296048,1.7320508075688772
68,7,11.0,22.0,24.0,7.0,17.0,19.0,2.0,11.0,13.0,46.0,65.0,63.0,33.0,60.0,51.0,21.0,47.0,43.0,83.0,93.0,81.0,63.0,85.0,65.0,43.0,77.0,49.0,1025.0,1018.0,1019.0,1022.0,1016.0,1017.0,1018.0,1014.0,1016.0,16.0,16.0,16.0,13.0,6.0,14.0,3.0,2.0,8.0,32.0,19.0,19.0,13.0,8.0,6.0,3.0,0.0,0.0,13.0,7.0,0.5,39.0,30.0,21.0,82.5,59.5,36.0,1024.0,1020.5,1016.0,16.0,14.5,9.5,25.5,9.0,1.5,-7.245688373094719,-7.0710678118654755,-6.708203932499369,-16.688319268278637,-19.557607215607945,-18.384776310850235,-7.106335201775948,-16.32482771731451,-26.0,4.743416490252569,3.6742346141747673,0.0,0.0,5.385164807134504,9.219544457292887,0.0,-4.415880433163924,0.0,-6.027713773341708,-5.887840577551898,-5.597618541248888,-13.576941236277534,-15.0996688705415,-14.832396974191326,3.7859388972001824,-6.658328118479393,-13.759844960366863,3.8297084310253524,2.943920288775949,-1.1547005383792515,0.0,-1.4142135623730951,6.683312551921141,0.0,-3.415650255319866,0.0
69,17,15.0,11.0,22.0,7.0,7.0,17.0,-1.0,2.0,11.0,32.0,46.0,65.0,27.0,33.0,60.0,21.0,21.0,47.0,82.0,83.0,93.0,56.0,63.0,85.0,29.0,43.0,77.0,1023.0,1025.0,1018.0,1019.0,1022.0,1016.0,1014.0,1018.0,1014.0,16.0,16.0,16.0,16.0,13.0,6.0,16.0,3.0,2.0,19.0,32.0,19.0,5.0,13.0,8.0,0.0,3.0,0.0,21.0,12.0,3.0,41.0,36.5,28.0,82.5,58.0,33.0,1018.0,1015.0,1010.5,16.0,16.0,13.5,20.0,7.5,0.0,8.94427190999916,7.0710678118654755,5.244044240850758,8.0,12.747548783981962,9.899494936611665,0.0,-4.06201920231798,-8.12403840463596,-7.211102550927978,-6.041522986797286,-5.70087712549569,0.0,2.1213203435596424,8.48528137423857,-9.082951062292475,-4.415880433163924,-2.1213203435596424,3.605551275463989,0.0,-2.943920288775949,-8.812869377601524,-11.604596790352806,-12.649110640673518,-5.773502691896258,-13.12757911167681,-20.72036035722674,-4.281744192888376,-3.5118845842842465,-4.041451884327381,0.0,4.396968652757639,6.95221787153807,1.1547005383792515,-2.160246899469287,0.0
70,20,27.0,15.0,11.0,17.0,7.0,7.0,7.0,-1.0,2.0,50.0,32.0,46.0,46.0,27.0,33.0,35.0,21.0,21.0,83.0,82.0,83.0,60.0,56.0,63.0,37.0,29.0,43.0,1013.0,1023.0,1025.0,1011.0,1019.0,1022.0,1007.0,1014.0,1018.0,16.0,16.0,16.0,16.0,16.0,13.0,11.0,16.0,3.0,21.0,19.0,32.0,10.0,5.0,13.0,0.0,0.0,3.0,27.5,18.5,9.5,57.5,51.5,41.5,88.0,67.0,45.5,1015.0,1012.5,1009.5,16.0,13.5,5.5,23.5,9.0,0.0,8.514693182963201,7.3824115301167,6.670832032063167,16.56804152578089,15.524174696260024,13.509256086106296,7.106335201775948,10.295630140987,13.285330255586423,-6.48074069840786,-5.244044240850758,-3.4641016151377544,0.0,-3.5355339059327378,-8.54400374531753,3.8078865529319543,3.24037034920393,0.0,7.32575365861197,6.027713773341708,5.163977794943222,10.847426730181986,12.192894105447921,11.030261405182864,5.773502691896258,7.371114795831994,7.234178138070235,-5.41602560309064,-4.618802153517006,-3.6514837167011076,0.0,-2.309401076758503,2.7688746209726918,-6.831300510639732,-3.7859388972001824,-1.7320508075688772
71,11,28.0,27.0,15.0,20.0,17.0,7.0,12.0,7.0,-1.0,65.0,50.0,32.0,57.0,46.0,27.0,48.0,35.0,21.0,93.0,83.0,82.0,74.0,60.0,56.0,54.0,37.0,29.0,1017.0,1013.0,1023.0,1014.0,1011.0,1019.0,1012.0,1007.0,1014.0,16.0,16.0,16.0,11.0,16.0,16.0,0.0,11.0,16.0,26.0,21.0,19.0,8.0,10.0,5.0,0.0,0.0,0.0,25.5,15.5,5.0,66.0,51.0,34.0,91.0,76.5,61.5,1021.5,1016.0,1012.0,16.0,12.0,1.5,29.0,12.0,1.0,-3.4641016151377544,-6.0,-9.246621004453464,10.700467279516348,-3.391164991562634,-17.53567791675018,6.48074069840786,10.51189802081432,16.0312195418814,6.96419413859206,3.5355339059327378,3.5355339059327378,0.0,-3.24037034920393,-7.483314773547883,5.522680508593631,5.477225575051661,1.4142135623730951,6.324555320336759,3.0550504633038935,-5.972157622389639,13.576941236277534,10.614455552060438,-11.818065267490557,5.32290647422377,8.888194417315589,13.880441875771343,-1.0,-3.605551275463989,-2.8284271247461903,0.0,-2.6457513110645907,-6.757711644237764,4.654746681256314,5.32290647422377,1.1547005383792515
72,2,23.0,28.0,27.0,11.0,20.0,17.0,-2.0,12.0,7.0,67.0,65.0,50.0,45.0,57.0,46.0,20.0,48.0,35.0,89.0,93.0,83.0,79.0,74.0,60.0,69.0,54.0,37.0,1026.0,1017.0,1013.0,1018.0,1014.0,1011.0,1012.0,1012.0,1007.0,16.0,16.0,16.0,13.0,11.0,16.0,3.0,0.0,11.0,32.0,26.0,21.0,16.0,8.0,10.0,2.0,0.0,0.0,15.5,6.5,-3.0,47.0,32.5,16.0,82.0,67.5,53.0,1028.5,1022.5,1018.0,16.0,13.5,4.5,30.5,16.0,2.0,-11.180339887498949,-9.0,-10.0,-28.24889378365107,-19.60867155112758,-20.591260281974,-10.295630140987,-15.874507866387544,-19.987496091306685,7.280109889280518,6.96419413859206,8.48528137423857,0.0,1.5811388300841898,3.0,3.6742346141747673,5.656854249492381,1.4142135623730951,-9.1104335791443,-7.14142842854285,-7.637626158259733,-21.37755832643195,-14.696938456699069,-15.044378795195678,-6.110100926607787,-10.132456102380443,-13.038404810405298,6.377042156569663,5.94418483337567,7.505553499465135,0.0,-2.581988897471611,-5.8594652770823155,4.163331998932265,4.47213595499958,1.1547005383792515
73,4,8.0,23.0,28.0,2.0,11.0,20.0,-4.0,-2.0,12.0,27.0,67.0,65.0,20.0,45.0,57.0,12.0,20.0,48.0,75.0,89.0,93.0,56.0,79.0,74.0,37.0,69.0,54.0,1031.0,1026.0,1017.0,1027.0,1018.0,1014.0,1024.0,1012.0,1012.0,16.0,16.0,16.0,14.0,13.0,11.0,6.0,3.0,0.0,29.0,32.0,26.0,16.0,16.0,8.0,2.0,2.0,0.0,9.0,3.0,-2.5,31.5,25.5,19.0,83.5,64.0,44.5,1028.5,1024.5,1021.0,16.0,13.5,4.5,21.5,11.0,3.0,-10.51189802081432,-6.2048368229954285,1.5811388300841898,-27.55902755904134,-15.874507866387544,8.12403840463596,6.819090848492928,-11.683321445547923,-19.987496091306685,0.0,5.291502622129181,7.3484692283495345,0.0,0.0,0.0,-10.816653826391969,-7.0710678118654755,1.4142135623730951,-9.055385138137417,-7.2571803523590805,-7.979139469057215,-22.47220505424423,-14.696938456699069,-14.742229591663987,5.066228051190222,-9.092121131323903,-13.832329280830953,5.196152422706632,4.898979485566356,6.0,0.0,1.1547005383792515,1.7320508075688772,-8.12403840463596,-3.4641016151377544,1.632993161855452
74,8,10.0,8.0,23.0,4.0,2.0,11.0,-1.0,-4.0,-2.0,36.0,27.0,67.0,31.0,20.0,45.0,26.0,12.0,20.0,92.0,75.0,89.0,72.0,56.0,79.0,52.0,37.0,69.0,1026.0,1031.0,1026.0,1022.0,1027.0,1018.0,1018.0,1024.0,1012.0,16.0,16.0,16.0,13.0,14.0,13.0,3.0,6.0,3.0,14.0,29.0,32.0,6.0,16.0,16.0,4.0,2.0,2.0,11.0,6.0,1.0,39.5,35.0,30.5,89.0,74.0,59.0,1024.0,1020.0,1017.0,16.0,12.0,4.5,17.5,5.5,2.0,2.0,3.1622776601683795,3.5355339059327378,8.06225774829855,9.617692030835672,11.76860229593982,11.247221879201993,11.661903789690601,14.508618128546908,-4.527692569068709,-4.527692569068709,-4.47213595499958,0.0,-1.5811388300841898,0.0,-9.38083151964686,-7.106335201775948,-2.449489742783178,-8.504900548115382,-4.509249752822894,2.6457513110645907,-22.135943621178654,-12.110601416389967,8.426149773176359,4.358898943540674,-9.255628917943215,-14.177446878757825,-2.309401076758503,3.6514837167011076,5.887840577551898,0.0,-1.1547005383792515,1.7320508075688772,-7.852812659593164,-5.802298395176403,-2.0
75,12,12.0,10.0,8.0,8.0,4.0,2.0,3.0,-1.0,-4.0,43.0,36.0,27.0,39.0,31.0,20.0,35.0,26.0,12.0,86.0,92.0,75.0,76.0,72.0,56.0,66.0,52.0,37.0,1022.0,1026.0,1031.0,1018.0,1022.0,1027.0,1016.0,1018.0,1024.0,16.0,16.0,16.0,11.0,13.0,14.0,6.0,3.0,6.0,21.0,14.0,29.0,5.0,6.0,16.0,0.0,4.0,2.0,15.0,10.0,4.5,42.5,38.5,35.0,87.5,69.0,50.0,1023.5,1020.0,1017.5,16.0,12.0,6.0,21.0,5.5,0.0,4.47213595499958,4.0,3.5355339059327378,4.898979485566356,5.612486080160912,6.363961030678928,-3.6742346141747673,-9.486832980505138,-20.346989949375804,-1.8708286933869707,0.0,1.5811388300841898,0.0,0.0,2.1213203435596424,4.949747468305833,0.0,-2.8284271247461903,3.8297084310253524,3.4641016151377544,3.366501646120693,6.557438524302,7.831560082980487,9.60902353693305,9.345230512584124,5.033222956847166,-14.177446878757825,-3.265986323710904,-2.886751345948129,-3.2145502536643185,0.0,-0.5773502691896257,0.0,-7.659416862050705,-5.773502691896258,-2.0
76,12,18.0,12.0,10.0,12.0,8.0,4.0,6.0,3.0,-1.0,42.0,43.0,36.0,38.0,39.0,31.0,35.0,35.0,26.0,89.0,86.0,92.0,62.0,76.0,72.0,34.0,66.0,52.0,1025.0,1022.0,1026.0,1022.0,1018.0,1022.0,1019.0,1016.0,1018.0,16.0,16.0,16.0,13.0,11.0,13.0,6.0,6.0,3.0,21.0,21.0,14.0,6.0,5.0,6.0,0.0,0.0,4.0,18.5,12.0,5.0,46.0,40.0,35.5,87.5,63.5,39.0,1022.0,1019.0,1015.5,16.0,13.5,7.0,23.5,8.0,0.0,4.301162633521313,2.8284271247461903,1.5811388300841898,5.612486080160912,2.7386127875258306,0.7071067811865476,0.0,-9.669539802906858,-21.494185260204677,-3.6742346141747673,-3.1622776601683795,-4.47213595499958,0.0,1.5811388300841898,1.4142135623730951,3.5355339059327378,2.9154759474226504,0.0,3.696845502136472,3.265986323710904,2.6457513110645907,6.110100926607787,5.131601439446884,5.228129047119374,-3.4641016151377544,-7.54983443527075,-15.57776192739723,-3.7859388972001824,-3.4641016151377544,-3.8297084310253524,0.0,0.5773502691896257,2.0816659994661326,4.96655480858378,2.309401076758503,-2.309401076758503
77,11,19.0,18.0,12.0,12.0,12.0,8.0,4.0,6.0,3.0,50.0,42.0,43.0,42.0,38.0,39.0,36.0,35.0,35.0,86.0,89.0,86.0,65.0,62.0,76.0,44.0,34.0,66.0,1019.0,1025.0,1022.0,1016.0,1022.0,1018.0,1012.0,1019.0,1016.0,16.0,16.0,16.0,14.0,13.0,11.0,8.0,6.0,6.0,26.0,21.0,21.0,10.0,6.0,5.0,0.0,0.0,0.0,17.0,11.5,5.5,53.5,45.5,37.5,89.5,76.5,63.5,1022.5,1017.5,1012.5,16.0,9.5,5.0,24.5,8.0,9.5,-2.7386127875258306,-0.7071067811865476,1.5811388300841898,7.516648189186454,5.70087712549569,2.23606797749979,4.47213595499958,16.401219466856727,28.469281690973517,2.5495097567963922,-3.6742346141747673,-4.898979485566356,0.0,-6.324555320336759,-4.0,2.8284271247461903,0.0,13.435028842544403,2.6457513110645907,2.23606797749979,2.160246899469287,6.110100926607787,4.618802153517006,1.8257418583505538,4.041451884327381,10.677078252031311,14.106735979665885,2.70801280154532,-1.9148542155126762,-3.605551275463989,0.0,-5.033222956847166,-3.265986323710904,2.309401076758503,0.5773502691896257,10.969655114602888
78,9,15.0,19.0,18.0,11.0,12.0,12.0,7.0,4.0,6.0,57.0,50.0,42.0,49.0,42.0,38.0,39.0,36.0,35.0,93.0,86.0,89.0,88.0,65.0,62.0,83.0,44.0,34.0,1026.0,1019.0,1025.0,1019.0,1016.0,1022.0,1013.0,1012.0,1019.0,16.0,16.0,16.0,5.0,14.0,13.0,2.0,8.0,6.0,23.0,26.0,21.0,6.0,10.0,6.0,19.0,0.0,0.0,14.5,10.0,5.5,51.0,44.0,35.0,89.5,79.5,69.0,1027.0,1022.5,1018.0,16.0,9.5,2.5,23.5,7.0,11.0,-2.9154759474226504,-1.5811388300841898,0.0,-6.892024376045111,-5.049752469181039,-5.244044240850758,0.0,10.954451150103322,19.196353820452465,5.1478150704935,5.385164807134504,7.106335201775948,0.0,0.0,-4.183300132670378,-2.0,-2.449489742783178,7.245688373094719,-2.309401076758503,-1.2909944487358056,-1.1547005383792515,-3.2145502536643185,-3.415650255319866,-4.242640687119285,-1.7320508075688772,9.1104335791443,16.703293088490067,2.3804761428476167,2.70801280154532,4.163331998932265,0.0,0.5773502691896257,-3.2145502536643185,2.3804761428476167,1.1547005383792515,5.916079783099616
79,16,14.0,15.0,19.0,9.0,11.0,12.0,4.0,7.0,4.0,45.0,57.0,50.0,39.0,49.0,42.0,31.0,39.0,36.0,86.0,93.0,86.0,71.0,88.0,65.0,55.0,83.0,44.0,1028.0,1026.0,1019.0,1026.0,1019.0,1016.0,1023.0,1013.0,1012.0,16.0,16.0,16.0,14.0,5.0,14.0,3.0,2.0,8.0,24.0,23.0,26.0,8.0,6.0,10.0,3.0,19.0,0.0,18.0,12.5,7.0,50.5,45.0,38.0,85.0,70.0,54.0,1026.0,1022.5,1018.5,16.0,14.0,4.5,21.5,6.5,1.5,5.612486080160912,4.743416490252569,3.6742346141747673,-3.391164991562634,4.69041575982343,8.12403840463596,-5.1478150704935,-12.103718436910205,-19.849433241279208,-2.449489742783178,0.0,3.082207001484488,0.0,6.363961030678928,2.23606797749979,-3.4641016151377544,-1.5811388300841898,-11.510864433221338,3.958114029012639,3.8297084310253524,3.4641016151377544,2.943920288775949,5.5677643628300215,6.855654600401044,-1.1547005383792515,8.86942313043338,15.631165450257807,3.5118845842842465,1.7320508075688772,2.581988897471611,0.0,0.0,-2.943920288775949,-3.3166247903554,-2.6457513110645907,5.656854249492381
80,21,22.0,14.0,15.0,16.0,9.0,11.0,10.0,4.0,7.0,56.0,45.0,57.0,51.0,39.0,49.0,45.0,31.0,39.0,84.0,86.0,93.0,69.0,71.0,88.0,53.0,55.0,83.0,1024.0,1028.0,1026.0,1019.0,1026.0,1019.0,1014.0,1023.0,1013.0,16.0,16.0,16.0,14.0,14.0,5.0,6.0,3.0,2.0,19.0,24.0,23.0,5.0,8.0,6.0,0.0,3.0,19.0,25.0,18.5,11.5,56.0,52.5,48.5,88.5,67.5,46.0,1019.0,1013.5,1008.0,16.0,14.0,6.0,21.0,6.5,0.0,7.0710678118654755,6.082762530298219,4.743416490252569,7.7781745930520225,8.74642784226795,11.067971810589327,6.2048368229954285,-2.5495097567963922,-10.0,-7.615773105863909,-9.219544457292887,-10.606601717798213,0.0,0.0,2.1213203435596424,-2.1213203435596424,0.0,-2.1213203435596424,5.744562646538029,4.83045891539648,3.4641016151377544,-2.7688746209726918,4.203173404306164,7.767453465154029,3.0550504633038935,-10.03327796219494,-18.110770276274835,-6.110100926607787,-6.3508529610858835,-6.454972243679028,0.0,5.196152422706632,1.8257418583505538,-1.632993161855452,1.1547005383792515,-9.39858145324779
81,16,28.0,22.0,14.0,21.0,16.0,9.0,13.0,10.0,4.0,56.0,56.0,45.0,54.0,51.0,39.0,52.0,45.0,31.0,93.0,84.0,86.0,66.0,69.0,71.0,39.0,53.0,55.0,1014.0,1024.0,1028.0,1008.0,1019.0,1026.0,1002.0,1014.0,1023.0,16.0,16.0,16.0,14.0,14.0,14.0,6.0,6.0,3.0,23.0,19.0,24.0,8.0,5.0,8.0,0.0,0.0,3.0,24.5,18.5,11.0,53.0,41.0,34.0,74.5,51.0,27.5,1020.0,1014.0,1004.5,16.0,15.0,11.0,31.0,13.0,0.0,-2.5495097567963922,0.0,-1.8708286933869707,-4.242640687119285,-18.261982367749674,-24.969981978367546,-25.37715508089904,-21.319005605327842,-19.03943276465977,4.69041575982343,3.391164991562634,-7.713624310270756,0.0,1.4142135623730951,7.0710678118654755,11.661903789690601,7.3824115301167,0.0,4.123105625617661,4.041451884327381,3.1091263510296048,5.32290647422377,-13.203534880225574,-18.717193521821944,-20.752509888364507,-17.4451521441727,-15.588457268119896,3.0550504633038935,-2.943920288775949,-8.16496580927726,0.0,1.1547005383792515,6.027713773341708,9.073771725877465,5.773502691896258,-1.7320508075688772
82,11,21.0,28.0,22.0,16.0,21.0,16.0,9.0,13.0,10.0,50.0,56.0,56.0,28.0,54.0,51.0,16.0,52.0,45.0,56.0,93.0,84.0,36.0,66.0,69.0,16.0,39.0,53.0,1026.0,1014.0,1024.0,1020.0,1008.0,1019.0,1007.0,1002.0,1014.0,16.0,16.0,16.0,16.0,14.0,14.0,16.0,6.0,6.0,39.0,23.0,19.0,18.0,8.0,5.0,0.0,0.0,0.0,20.5,13.5,6.0,45.0,27.0,18.0,62.0,35.5,18.5,1027.0,1022.5,1013.5,16.0,16.0,16.0,26.5,12.0,0.0,-5.0,-5.0,-5.0990195135927845,-8.246211251235321,-18.439088914585774,-25.298221281347036,-24.748737341529164,-21.224985276791124,-15.874507866387544,8.602325267042627,9.192388155425117,9.848857801796104,0.0,1.4142135623730951,7.0710678118654755,-13.583077707206124,-4.69041575982343,0.0,-2.160246899469287,-2.886751345948129,-3.7859388972001824,-6.733003292241386,-14.95548951611637,-20.256686138984662,-19.527758021169078,-17.416467303484175,-15.275252316519467,4.0,4.0,4.08248290463863,0.0,1.1547005383792515,5.773502691896258,-10.847426730181986,-3.415650255319866,0.0
83,17,20.0,21.0,28.0,11.0,16.0,21.0,3.0,9.0,13.0,40.0,50.0,56.0,26.0,28.0,54.0,20.0,16.0,52.0,68.0,56.0,93.0,35.0,36.0,66.0,21.0,16.0,39.0,1028.0,1026.0,1014.0,1025.0,1020.0,1008.0,1020.0,1007.0,1002.0,16.0,16.0,16.0,16.0,16.0,14.0,16.0,16.0,6.0,14.0,39.0,23.0,6.0,18.0,8.0,0.0,0.0,0.0,22.0,14.0,6.0,49.5,38.5,31.5,77.0,51.5,35.0,1024.0,1021.0,1017.0,16.0,16.0,16.0,17.5,7.0,0.0,2.7386127875258306,2.345207879911715,0.0,11.423659658795863,17.621010186706094,16.507574019219177,15.297058540778355,23.323807579381203,20.112185361118765,-5.477225575051661,-4.415880433163924,8.154753215150045,0.0,0.0,0.0,-16.97056274847714,-8.366600265340756,0.0,-3.366501646120693,-2.160246899469287,-2.309401076758503,8.660254037844387,-4.281744192888376,-15.821925715074425,-17.33012790874128,7.916228058025278,9.66091783079296,5.291502622129181,5.916079783099616,7.2571803523590805,0.0,1.1547005383792515,5.773502691896258,-10.327955589886445,-3.6514837167011076,0.0
84,20,24.0,20.0,21.0,17.0,11.0,16.0,9.0,3.0,9.0,59.0,40.0,50.0,51.0,26.0,28.0,43.0,20.0,16.0,86.0,68.0,56.0,68.0,35.0,36.0,49.0,21.0,16.0,1020.0,1028.0,1026.0,1017.0,1025.0,1020.0,1014.0,1020.0,1007.0,16.0,16.0,16.0,16.0,16.0,16.0,16.0,16.0,16.0,21.0,14.0,39.0,8.0,6.0,18.0,0.0,0.0,0.0,23.5,18.5,13.0,61.5,56.5,51.0,89.5,74.5,58.5,1017.5,1014.0,1009.5,16.0,12.0,8.0,20.0,7.0,1.0,2.7386127875258306,4.743416490252569,7.0710678118654755,13.892443989449804,19.313207915827967,19.81161275615895,13.656500283747663,25.079872407968907,23.926972228010797,-6.670832032063167,-7.0710678118654755,-7.648529270389178,0.0,-5.656854249492381,-11.313708498984761,4.743416490252569,0.0,1.4142135623730951,2.160246899469287,2.581988897471611,4.618802153517006,9.763879010584539,15.726834816113932,16.34013463836819,13.12757911167681,20.46948949045872,19.748417658131498,-5.32290647422377,-5.0,4.163331998932265,0.0,-4.618802153517006,-9.237604307034012,-13.90443574307614,-6.928203230275509,1.1547005383792515
85,13,23.0,24.0,20.0,20.0,17.0,11.0,17.0,9.0,3.0,64.0,59.0,40.0,62.0,51.0,26.0,59.0,43.0,20.0,93.0,86.0,68.0,81.0,68.0,35.0,68.0,49.0,21.0,1015.0,1020.0,1028.0,1011.0,1017.0,1025.0,1005.0,1014.0,1020.0,16.0,16.0,16.0,8.0,16.0,16.0,0.0,16.0,16.0,19.0,21.0,14.0,6.0,8.0,6.0,2.0,0.0,0.0,20.5,16.5,13.0,61.0,53.5,45.5,93.0,73.5,53.5,1016.5,1012.0,1005.5,16.0,12.0,8.0,29.0,12.0,1.0,-3.605551275463989,-4.47213595499958,0.0,-2.345207879911715,-9.16515138991168,-15.378556499229699,4.949747468305833,-5.291502622129181,-15.491933384829668,-2.8284271247461903,-4.0,-6.324555320336759,0.0,0.0,0.0,14.071247279470288,8.366600265340756,0.0,-1.8257418583505538,-1.1547005383792515,3.4641016151377544,10.801234497346433,12.342339054382412,4.320493798938574,11.150485789118488,18.556220879622373,10.066445913694333,-5.163977794943222,-5.656854249492381,-6.2182527020592095,0.0,0.0,0.0,12.179217270963408,6.928203230275509,0.0
86,13,18.0,23.0,24.0,13.0,20.0,17.0,9.0,17.0,9.0,58.0,64.0,59.0,45.0,62.0,51.0,32.0,59.0,43.0,93.0,93.0,86.0,66.0,81.0,68.0,39.0,68.0,49.0,1018.0,1015.0,1020.0,1013.0,1011.0,1017.0,1006.0,1005.0,1014.0,16.0,16.0,16.0,16.0,8.0,16.0,16.0,0.0,16.0,39.0,19.0,21.0,18.0,6.0,8.0,0.0,2.0,0.0,19.0,13.0,7.0,44.5,35.5,26.0,73.0,51.0,28.5,1018.0,1013.5,1007.0,16.0,16.0,16.0,32.5,14.0,0.0,-3.24037034920393,-4.949747468305833,-6.324555320336759,-19.557607215607945,-18.027756377319946,-20.89258241577618,-28.284271247461902,-23.717082451262844,-25.317977802344327,2.1213203435596424,1.5811388300841898,1.5811388300841898,0.0,5.656854249492381,11.313708498984761,10.747092630102339,6.324555320336759,-1.4142135623730951,-2.70801280154532,-3.6514837167011076,-2.309401076758503,-15.705625319186328,-13.279056191361393,-14.341083176199302,-22.737634001804146,-17.851237118661178,-17.52141546793523,-2.309401076758503,-3.2145502536643185,-5.033222956847166,0.0,0.0,0.0,8.698658900466592,5.033222956847166,0.0
87,18,20.0,18.0,23.0,13.0,13.0,20.0,5.0,9.0,17.0,31.0,58.0,64.0,26.0,45.0,62.0,20.0,32.0,59.0,53.0,93.0,93.0,36.0,66.0,81.0,18.0,39.0,68.0,1018.0,1018.0,1015.0,1014.0,1013.0,1011.0,1008.0,1006.0,1005.0,16.0,16.0,16.0,16.0,16.0,8.0,16.0,16.0,0.0,26.0,39.0,19.0,10.0,18.0,6.0,0.0,0.0,2.0,24.0,15.5,6.5,43.5,34.0,25.5,63.0,42.5,21.0,1014.0,1010.5,1006.5,16.0,16.0,16.0,27.5,11.5,0.0,5.830951894845301,3.5355339059327378,-1.8708286933869707,-7.211102550927978,-7.245688373094719,-3.391164991562634,-24.49489742783178,-19.11805429430516,-14.230249470757707,-5.656854249492381,-4.898979485566356,-1.5811388300841898,0.0,0.0,0.0,-8.94427190999916,-5.244044240850758,0.0,3.7859388972001824,-2.8284271247461903,-4.864839839775475,-6.831300510639732,-11.460075625114056,-15.832456116050556,-20.0,-17.851237118661178,-20.37972849017703,-4.281744192888376,-3.8297084310253524,-1.1547005383792515,0.0,4.618802153517006,9.237604307034012,8.94427190999916,5.446711546122731,-1.1547005383792515
88,17,28.0,20.0,18.0,18.0,13.0,13.0,8.0,5.0,9.0,56.0,31.0,58.0,42.0,26.0,45.0,31.0,20.0,32.0,73.0,53.0,93.0,49.0,36.0,66.0,24.0,18.0,39.0,1010.0,1018.0,1018.0,1007.0,1014.0,1013.0,1005.0,1008.0,1006.0,16.0,16.0,16.0,16.0,16.0,16.0,16.0,16.0,16.0,29.0,26.0,39.0,13.0,10.0,18.0,0.0,0.0,0.0,25.0,17.5,9.5,55.5,39.5,29.5,76.5,50.5,24.0,1016.5,1012.5,1008.5,16.0,15.0,13.0,26.5,11.5,0.0,3.7416573867739413,3.4641016151377544,3.0,17.663521732655695,10.747092630102339,7.483314773547883,14.983324063771697,9.433981132056603,4.242640687119285,7.245688373094719,6.0,4.47213595499958,0.0,-1.4142135623730951,-4.242640687119285,-2.8284271247461903,0.0,0.0,3.265986323710904,2.8284271247461903,0.816496580927726,-5.916079783099616,-6.582805886043833,-3.265986323710904,-19.587410923005283,-15.513435037626794,-11.61895003862225,5.916079783099616,4.932882862316247,3.8297084310253524,0.0,-1.1547005383792515,-3.4641016151377544,-7.852812659593164,-4.618802153517006,0.0
89,15,22.0,28.0,20.0,17.0,18.0,13.0,11.0,8.0,5.0,55.0,56.0,31.0,37.0,42.0,26.0,28.0,31.0,20.0,80.0,73.0,53.0,52.0,49.0,36.0,24.0,24.0,18.0,1023.0,1010.0,1018.0,1018.0,1007.0,1014.0,1012.0,1005.0,1008.0,16.0,16.0,16.0,14.0,16.0,16.0,10.0,16.0,16.0,24.0,29.0,26.0,10.0,13.0,10.0,0.0,0.0,0.0,23.0,16.0,8.5,47.5,36.5,29.5,81.0,52.0,22.5,1023.5,1019.5,1014.5,16.0,15.0,13.0,20.0,6.5,0.0,-4.0,-1.5811388300841898,-2.8284271247461903,-10.63014581273465,-3.605551275463989,0.0,5.1478150704935,2.1213203435596424,-2.1213203435596424,9.219544457292887,8.06225774829855,6.082762530298219,0.0,0.0,0.0,-6.670832032063167,-5.385164807134504,0.0,3.265986323710904,2.581988897471611,-1.5275252316519468,11.532562594670797,8.755950357709132,6.3508529610858835,12.288205727444508,7.702813338860896,3.0,5.94418483337567,5.196152422706632,4.654746681256314,0.0,0.0,0.0,-5.163977794943222,-4.041451884327381,0.0
90,19,24.0,22.0,28.0,15.0,17.0,18.0,6.0,11.0,8.0,40.0,55.0,56.0,36.0,37.0,42.0,31.0,28.0,31.0,82.0,80.0,73.0,52.0,52.0,49.0,21.0,24.0,24.0,1024.0,1023.0,1010.0,1021.0,1018.0,1007.0,1017.0,1012.0,1005.0,16.0,16.0,16.0,16.0,14.0,16.0,16.0,10.0,16.0,16.0,24.0,29.0,3.0,10.0,13.0,0.0,0.0,0.0,25.5,17.0,9.0,50.0,45.0,36.0,87.5,60.5,33.0,1020.5,1017.5,1013.5,16.0,14.5,8.0,21.5,7.0,0.0,2.5495097567963922,2.449489742783178,2.345207879911715,9.354143466934854,12.708265027138834,7.3824115301167,7.905694150420948,12.020815280171307,16.837458240482736,-4.898979485566356,-4.47213595499958,-3.4641016151377544,0.0,-1.5811388300841898,-10.488088481701515,5.338539126015656,2.7386127875258306,0.0,-2.7688746209726918,1.9148542155126762,2.581988897471611,7.615773105863909,9.966610925150702,5.773502691896258,7.615773105863909,9.966610925150702,13.74772708486752,6.3508529610858835,5.196152422706632,2.886751345948129,0.0,-1.7320508075688772,-9.237604307034012,3.265986323710904,1.4142135623730951,0.0
91,21,27.0,24.0,22.0,19.0,15.0,17.0,12.0,6.0,11.0,60.0,40.0,55.0,54.0,36.0,37.0,41.0,31.0,28.0,93.0,82.0,80.0,69.0,52.0,52.0,45.0,21.0,24.0,1017.0,1024.0,1023.0,1014.0,1021.0,1018.0,1010.0,1017.0,1012.0,16.0,16.0,16.0,13.0,16.0,14.0,0.0,16.0,10.0,27.0,16.0,24.0,11.0,3.0,10.0,0.0,0.0,0.0,26.0,20.0,14.0,62.5,58.0,46.0,96.5,74.5,52.5,1017.0,1014.0,1011.0,16.0,12.0,1.0,23.0,8.5,0.0,1.5811388300841898,3.1622776601683795,5.0990195135927845,14.577379737113251,13.92838827718412,10.0,9.219544457292887,14.317821063276353,20.0124960961895,-4.949747468305833,-4.949747468305833,-4.743416490252569,0.0,-2.5495097567963922,-11.224972160321824,5.338539126015656,4.415880433163924,0.0,1.7320508075688772,2.309401076758503,3.0,8.16496580927726,11.357816691600547,8.34665601703261,7.615773105863909,11.69045194450012,16.24807680927192,-4.0,-3.6514837167011076,-2.581988897471611,0.0,-1.7320508075688772,-8.48528137423857,-1.5275252316519468,-1.8257418583505538,0.0
92,12,25.0,27.0,24.0,21.0,19.0,15.0,16.0,12.0,6.0,65.0,60.0,40.0,62.0,54.0,36.0,51.0,41.0,31.0,100.0,93.0,82.0,80.0,69.0,52.0,60.0,45.0,21.0,1017.0,1017.0,1024.0,1014.0,1014.0,1021.0,1012.0,1010.0,1017.0,16.0,16.0,16.0,11.0,13.0,16.0,2.0,0.0,16.0,19.0,27.0,16.0,6.0,11.0,3.0,0.0,0.0,0.0,20.5,16.5,12.0,58.0,52.5,43.5,86.0,71.0,55.5,1021.0,1018.0,1015.0,16.0,13.5,8.0,23.0,10.0,0.0,-6.519202405202649,-6.2048368229954285,-4.898979485566356,-9.246621004453464,-12.186057606953941,-7.905694150420948,-19.170289512680814,-10.074720839804943,8.48528137423857,5.656854249492381,5.656854249492381,4.47213595499958,0.0,3.24037034920393,8.602325267042627,0.0,4.415880433163924,0.0,-5.033222956847166,-4.509249752822894,-2.0,8.736894948054104,3.0,-2.886751345948129,-14.30617582258329,5.354126134736337,15.491933384829668,2.23606797749979,2.23606797749979,-1.7320508075688772,0.0,2.0,-6.0,6.3508529610858835,5.8594652770823155,0.0
93,14,16.0,25.0,27.0,12.0,21.0,19.0,8.0,16.0,12.0,51.0,65.0,60.0,43.0,62.0,54.0,36.0,51.0,41.0,72.0,100.0,93.0,62.0,80.0,69.0,51.0,60.0,45.0,1025.0,1017.0,1017.0,1022.0,1014.0,1014.0,1018.0,1012.0,1010.0,16.0,16.0,16.0,16.0,11.0,13.0,14.0,2.0,0.0,27.0,19.0,27.0,14.0,6.0,11.0,0.0,0.0,0.0,17.5,13.0,9.0,49.0,42.5,37.0,72.0,60.0,47.5,1024.5,1021.5,1017.5,16.0,16.0,15.0,21.5,9.5,0.0,-6.0,-6.2048368229954285,-5.477225575051661,-10.295630140987,-13.45362404707371,-10.51189802081432,-19.79898987322333,-13.038404810405298,-8.06225774829855,5.612486080160912,5.612486080160912,4.183300132670378,0.0,3.5355339059327378,8.602325267042627,-5.338539126015656,-2.9154759474226504,0.0,-5.033222956847166,-4.932882862316247,-3.8297084310253524,-7.895146188218008,-9.966610925150702,-6.3508529610858835,-15.652475842498529,-8.54400374531753,5.627314338711377,4.58257569495584,4.58257569495584,3.605551275463989,0.0,2.6457513110645907,7.118052168020874,-6.3508529610858835,-3.7416573867739413,0.0
94,14,19.0,16.0,25.0,14.0,12.0,21.0,10.0,8.0,16.0,47.0,51.0,65.0,42.0,43.0,62.0,38.0,36.0,51.0,72.0,72.0,100.0,58.0,62.0,80.0,44.0,51.0,60.0,1024.0,1025.0,1017.0,1021.0,1022.0,1014.0,1017.0,1018.0,1012.0,16.0,16.0,16.0,16.0,16.0,11.0,16.0,14.0,2.0,16.0,27.0,19.0,5.0,14.0,6.0,0.0,0.0,0.0,20.0,14.0,8.5,46.5,40.0,34.5,82.5,59.5,36.0,1026.0,1022.5,1019.0,16.0,16.0,13.5,20.0,6.5,0.0,2.5495097567963922,1.4142135623730951,-1.5811388300841898,-2.9154759474226504,-2.9154759474226504,-4.743416490252569,14.849242404917497,-1.8708286933869707,-12.349089035228468,2.7386127875258306,2.0,2.7386127875258306,0.0,0.0,-3.24037034920393,-5.338539126015656,-6.0,0.0,-4.760952285695233,-5.066228051190222,-4.795831523312719,-8.426149773176359,-11.224972160321824,-9.486832980505138,-10.692676621563626,-10.503967504392486,-11.343133018115703,5.131601439446884,4.898979485566356,4.123105625617661,0.0,2.886751345948129,6.4031242374328485,1.5275252316519468,-1.632993161855452,0.0
95,16,21.0,19.0,16.0,14.0,14.0,12.0,7.0,10.0,8.0,46.0,47.0,51.0,38.0,42.0,43.0,31.0,38.0,36.0,93.0,72.0,72.0,61.0,58.0,62.0,28.0,44.0,51.0,1028.0,1024.0,1025.0,1024.0,1021.0,1022.0,1021.0,1017.0,1018.0,16.0,16.0,16.0,16.0,16.0,16.0,11.0,16.0,14.0,24.0,16.0,27.0,8.0,5.0,14.0,0.0,0.0,0.0,20.0,15.0,9.5,50.5,42.5,30.5,85.5,59.0,32.0,1025.5,1021.5,1017.5,16.0,16.0,10.5,29.5,12.0,0.0,0.0,1.4142135623730951,2.8284271247461903,6.324555320336759,5.70087712549569,-5.0,10.392304845413264,-1.8708286933869707,-9.797958971132712,-2.1213203435596424,-2.8284271247461903,-4.06201920231798,0.0,0.0,-3.605551275463989,9.617692030835672,6.041522986797286,0.0,1.7320508075688772,1.632993161855452,2.581988897471611,4.618802153517006,4.618802153517006,-3.9157800414902435,8.48528137423857,-2.7688746209726918,-8.962886439832502,-1.8257418583505538,-2.3804761428476167,-3.366501646120693,0.0,0.0,-2.70801280154532,4.618802153517006,-1.632993161855452,0.0
96,22,19.0,21.0,19.0,16.0,14.0,14.0,12.0,7.0,10.0,55.0,46.0,47.0,47.0,38.0,42.0,30.0,31.0,38.0,78.0,93.0,72.0,57.0,61.0,58.0,36.0,28.0,44.0,1023.0,1028.0,1024.0,1019.0,1024.0,1021.0,1014.0,1021.0,1017.0,16.0,16.0,16.0,16.0,16.0,16.0,10.0,11.0,16.0,35.0,24.0,16.0,16.0,8.0,5.0,0.0,0.0,0.0,23.5,19.0,14.0,61.5,55.0,43.0,89.0,67.5,45.5,1018.5,1014.5,1010.5,16.0,13.5,6.0,30.5,14.5,0.0,6.2048368229954285,4.47213595499958,4.527692569068709,11.180339887498949,12.98075498574717,18.371173070873837,11.379806676741042,14.577379737113251,14.577379737113251,-7.280109889280518,-7.280109889280518,-7.0,0.0,-3.5355339059327378,-5.70087712549569,4.47213595499958,5.244044240850758,0.0,5.196152422706632,3.6514837167011076,3.265986323710904,9.1104335791443,10.344080432788601,14.445299120013633,15.275252316519467,12.027745701779143,7.505553499465135,-5.477225575051661,-5.686240703077327,-5.228129047119374,0.0,-2.886751345948129,-5.477225575051661,5.887840577551898,4.618802153517006,0.0
97,24,28.0,19.0,21.0,22.0,16.0,14.0,16.0,12.0,7.0,68.0,55.0,46.0,63.0,47.0,38.0,56.0,30.0,31.0,100.0,78.0,93.0,78.0,57.0,61.0,55.0,36.0,28.0,1014.0,1023.0,1028.0,1010.0,1019.0,1024.0,1007.0,1014.0,1021.0,16.0,16.0,16.0,11.0,16.0,16.0,2.0,10.0,11.0,26.0,35.0,24.0,13.0,16.0,8.0,0.0,0.0,0.0,30.0,23.0,16.5,67.5,62.0,52.5,95.0,71.0,46.0,1015.0,1009.5,1006.5,16.0,12.0,2.5,27.5,10.5,0.0,6.96419413859206,4.47213595499958,2.9154759474226504,9.16515138991168,11.224972160321824,17.705931209625774,13.856406460551018,11.067971810589327,4.301162633521313,-6.2048368229954285,-6.4031242374328485,-5.0,0.0,-3.24037034920393,-5.612486080160912,-6.0,-4.123105625617661,0.0,5.5677643628300215,3.8297084310253524,3.7416573867739413,9.1104335791443,10.535653752852738,14.445299120013633,7.280109889280518,8.736894948054104,5.802298395176403,-5.830951894845301,-5.972157622389639,-5.744562646538029,0.0,-2.6457513110645907,-4.618802153517006,4.041451884327381,3.1622776601683795,0.0
98,18,32.0,28.0,19.0,24.0,22.0,16.0,17.0,16.0,12.0,67.0,68.0,55.0,61.0,63.0,47.0,49.0,56.0,30.0,90.0,100.0,78.0,64.0,78.0,57.0,37.0,55.0,36.0,1016.0,1014.0,1023.0,1009.0,1010.0,1019.0,1006.0,1007.0,1014.0,16.0,16.0,16.0,13.0,11.0,16.0,3.0,2.0,10.0,29.0,26.0,35.0,8.0,13.0,16.0,0.0,0.0,0.0,28.5,21.0,14.0,57.5,50.5,39.5,79.0,53.5,27.5,1020.5,1015.5,1011.5,16.0,14.5,9.5,25.0,8.0,0.0,-4.06201920231798,-4.0,-4.183300132670378,-13.45362404707371,-14.916433890176299,-14.317821063276353,-17.08800749063506,-17.84656829757475,-18.506755523321747,6.519202405202649,9.16515138991168,7.745966692414834,0.0,2.5495097567963922,9.219544457292887,-5.244044240850758,-3.5355339059327378,0.0,4.0,1.1547005383792515,-2.516611478423583,-8.020806277010642,-7.937253933193772,9.41629792788369,-5.773502691896258,-8.082903768654761,-10.392304845413264,1.1547005383792515,5.385164807134504,4.864839839775475,0.0,-2.0,5.94418483337567,-6.733003292241386,-3.366501646120693,0.0
99,17,25.0,32.0,28.0,18.0,24.0,22.0,11.0,17.0,16.0,48.0,67.0,68.0,40.0,61.0,63.0,30.0,49.0,56.0,68.0,90.0,100.0,43.0,64.0,78.0,18.0,37.0,55.0,1025.0,1016.0,1014.0,1022.0,1009.0,1010.0,1017.0,1006.0,1007.0,16.0,16.0,16.0,16.0,13.0,11.0,16.0,3.0,2.0,21.0,29.0,26.0,8.0,8.0,13.0,0.0,0.0,0.0,25.5,17.5,9.0,49.5,41.5,34.0,75.5,49.5,23.5,1024.0,1021.0,1016.5,16.0,16.0,16.0,26.5,10.5,0.0,-4.898979485566356,-4.301162633521313,-5.0990195135927845,-13.2664991614216,-14.696938456699069,-12.186057606953941,-11.379806676741042,-11.661903789690601,-10.954451150103322,6.2048368229954285,9.082951062292475,7.745966692414834,0.0,2.1213203435596424,9.192388155425117,5.338539126015656,3.5355339059327378,0.0,-3.265986323710904,-3.3166247903554,-4.123105625617661,-10.847426730181986,-12.055427546683417,-10.739335795724674,-10.939226054281294,-12.489995996796797,-13.711309200802088,5.196152422706632,7.393691004272944,6.298147875897061,0.0,2.0816659994661326,7.52772652709081,4.69041575982343,0.0,0.0
100,23,26.0,25.0,32.0,17.0,18.0,24.0,7.0,11.0,17.0,51.0,48.0,67.0,43.0,40.0,61.0,38.0,30.0,49.0,83.0,68.0,90.0,56.0,43.0,64.0,29.0,18.0,37.0,1023.0,1025.0,1016.0,1020.0,1022.0,1009.0,1016.0,1017.0,1006.0,16.0,16.0,16.0,16.0,16.0,13.0,16.0,16.0,3.0,32.0,21.0,29.0,13.0,8.0,8.0,0.0,0.0,0.0,27.5,20.0,11.5,56.5,50.0,45.5,86.5,60.5,34.5,1019.5,1017.0,1013.0,16.0,16.0,16.0,29.0,13.5,0.0,2.23606797749979,4.183300132670378,5.70087712549569,8.06225774829855,10.124228365658293,12.020815280171307,11.704699910719626,11.180339887498949,11.0,-5.1478150704935,-4.47213595499958,-4.301162633521313,0.0,0.0,0.0,6.519202405202649,3.605551275463989,0.0,-3.605551275463989,-0.5773502691896257,3.1091263510296048,-8.774964387392123,-8.86942313043338,-4.898979485566356,-8.366600265340756,-7.979139469057215,-6.298147875897061,3.0550504633038935,6.557438524302,5.291502622129181,0.0,1.7320508075688772,7.505553499465135,2.6457513110645907,2.943920288775949,0.0
101,24,29.0,26.0,25.0,23.0,17.0,18.0,16.0,7.0,11.0,62.0,51.0,48.0,57.0,43.0,40.0,53.0,38.0,30.0,90.0,83.0,68.0,65.0,56.0,43.0,40.0,29.0,18.0,1016.0,1023.0,1025.0,1014.0,1020.0,1022.0,1010.0,1016.0,1017.0,16.0,16.0,16.0,16.0,16.0,16.0,16.0,16.0,16.0,26.0,32.0,21.0,14.0,13.0,8.0,0.0,0.0,0.0,29.5,23.5,17.5,64.5,60.5,57.5,91.5,68.0,44.0,1016.0,1013.5,1010.0,16.0,14.5,11.0,26.5,13.5,0.0,2.23606797749979,4.301162633521313,6.708203932499369,8.54400374531753,11.067971810589327,12.36931687685298,5.385164807134504,7.648529270389178,9.617692030835672,-4.949747468305833,-4.301162633521313,-4.242640687119285,0.0,-2.1213203435596424,-7.0710678118654755,-4.183300132670378,0.0,0.0,1.9148542155126762,3.4641016151377544,4.96655480858378,7.187952884282608,9.201449161228174,11.105554165971787,9.71253485622231,9.763879010584539,10.099504938362077,-4.203173404306164,-3.696845502136472,-3.5118845842842465,0.0,-1.7320508075688772,-5.773502691896258,5.354126134736337,2.886751345948129,0.0
102,24,30.0,29.0,26.0,24.0,23.0,17.0,19.0,16.0,7.0,67.0,62.0,51.0,64.0,57.0,43.0,62.0,53.0,38.0,93.0,90.0,83.0,71.0,65.0,56.0,48.0,40.0,29.0,1016.0,1016.0,1023.0,1013.0,1014.0,1020.0,1010.0,1010.0,1016.0,16.0,16.0,16.0,13.0,16.0,16.0,6.0,16.0,16.0,27.0,26.0,32.0,13.0,14.0,13.0,0.0,0.0,0.0,29.0,24.0,20.0,68.0,65.5,62.5,95.0,74.5,53.0,1014.5,1011.0,1007.5,16.0,13.5,6.0,26.5,13.5,0.0,-1.224744871391589,0.7071067811865476,2.5495097567963922,3.8078865529319543,5.385164807134504,6.4031242374328485,3.5355339059327378,6.519202405202649,9.055385138137417,-2.1213203435596424,-2.9154759474226504,-3.5355339059327378,0.0,-2.0,-7.0710678118654755,0.0,0.0,0.0,1.4142135623730951,3.5118845842842465,5.597618541248888,7.0710678118654755,9.201449161228174,10.115993936995679,4.96655480858378,7.438637868140466,9.746794344808963,-4.396968652757639,-4.203173404306164,-4.509249752822894,0.0,-1.632993161855452,-5.773502691896258,-3.4641016151377544,0.5773502691896257,0.0
103,25,28.0,30.0,29.0,24.0,24.0,23.0,21.0,19.0,16.0,69.0,67.0,62.0,67.0,64.0,57.0,63.0,62.0,53.0,97.0,93.0,90.0,78.0,71.0,65.0,58.0,48.0,40.0,1013.0,1016.0,1016.0,1009.0,1013.0,1014.0,1005.0,1010.0,1010.0,16.0,16.0,16.0,14.0,13.0,16.0,6.0,6.0,16.0,26.0,27.0,26.0,14.0,13.0,14.0,0.0,0.0,0.0,28.0,24.5,21.5,69.0,67.0,64.5,93.5,76.0,58.0,1011.0,1008.0,1004.5,16.0,13.5,7.0,24.5,12.5,0.0,-1.4142135623730951,0.7071067811865476,1.5811388300841898,1.4142135623730951,2.1213203435596424,2.23606797749979,-4.06201920231798,4.06201920231798,7.0710678118654755,-3.5355339059327378,-3.1622776601683795,-3.605551275463989,0.0,0.0,1.4142135623730951,-2.23606797749979,-2.0,0.0,-1.0,0.816496580927726,2.160246899469287,3.1091263510296048,4.396968652757639,5.507570547286102,-2.8284271247461903,4.795831523312719,7.393691004272944,-2.886751345948129,-2.6457513110645907,-2.943920288775949,0.0,-1.7320508075688772,-5.656854249492381,-1.7320508075688772,-1.7320508075688772,0.0
104,18,28.0,28.0,30.0,25.0,24.0,24.0,22.0,21.0,19.0,69.0,69.0,67.0,67.0,67.0,64.0,66.0,63.0,62.0,90.0,97.0,93.0,74.0,78.0,71.0,58.0,58.0,48.0,1009.0,1013.0,1016.0,1007.0,1009.0,1013.0,1004.0,1005.0,1010.0,16.0,16.0,16.0,13.0,14.0,13.0,8.0,6.0,6.0,23.0,26.0,27.0,11.0,14.0,13.0,0.0,0.0,0.0,25.5,21.5,17.0,69.0,51.0,47.0,91.5,66.0,40.0,1015.0,1012.0,1007.0,16.0,14.5,8.0,25.0,12.0,0.0,-3.5355339059327378,-4.898979485566356,-7.035623639735144,0.0,-22.627416997969522,-26.78619047195775,-4.47213595499958,-11.661903789690601,-25.45584412271571,8.0,6.928203230275509,4.183300132670378,0.0,2.0,1.4142135623730951,1.8708286933869707,-1.5811388300841898,0.0,-3.1091263510296048,-4.0,-5.627314338711377,1.1547005383792515,-18.393839548428527,-21.863211109075447,-2.8284271247461903,-8.621678104251709,-19.966638842495918,6.298147875897061,5.163977794943222,1.8257418583505538,0.0,1.7320508075688772,1.1547005383792515,1.4142135623730951,-1.1547005383792515,0.0
105,16,23.0,28.0,28.0,18.0,25.0,24.0,12.0,22.0,21.0,69.0,69.0,69.0,35.0,67.0,67.0,28.0,66.0,63.0,93.0,90.0,97.0,58.0,74.0,78.0,22.0,58.0,58.0,1021.0,1009.0,1013.0,1017.0,1007.0,1009.0,1010.0,1004.0,1005.0,16.0,16.0,16.0,16.0,13.0,14.0,8.0,8.0,6.0,27.0,23.0,26.0,13.0,11.0,14.0,0.0,0.0,0.0,20.5,17.0,12.0,57.5,36.5,30.5,76.5,53.0,29.0,1020.0,1016.5,1011.0,16.0,16.0,12.0,21.5,9.5,0.0,-5.0,-5.1478150704935,-7.0710678118654755,-16.263455967290593,-22.52776065213762,-26.636441203734407,-23.2379000772445,-13.341664064126334,-23.45207879911715,8.366600265340756,7.035623639735144,4.47213595499958,0.0,2.1213203435596424,5.656854249492381,-7.245688373094719,-4.743416490252569,0.0,-4.08248290463863,-4.163331998932265,-5.744562646538029,-13.279056191361393,-18.393839548428527,-21.6794833886788,-19.39931270260195,-11.135528725660043,-19.148542155126762,6.429100507328637,5.627314338711377,3.605551275463989,0.0,1.632993161855452,4.760952285695233,-6.164414002968976,-4.242640687119285,0.0
106,14,18.0,23.0,28.0,16.0,18.0,25.0,12.0,12.0,22.0,46.0,69.0,69.0,38.0,35.0,67.0,33.0,28.0,66.0,60.0,93.0,90.0,48.0,58.0,74.0,36.0,22.0,58.0,1019.0,1021.0,1009.0,1016.0,1017.0,1007.0,1012.0,1010.0,1004.0,16.0,16.0,16.0,16.0,16.0,13.0,16.0,8.0,8.0,16.0,27.0,23.0,6.0,13.0,11.0,0.0,0.0,0.0,17.0,15.0,11.5,48.5,43.5,39.0,78.0,62.0,45.5,1015.5,1012.5,1009.5,16.0,13.5,9.5,17.5,7.0,2.5,-3.8078865529319543,-2.0,-0.7071067811865476,-15.874507866387544,8.06225774829855,9.192388155425117,10.173494974687902,18.49324200890693,16.688319268278637,-5.1478150704935,-5.0,-3.24037034920393,0.0,-3.5355339059327378,-7.245688373094719,-7.483314773547883,-4.743416490252569,3.5355339059327378,-4.242640687119285,-4.358898943540674,-5.802298395176403,-12.96148139681572,-17.26267650163207,-20.615528128088304,8.48528137423857,11.944315244779277,-15.695009822658072,5.507570547286102,4.08248290463863,2.23606797749979,0.0,-2.309401076758503,-5.916079783099616,-5.656854249492381,-3.696845502136472,2.886751345948129
107,17,16.0,18.0,23.0,14.0,16.0,18.0,11.0,12.0,12.0,51.0,46.0,69.0,49.0,38.0,35.0,45.0,33.0,28.0,96.0,60.0,93.0,76.0,48.0,58.0,55.0,36.0,22.0,1012.0,1019.0,1021.0,1009.0,1016.0,1017.0,1007.0,1012.0,1010.0,16.0,16.0,16.0,11.0,16.0,16.0,3.0,16.0,8.0,19.0,16.0,27.0,8.0,6.0,13.0,5.0,0.0,0.0,19.0,15.5,11.0,51.0,49.0,46.0,94.5,72.5,49.5,1015.0,1011.0,1008.5,16.0,12.5,3.0,29.5,6.5,6.0,4.0,1.5811388300841898,-0.7071067811865476,3.5355339059327378,7.7781745930520225,8.602325267042627,25.367301787931645,19.170289512680814,10.954451150103322,-2.5495097567963922,-4.06201920231798,-2.8284271247461903,0.0,-2.8284271247461903,-9.192388155425117,15.0,-1.5811388300841898,3.8078865529319543,1.5275252316519468,0.5773502691896257,-0.5773502691896257,-12.96148139681572,6.582805886043833,7.593857166596345,8.12403840463596,14.548768561863463,12.055427546683417,-2.3804761428476167,-3.366501646120693,-2.0,0.0,-2.309401076758503,-5.916079783099616,10.472185381603339,-4.242640687119285,3.1091263510296048
108,18,22.0,16.0,18.0,17.0,14.0,16.0,11.0,11.0,12.0,51.0,51.0,46.0,49.0,49.0,38.0,47.0,45.0,33.0,93.0,96.0,60.0,69.0,76.0,48.0,44.0,55.0,36.0,1018.0,1012.0,1019.0,1013.0,1009.0,1016.0,1010.0,1007.0,1012.0,16.0,16.0,16.0,14.0,11.0,16.0,3.0,3.0,16.0,40.0,19.0,16.0,5.0,8.0,6.0,7.0,5.0,0.0,23.5,17.5,10.5,50.5,43.5,37.0,94.5,63.0,31.0,1020.5,1017.0,1014.0,16.0,15.0,9.5,37.5,9.0,3.5,4.743416490252569,2.23606797749979,-0.7071067811865476,-0.7071067811865476,-7.7781745930520225,-14.071247279470288,0.0,-9.82344135219425,-19.96246477767713,5.522680508593631,6.324555320336759,6.041522986797286,0.0,2.5495097567963922,9.192388155425117,14.422205101855956,5.244044240850758,-4.743416490252569,3.696845502136472,1.4142135623730951,-0.816496580927726,2.8284271247461903,0.0,-9.16515138991168,20.784609690826528,14.035668847618199,-12.055427546683417,2.0,3.2145502536643185,4.0,0.0,-2.0,0.0,11.902380714238083,4.43471156521669,-2.581988897471611
109,18,25.0,22.0,16.0,18.0,17.0,14.0,10.0,11.0,11.0,50.0,51.0,51.0,38.0,49.0,49.0,27.0,47.0,45.0,96.0,93.0,96.0,57.0,69.0,76.0,18.0,44.0,55.0,1023.0,1018.0,1012.0,1021.0,1013.0,1009.0,1018.0,1010.0,1007.0,16.0,16.0,16.0,16.0,14.0,11.0,16.0,3.0,3.0,35.0,40.0,19.0,13.0,5.0,8.0,0.0,7.0,5.0,27.0,18.0,8.5,50.5,40.0,32.0,86.5,54.0,21.0,1024.0,1021.5,1018.0,16.0,16.0,16.0,28.0,11.5,0.0,3.5355339059327378,0.7071067811865476,-2.23606797749979,0.0,-7.245688373094719,-12.24744871391589,-13.2664991614216,-9.486832980505138,-17.88854381999832,3.8078865529319543,5.70087712549569,5.656854249492381,0.0,1.4142135623730951,9.192388155425117,-10.51189802081432,5.244044240850758,-4.949747468305833,4.509249752822894,1.8257418583505538,-1.8257418583505538,0.0,-5.916079783099616,-9.93310961716756,-10.969655114602888,-8.736894948054104,-15.92691642053372,4.654746681256314,5.196152422706632,4.932882862316247,0.0,2.0816659994661326,7.505553499465135,8.563488385776752,3.9157800414902435,-3.872983346207417
110,22,29.0,25.0,22.0,18.0,18.0,17.0,7.0,10.0,11.0,51.0,50.0,51.0,42.0,38.0,49.0,37.0,27.0,47.0,77.0,96.0,93.0,51.0,57.0,69.0,24.0,18.0,44.0,1025.0,1023.0,1018.0,1022.0,1021.0,1013.0,1018.0,1018.0,1010.0,16.0,16.0,16.0,16.0,16.0,14.0,16.0,16.0,3.0,21.0,35.0,40.0,10.0,13.0,5.0,0.0,0.0,7.0,30.0,20.0,10.5,55.0,47.5,42.5,83.5,55.0,25.5,1022.5,1019.0,1015.5,16.0,16.0,16.0,24.0,13.0,0.0,3.1622776601683795,2.8284271247461903,4.47213595499958,5.70087712549569,8.276472678623424,10.51189802081432,-9.797958971132712,3.7416573867739413,4.743416490252569,-3.24037034920393,-4.183300132670378,-3.5355339059327378,0.0,0.0,0.0,-8.94427190999916,3.6742346141747673,0.0,3.1091263510296048,2.3804761428476167,3.605551275463989,4.618802153517006,2.309401076758503,-7.724420150837645,-7.810249675906654,-6.2182527020592095,-14.502873278538061,1.1547005383792515,3.1091263510296048,3.605551275463989,0.0,1.1547005383792515,7.505553499465135,-7.852812659593164,5.507570547286102,-4.041451884327381
111,23,31.0,29.0,25.0,22.0,18.0,18.0,14.0,7.0,10.0,59.0,51.0,50.0,53.0,42.0,38.0,48.0,37.0,27.0,90.0,77.0,96.0,59.0,51.0,57.0,27.0,24.0,18.0,1020.0,1025.0,1023.0,1016.0,1022.0,1021.0,1013.0,1018.0,1018.0,16.0,16.0,16.0,16.0,16.0,16.0,16.0,16.0,16.0,27.0,21.0,35.0,16.0,10.0,13.0,0.0,0.0,0.0,30.0,22.5,15.0,60.0,56.0,52.0,90.0,62.0,33.5,1018.5,1015.5,1012.5,16.0,16.0,13.5,26.5,14.5,0.0,0.0,2.9154759474226504,5.1478150704935,5.830951894845301,8.860022573334675,9.617692030835672,9.192388155425117,7.0710678118654755,9.433981132056603,-4.123105625617661,-4.301162633521313,-3.605551275463989,0.0,0.0,-3.5355339059327378,4.183300132670378,3.6742346141747673,0.0,2.309401076758503,2.3804761428476167,3.8297084310253524,4.795831523312719,7.593857166596345,9.746794344808963,-8.0,4.618802153517006,8.445906306213285,-3.1622776601683795,-3.4641016151377544,-2.943920288775949,0.0,0.0,-2.886751345948129,-7.32575365861197,2.449489742783178,0.0
112,24,29.0,31.0,29.0,23.0,22.0,18.0,16.0,14.0,7.0,61.0,59.0,51.0,59.0,53.0,42.0,56.0,48.0,37.0,90.0,90.0,77.0,65.0,59.0,51.0,40.0,27.0,24.0,1017.0,1020.0,1025.0,1015.0,1016.0,1022.0,1012.0,1013.0,1018.0,16.0,16.0,16.0,16.0,16.0,16.0,11.0,16.0,16.0,26.0,27.0,21.0,13.0,16.0,10.0,0.0,0.0,0.0,29.0,23.5,17.0,62.0,60.5,58.0,88.5,65.5,42.0,1016.5,1014.0,1010.5,16.0,16.0,12.5,29.0,14.5,0.0,-1.4142135623730951,1.0,2.0,2.0,4.743416490252569,6.324555320336759,-2.1213203435596424,4.301162633521313,9.617692030835672,-2.23606797749979,-1.5811388300841898,-2.23606797749979,0.0,0.0,-2.8284271247461903,4.183300132670378,0.0,0.0,0.0,2.449489742783178,4.358898943540674,4.898979485566356,7.438637868140466,8.18535277187245,7.302967433402215,5.802298395176403,8.04155872120988,-3.415650255319866,-3.696845502136472,-3.415650255319866,0.0,0.0,-2.309401076758503,4.864839839775475,3.4641016151377544,0.0
113,23,29.0,29.0,31.0,24.0,23.0,22.0,18.0,16.0,14.0,63.0,61.0,59.0,62.0,59.0,53.0,60.0,56.0,48.0,87.0,90.0,90.0,66.0,65.0,59.0,44.0,40.0,27.0,1016.0,1017.0,1020.0,1013.0,1015.0,1016.0,1009.0,1012.0,1013.0,16.0,16.0,16.0,16.0,16.0,16.0,14.0,11.0,16.0,32.0,26.0,27.0,16.0,13.0,16.0,0.0,0.0,0.0,27.5,23.5,19.0,65.5,64.0,60.5,88.5,72.5,55.5,1013.5,1010.5,1006.0,16.0,15.0,13.5,30.5,13.5,0.0,-2.1213203435596424,0.0,2.0,3.8078865529319543,3.5355339059327378,2.9154759474226504,0.0,9.219544457292887,16.507574019219177,-3.605551275463989,-3.8078865529319543,-4.743416490252569,0.0,-1.4142135623730951,2.0,3.6742346141747673,-2.8284271247461903,0.0,-2.0816659994661326,0.5773502691896257,2.0,3.3166247903554,4.509249752822894,5.196152422706632,0.0,8.286535263104035,15.427248620541512,-3.415650255319866,-3.1622776601683795,-3.9157800414902435,0.0,-1.1547005383792515,-2.3804761428476167,2.943920288775949,-2.886751345948129,0.0
114,14,26.0,29.0,29.0,23.0,24.0,23.0,20.0,18.0,16.0,68.0,63.0,61.0,66.0,62.0,59.0,61.0,60.0,56.0,90.0,87.0,90.0,79.0,66.0,65.0,67.0,44.0,40.0,1011.0,1016.0,1017.0,1008.0,1013.0,1015.0,1003.0,1009.0,1012.0,16.0,16.0,16.0,14.0,16.0,16.0,13.0,14.0,11.0,29.0,32.0,26.0,11.0,16.0,13.0,0.0,0.0,0.0,24.5,18.5,13.0,68.5,56.0,46.5,90.0,72.0,53.0,1018.0,1011.5,1004.0,16.0,13.5,6.5,32.0,13.5,17.0,-3.0,-6.4031242374328485,-9.797958971132712,3.605551275463989,-13.856406460551018,-20.493901531919196,2.1213203435596424,-3.6742346141747673,-11.291589790636214,9.246621004453464,3.4641016151377544,-4.0,0.0,-1.5811388300841898,-9.219544457292887,3.6742346141747673,0.0,24.041630560342615,-2.449489742783178,-5.196152422706632,-7.916228058025278,3.1622776601683795,-11.180339887498949,-16.57307052620807,0.0,-2.943920288775949,-8.925618559330589,7.52772652709081,2.581988897471611,-3.696845502136472,0.0,-1.2909944487358056,-7.32575365861197,4.58257569495584,1.7320508075688772,19.629909152447276
115,11,23.0,26.0,29.0,14.0,23.0,24.0,6.0,20.0,18.0,69.0,68.0,63.0,46.0,66.0,62.0,32.0,61.0,60.0,90.0,90.0,87.0,65.0,79.0,66.0,39.0,67.0,44.0,1025.0,1011.0,1016.0,1015.0,1008.0,1013.0,1005.0,1003.0,1009.0,16.0,16.0,16.0,13.0,14.0,16.0,0.0,13.0,14.0,35.0,29.0,32.0,16.0,11.0,16.0,34.0,0.0,0.0,20.5,12.5,5.0,50.5,35.5,24.0,74.5,52.0,29.0,1027.0,1020.0,1013.0,16.0,14.5,8.0,27.0,11.0,17.0,-4.123105625617661,-6.708203932499369,-10.0,-26.153393661244042,-20.506096654409877,-23.42007685726074,-21.920310216782973,-20.8806130178211,-24.331050121192877,10.295630140987,8.631338250816034,11.40175425099138,0.0,2.0,6.59545297913646,-10.488088481701515,-6.123724356957945,0.0,-3.7859388972001824,-5.507570547286102,-8.082903768654761,-21.158134763411134,-16.583123951777,-19.113694915775266,-17.813852287849848,-15.30795000427338,-14.776106839534334,7.895146188218008,6.429100507328637,8.640987597877148,0.0,1.1547005383792515,5.354126134736337,-8.736894948054104,-5.773502691896258,0.0
116,14,18.0,23.0,26.0,11.0,14.0,23.0,4.0,6.0,20.0,32.0,69.0,68.0,25.0,46.0,66.0,16.0,32.0,61.0,59.0,90.0,90.0,39.0,65.0,79.0,19.0,39.0,67.0,1029.0,1025.0,1011.0,1025.0,1015.0,1008.0,1021.0,1005.0,1003.0,16.0,16.0,16.0,16.0,13.0,14.0,16.0,0.0,13.0,19.0,35.0,29.0,6.0,16.0,11.0,0.0,34.0,0.0,20.5,12.5,4.0,40.0,32.5,23.5,67.5,47.5,27.0,1025.0,1021.5,1017.5,16.0,16.0,16.0,22.5,8.5,0.0,0.0,0.0,-1.4142135623730951,-23.590252224170897,-10.392304845413264,-3.9370039370059056,-18.33030277982336,-13.910427743243556,-8.48528137423857,-4.898979485566356,5.049752469181039,10.173494974687902,0.0,2.1213203435596424,11.313708498984761,-10.173494974687902,-6.123724356957945,-24.041630560342615,-1.7320508075688772,-5.196152422706632,-8.16496580927726,-19.252705437591537,-14.329456840136451,-17.048949136725895,-14.966629547095765,-13.940349110884323,-17.587874611030557,7.023769168568493,5.773502691896258,8.386497083606082,0.0,1.632993161855452,5.385164807134504,-7.54983443527075,-4.08248290463863,0.0
117,17,23.0,18.0,23.0,14.0,11.0,14.0,4.0,4.0,6.0,48.0,32.0,69.0,40.0,25.0,46.0,31.0,16.0,32.0,76.0,59.0,90.0,56.0,39.0,65.0,35.0,19.0,39.0,1021.0,1029.0,1025.0,1018.0,1025.0,1015.0,1014.0,1021.0,1005.0,16.0,16.0,16.0,16.0,16.0,13.0,16.0,16.0,0.0,26.0,19.0,35.0,11.0,6.0,16.0,0.0,0.0,34.0,21.0,15.5,8.5,54.5,48.5,40.0,86.5,70.5,53.5,1021.5,1018.5,1015.0,16.0,13.5,9.0,21.0,8.5,1.0,2.1213203435596424,3.0,6.363961030678928,14.577379737113251,16.0312195418814,16.56804152578089,19.1049731745428,23.769728648009426,28.50438562747845,-5.612486080160912,-4.898979485566356,-4.743416490252569,0.0,-3.5355339059327378,-9.899494936611665,-5.049752469181039,0.0,1.4142135623730951,-2.309401076758503,1.7320508075688772,5.066228051190222,-17.73884626086676,4.932882862316247,9.882644720249063,-8.774964387392123,12.30176139149729,20.207259421636902,-3.958114029012639,4.163331998932265,8.386497083606082,0.0,-2.309401076758503,4.47213595499958,-10.115993936995679,-5.773502691896258,-19.595917942265423
118,21,19.0,23.0,18.0,17.0,14.0,11.0,13.0,4.0,4.0,61.0,48.0,32.0,57.0,40.0,25.0,49.0,31.0,16.0,97.0,76.0,59.0,85.0,56.0,39.0,72.0,35.0,19.0,1022.0,1021.0,1029.0,1019.0,1018.0,1025.0,1016.0,1014.0,1021.0,16.0,16.0,16.0,11.0,16.0,16.0,2.0,16.0,16.0,16.0,26.0,19.0,6.0,11.0,6.0,2.0,0.0,0.0,22.5,19.0,14.0,61.0,57.0,50.0,95.0,76.5,57.5,1023.0,1020.5,1017.5,16.0,10.5,2.5,15.0,4.5,1.0,4.06201920231798,3.5355339059327378,6.519202405202649,9.192388155425117,12.020815280171307,12.806248474865697,14.577379737113251,16.61324772583615,16.24807680927192,1.5811388300841898,2.23606797749979,2.5495097567963922,0.0,-3.605551275463989,-9.874208829065749,-7.211102550927978,-4.123105625617661,0.0,4.396968652757639,3.366501646120693,5.32290647422377,11.902380714238083,13.089435944047908,13.576941236277534,15.427248620541512,16.743157806499145,16.165807537309522,-4.43471156521669,-3.605551275463989,-3.4641016151377544,0.0,-2.943920288775949,-8.06225774829855,-4.281744192888376,-1.7320508075688772,0.0
119,19,26.0,19.0,23.0,21.0,17.0,14.0,15.0,13.0,4.0,61.0,61.0,48.0,57.0,57.0,40.0,51.0,49.0,31.0,93.0,97.0,76.0,68.0,85.0,56.0,43.0,72.0,35.0,1024.0,1022.0,1021.0,1022.0,1019.0,1018.0,1019.0,1016.0,1014.0,16.0,16.0,16.0,10.0,11.0,16.0,3.0,2.0,16.0,14.0,16.0,26.0,3.0,6.0,11.0,0.0,2.0,0.0,26.0,20.0,13.5,58.5,55.5,51.5,93.0,68.0,43.0,1023.0,1021.0,1018.5,16.0,12.0,4.5,17.5,5.5,0.0,4.949747468305833,2.449489742783178,-1.5811388300841898,-3.5355339059327378,-2.1213203435596424,1.5811388300841898,-2.8284271247461903,-12.020815280171307,-20.506096654409877,0.0,1.5811388300841898,2.0,0.0,2.7386127875258306,2.23606797749979,4.743416490252569,2.8284271247461903,-1.4142135623730951,3.3166247903554,2.6457513110645907,5.033222956847166,6.928203230275509,9.66091783079296,10.472185381603339,11.902380714238083,13.564659966250536,13.2664991614216,0.5773502691896257,1.4142135623730951,2.0,0.0,-1.8257418583505538,-7.874007874011811,-4.281744192888376,-1.7320508075688772,0.0
120,20,26.0,26.0,19.0,19.0,21.0,17.0,12.0,15.0,13.0,56.0,61.0,61.0,54.0,57.0,57.0,52.0,51.0,49.0,93.0,93.0,97.0,68.0,68.0,85.0,43.0,43.0,72.0,1022.0,1024.0,1022.0,1020.0,1022.0,1019.0,1018.0,1019.0,1016.0,16.0,16.0,16.0,14.0,10.0,11.0,6.0,3.0,2.0,21.0,14.0,16.0,8.0,3.0,6.0,0.0,0.0,2.0,25.0,19.5,14.0,59.5,56.5,53.5,95.0,72.5,50.0,1021.5,1019.5,1017.5,16.0,13.5,4.5,20.0,9.0,0.0,-1.4142135623730951,-1.224744871391589,1.8708286933869707,3.4641016151377544,2.8284271247461903,2.23606797749979,2.8284271247461903,6.363961030678928,9.899494936611665,-1.5811388300841898,-1.5811388300841898,-1.0,0.0,2.7386127875258306,0.0,4.743416490252569,3.8078865529319543,0.0,3.872983346207417,2.0816659994661326,1.9148542155126762,2.8284271247461903,2.309401076758503,2.160246899469287,0.0,-8.32666399786453,-14.66287829861518,-0.5773502691896257,1.1547005383792515,1.5275252316519468,0.0,2.160246899469287,0.5773502691896257,3.696845502136472,2.581988897471611,-1.1547005383792515
121,23,24.0,26.0,26.0,20.0,19.0,21.0,16.0,12.0,15.0,63.0,56.0,61.0,59.0,54.0,57.0,55.0,52.0,51.0,97.0,93.0,93.0,77.0,68.0,68.0,57.0,43.0,43.0,1021.0,1022.0,1024.0,1019.0,1020.0,1022.0,1017.0,1018.0,1019.0,16.0,16.0,16.0,13.0,14.0,10.0,3.0,6.0,3.0,19.0,21.0,14.0,10.0,8.0,3.0,0.0,0.0,0.0,26.5,21.5,17.0,64.0,61.0,56.0,95.0,74.5,54.0,1019.5,1017.5,1015.0,16.0,13.5,3.0,21.0,9.0,0.0,3.24037034920393,2.23606797749979,3.1622776601683795,5.1478150704935,4.527692569068709,2.5495097567963922,0.0,5.291502622129181,8.94427190999916,-2.23606797749979,-2.23606797749979,-2.9154759474226504,0.0,0.0,-2.1213203435596424,2.449489742783178,0.0,0.0,2.6457513110645907,1.4142135623730951,1.9148542155126762,3.0550504633038935,3.265986323710904,2.160246899469287,0.0,4.320493798938574,7.302967433402215,-2.160246899469287,-2.160246899469287,-2.449489742783178,0.0,2.309401076758503,0.0,4.509249752822894,2.886751345948129,0.0
122,24,29.0,24.0,26.0,23.0,20.0,19.0,18.0,16.0,12.0,65.0,63.0,56.0,63.0,59.0,54.0,57.0,55.0,52.0,93.0,97.0,93.0,72.0,77.0,68.0,51.0,57.0,43.0,1018.0,1021.0,1022.0,1016.0,1019.0,1020.0,1013.0,1017.0,1018.0,16.0,16.0,16.0,14.0,13.0,14.0,3.0,3.0,6.0,23.0,19.0,21.0,8.0,10.0,8.0,0.0,0.0,0.0,30.0,23.5,17.5,64.0,60.5,56.0,90.0,66.5,43.0,1017.5,1015.5,1013.0,16.0,15.0,9.5,21.0,6.5,0.0,3.8078865529319543,2.23606797749979,1.224744871391589,0.0,-2.1213203435596424,0.0,-5.0990195135927845,-8.54400374531753,-12.083045973594572,-2.23606797749979,-2.23606797749979,-2.8284271247461903,0.0,1.5811388300841898,9.192388155425117,0.0,-2.5495097567963922,0.0,2.886751345948129,1.9148542155126762,2.516611478423583,4.041451884327381,2.309401076758503,1.7320508075688772,-3.4641016151377544,-4.654746681256314,-5.656854249492381,-1.9148542155126762,-1.9148542155126762,-2.3804761428476167,0.0,1.1547005383792515,7.302967433402215,-1.1547005383792515,-1.7320508075688772,0.0
123,23,31.0,29.0,24.0,24.0,23.0,20.0,17.0,18.0,16.0,63.0,65.0,63.0,58.0,63.0,59.0,55.0,57.0,55.0,87.0,93.0,97.0,61.0,72.0,77.0,35.0,51.0,57.0,1017.0,1018.0,1021.0,1015.0,1016.0,1019.0,1013.0,1013.0,1017.0,16.0,16.0,16.0,16.0,14.0,13.0,16.0,3.0,3.0,19.0,23.0,19.0,5.0,8.0,10.0,0.0,0.0,0.0,31.0,23.5,16.0,63.5,59.5,56.0,88.5,64.5,40.5,1015.5,1013.0,1010.0,16.0,16.0,16.0,23.0,8.0,0.0,1.4142135623730951,0.0,-1.5811388300841898,-1.224744871391589,-2.8284271247461903,0.0,-3.6742346141747673,-6.0,-8.215838362577491,-2.23606797749979,-2.9154759474226504,-4.242640687119285,0.0,1.4142135623730951,9.192388155425117,4.898979485566356,3.6742346141747673,0.0,3.1091263510296048,1.7320508075688772,-0.5773502691896257,0.5773502691896257,0.0,1.1547005383792515,-3.7859388972001824,-5.686240703077327,-7.54983443527075,-2.516611478423583,-2.943920288775949,-4.163331998932265,0.0,1.2909944487358056,7.505553499465135,4.618802153517006,2.7688746209726918,0.0
124,26,31.0,31.0,29.0,23.0,24.0,23.0,15.0,17.0,18.0,64.0,63.0,65.0,61.0,58.0,63.0,57.0,55.0,57.0,90.0,87.0,93.0,68.0,61.0,72.0,46.0,35.0,51.0,1014.0,1017.0,1018.0,1011.0,1015.0,1016.0,1007.0,1013.0,1013.0,16.0,16.0,16.0,16.0,16.0,14.0,16.0,16.0,3.0,27.0,19.0,23.0,11.0,5.0,8.0,0.0,0.0,0.0,31.0,24.5,17.0,65.0,61.5,50.5,88.5,65.5,42.0,1013.5,1010.5,1007.5,16.0,16.0,15.0,26.5,9.5,0.0,0.0,2.0,2.449489742783178,1.5811388300841898,2.23606797749979,-9.082951062292475,0.0,3.4641016151377544,5.338539126015656,-2.23606797749979,-2.9154759474226504,-4.183300132670378,0.0,0.0,-1.4142135623730951,5.612486080160912,3.6742346141747673,0.0,1.1547005383792515,1.7320508075688772,1.9148542155126762,0.5773502691896257,-2.23606797749979,-7.505553499465135,-3.4641016151377544,-5.686240703077327,-8.144527815247077,-1.9148542155126762,-2.449489742783178,-3.415650255319866,0.0,1.1547005383792515,7.416198487095663,3.958114029012639,2.449489742783178,0.0
125,24,31.0,31.0,31.0,26.0,23.0,24.0,19.0,15.0,17.0,66.0,64.0,63.0,62.0,61.0,58.0,44.0,57.0,55.0,87.0,90.0,87.0,63.0,68.0,61.0,38.0,46.0,35.0,1013.0,1014.0,1017.0,1010.0,1011.0,1015.0,1008.0,1007.0,1013.0,16.0,16.0,16.0,16.0,16.0,16.0,14.0,16.0,16.0,26.0,27.0,19.0,8.0,11.0,5.0,0.0,0.0,0.0,31.0,25.0,18.0,65.0,58.0,44.5,77.5,57.0,36.0,1014.5,1011.5,1009.0,16.0,16.0,15.0,22.5,9.0,0.0,0.0,1.5811388300841898,2.449489742783178,0.0,-5.612486080160912,-9.16515138991168,-13.601470508735444,-9.192388155425117,-6.324555320336759,2.0,2.0,1.5811388300841898,0.0,0.0,0.0,-5.0,-1.5811388300841898,0.0,0.0,1.1547005383792515,1.632993161855452,0.5773502691896257,-4.242640687119285,-7.393691004272944,-10.969655114602888,-6.324555320336759,3.696845502136472,-0.5773502691896257,-1.632993161855452,-3.2145502536643185,0.0,0.0,0.0,2.160246899469287,3.2145502536643185,0.0
126,25,31.0,31.0,31.0,24.0,26.0,23.0,17.0,19.0,15.0,64.0,66.0,64.0,54.0,62.0,61.0,45.0,44.0,57.0,68.0,87.0,90.0,51.0,63.0,68.0,34.0,38.0,46.0,1016.0,1013.0,1014.0,1013.0,1010.0,1011.0,1010.0,1008.0,1007.0,16.0,16.0,16.0,16.0,16.0,16.0,16.0,14.0,16.0,19.0,26.0,27.0,10.0,8.0,11.0,0.0,0.0,0.0,30.5,24.5,18.5,66.5,60.0,53.5,79.0,62.0,44.5,1014.0,1010.5,1007.0,16.0,13.0,9.5,22.5,11.5,0.0,-0.7071067811865476,-1.224744871391589,1.5811388300841898,3.24037034920393,6.324555320336759,12.041594578792296,7.842193570679061,13.038404810405298,14.577379737113251,-1.8708286933869707,-2.8284271247461903,-4.0,0.0,-4.242640687119285,-9.082951062292475,0.0,2.5495097567963922,0.0,-0.5773502691896257,1.4142135623730951,2.6457513110645907,2.886751345948129,5.196152422706632,6.3508529610858835,6.164414002968976,10.246950765959598,10.969655114602888,-1.632993161855452,-2.3804761428476167,-3.2145502536643185,0.0,-3.4641016151377544,-7.505553499465135,-0.5773502691896257,1.1547005383792515,0.0
127,29,30.0,31.0,31.0,25.0,24.0,26.0,20.0,17.0,19.0,69.0,64.0,66.0,66.0,54.0,62.0,62.0,45.0,44.0,90.0,68.0,87.0,73.0,51.0,63.0,55.0,34.0,38.0,1012.0,1016.0,1013.0,1008.0,1013.0,1010.0,1004.0,1010.0,1008.0,16.0,16.0,16.0,10.0,16.0,16.0,3.0,16.0,14.0,26.0,19.0,26.0,13.0,10.0,8.0,0.0,0.0,0.0,33.0,27.0,21.5,69.5,66.0,51.5,88.5,62.0,35.0,1007.5,1004.5,1000.5,16.0,10.0,4.0,24.5,11.5,0.0,4.183300132670378,2.9154759474226504,3.0,3.605551275463989,8.48528137423857,-8.717797887081348,15.411035007422441,0.0,-24.072806234421446,-6.96419413859206,-6.082762530298219,-6.519202405202649,0.0,-4.242640687119285,-9.082951062292475,4.47213595499958,0.0,0.0,3.415650255319866,2.0816659994661326,2.160246899469287,2.70801280154532,5.163977794943222,-7.094598884597588,6.164414002968976,-6.928203230275509,-19.790570145063196,-5.41602560309064,-4.654746681256314,-5.196152422706632,0.0,-3.4641016151377544,-7.32575365861197,-1.7320508075688772,1.1547005383792515,0.0
128,27,36.0,30.0,31.0,29.0,25.0,24.0,23.0,20.0,17.0,70.0,69.0,64.0,66.0,66.0,54.0,41.0,62.0,45.0,87.0,90.0,68.0,51.0,73.0,51.0,15.0,55.0,34.0,1003.0,1012.0,1016.0,1001.0,1008.0,1013.0,997.0,1004.0,1010.0,16.0,16.0,16.0,10.0,10.0,16.0,5.0,3.0,16.0,23.0,26.0,19.0,10.0,13.0,10.0,0.0,0.0,0.0,35.0,28.0,21.0,69.5,52.5,33.0,77.0,45.0,12.5,1004.5,1002.0,999.0,16.0,13.0,8.0,23.0,8.0,0.0,4.0,2.449489742783178,-1.8708286933869707,0.0,-19.091883092036785,-18.66815470259447,-14.300349646075091,-17.72004514666935,-28.50438562747845,-6.0,-4.743416490252569,-4.06201920231798,0.0,4.242640687119285,4.47213595499958,-2.1213203435596424,-3.5355339059327378,0.0,3.2145502536643185,2.0816659994661326,0.816496580927726,2.886751345948129,-13.96424004376894,-11.661903789690601,5.0,-6.928203230275509,-19.86621923433512,-5.41602560309064,-4.83045891539648,-4.795831523312719,0.0,0.0,-6.557438524302,3.6514837167011076,-2.309401076758503,0.0
129,22,34.0,36.0,30.0,27.0,29.0,25.0,19.0,23.0,20.0,69.0,70.0,69.0,39.0,66.0,66.0,25.0,41.0,62.0,67.0,87.0,90.0,39.0,51.0,73.0,10.0,15.0,55.0,1006.0,1003.0,1012.0,1003.0,1001.0,1008.0,1001.0,997.0,1004.0,16.0,16.0,16.0,16.0,10.0,10.0,11.0,5.0,3.0,23.0,23.0,26.0,6.0,10.0,13.0,0.0,0.0,0.0,31.5,24.5,17.5,57.5,36.5,23.5,63.5,37.5,10.5,1010.5,1005.5,1001.5,16.0,16.0,13.5,25.0,8.5,0.0,-3.8078865529319543,-3.8078865529319543,-3.5355339059327378,-16.278820596099706,-19.4164878389476,-11.510864433221338,-14.983324063771697,-8.74642784226795,-3.4641016151377544,6.708203932499369,3.8078865529319543,2.9154759474226504,0.0,4.242640687119285,5.522680508593631,2.8284271247461903,2.1213203435596424,0.0,1.5275252316519468,-2.0816659994661326,-2.309401076758503,-13.279056191361393,-15.853495934125487,-15.340577998671801,-12.355835328567093,-14.571661996262929,-23.266571155486865,1.7320508075688772,-2.581988897471611,-3.265986323710904,0.0,3.4641016151377544,4.654746681256314,1.5275252316519468,0.0,0.0
130,19,29.0,34.0,36.0,22.0,27.0,29.0,16.0,19.0,23.0,46.0,69.0,70.0,34.0,39.0,66.0,22.0,25.0,41.0,60.0,67.0,87.0,36.0,39.0,51.0,11.0,10.0,15.0,1015.0,1006.0,1003.0,1008.0,1003.0,1001.0,1002.0,1001.0,997.0,16.0,16.0,16.0,16.0,16.0,10.0,16.0,11.0,5.0,27.0,23.0,23.0,11.0,6.0,10.0,0.0,0.0,0.0,26.5,20.5,15.0,42.0,33.5,26.5,51.0,34.0,16.0,1018.5,1013.5,1008.5,16.0,16.0,16.0,26.5,10.5,0.0,-5.0,-4.123105625617661,-2.5495097567963922,-17.219175357722563,-3.605551275463989,6.0,-13.656500283747663,-3.5355339059327378,7.106335201775948,8.06225774829855,8.54400374531753,9.219544457292887,0.0,0.0,3.5355339059327378,2.7386127875258306,3.4641016151377544,0.0,-4.242640687119285,-3.559026084010437,-3.1091263510296048,-14.071247279470288,-15.864005379054392,-7.831560082980487,-16.051998837112677,-7.505553499465135,5.033222956847166,6.8068592855540455,7.0710678118654755,7.874007874011811,0.0,3.4641016151377544,4.509249752822894,2.23606797749979,1.632993161855452,0.0
131,18,24.0,29.0,34.0,19.0,22.0,27.0,14.0,16.0,19.0,38.0,46.0,69.0,33.0,34.0,39.0,31.0,22.0,25.0,42.0,60.0,67.0,32.0,36.0,39.0,21.0,11.0,10.0,1022.0,1015.0,1006.0,1019.0,1008.0,1003.0,1015.0,1002.0,1001.0,16.0,16.0,16.0,16.0,16.0,16.0,16.0,16.0,11.0,26.0,27.0,23.0,10.0,11.0,6.0,0.0,0.0,0.0,24.5,18.5,12.5,40.5,33.0,28.0,52.5,35.5,18.0,1022.0,1019.5,1015.5,16.0,16.0,16.0,21.0,7.5,0.0,-3.4641016151377544,-2.23606797749979,-2.5495097567963922,-4.415880433163924,-0.7071067811865476,4.743416490252569,7.648529270389178,4.06201920231798,5.656854249492381,4.949747468305833,7.810249675906654,9.219544457292887,0.0,0.0,0.0,-7.106335201775948,-3.605551275463989,0.0,-4.041451884327381,-3.415650255319866,-2.70801280154532,-13.759844960366863,-2.943920288775949,3.4641016151377544,4.760952285695233,2.8284271247461903,4.654746681256314,6.582805886043833,7.0,7.54983443527075,0.0,0.0,2.886751345948129,-5.32290647422377,-0.5773502691896257,0.0
132,21,25.0,24.0,29.0,18.0,19.0,22.0,11.0,14.0,16.0,43.0,38.0,46.0,33.0,33.0,34.0,25.0,31.0,22.0,63.0,42.0,60.0,39.0,32.0,36.0,15.0,21.0,11.0,1022.0,1022.0,1015.0,1020.0,1019.0,1008.0,1016.0,1015.0,1002.0,16.0,16.0,16.0,16.0,16.0,16.0,16.0,16.0,16.0,16.0,26.0,27.0,5.0,10.0,11.0,0.0,0.0,0.0,26.5,19.5,12.0,41.5,34.0,26.0,57.0,36.0,14.5,1020.5,1018.5,1015.0,16.0,16.0,16.0,15.0,5.0,0.0,2.23606797749979,2.0,-1.5811388300841898,2.8284271247461903,1.4142135623730951,-4.0,12.186057606953941,2.5495097567963922,-4.301162633521313,-2.1213203435596424,-2.0,-1.224744871391589,0.0,0.0,0.0,-7.211102550927978,-3.5355339059327378,0.0,-2.23606797749979,-0.5773502691896257,-1.7320508075688772,-4.0,1.0,4.041451884327381,-3.0,-1.0,4.58257569495584,3.6514837167011076,6.137317546507322,7.438637868140466,0.0,0.0,0.0,-5.916079783099616,-2.943920288775949,0.0
133,24,28.0,25.0,24.0,21.0,18.0,19.0,13.0,11.0,14.0,40.0,43.0,38.0,35.0,33.0,33.0,27.0,25.0,31.0,51.0,63.0,42.0,33.0,39.0,32.0,14.0,15.0,21.0,1019.0,1022.0,1022.0,1017.0,1020.0,1019.0,1014.0,1016.0,1015.0,16.0,16.0,16.0,16.0,16.0,16.0,16.0,16.0,16.0,14.0,16.0,26.0,5.0,5.0,10.0,0.0,0.0,0.0,31.0,22.5,13.5,41.0,35.0,26.5,47.5,30.0,12.0,1018.5,1016.5,1014.0,16.0,16.0,16.0,17.5,5.5,0.0,4.743416490252569,3.0,1.5811388300841898,-1.5811388300841898,1.4142135623730951,1.224744871391589,-9.82344135219425,-6.0,-2.9154759474226504,-2.23606797749979,-2.23606797749979,-1.4142135623730951,0.0,0.0,0.0,4.743416490252569,0.7071067811865476,0.0,3.9157800414902435,2.3804761428476167,-1.1547005383792515,2.581988897471611,1.1547005383792515,-3.3166247903554,9.092121131323903,-2.7688746209726918,-4.203173404306164,-1.8257418583505538,-1.7320508075688772,-1.0,0.0,0.0,0.0,-4.281744192888376,-2.8284271247461903,0.0
134,24,34.0,28.0,25.0,24.0,21.0,18.0,14.0,13.0,11.0,42.0,40.0,43.0,35.0,35.0,33.0,26.0,27.0,25.0,44.0,51.0,63.0,27.0,33.0,39.0,10.0,14.0,15.0,1018.0,1019.0,1022.0,1016.0,1017.0,1020.0,1014.0,1014.0,1016.0,16.0,16.0,16.0,16.0,16.0,16.0,16.0,16.0,16.0,21.0,14.0,16.0,6.0,5.0,5.0,0.0,0.0,0.0,33.5,24.0,15.0,42.0,36.0,29.0,40.5,27.0,13.0,1018.5,1016.5,1014.0,16.0,16.0,16.0,22.0,8.5,0.0,4.183300132670378,2.1213203435596424,1.5811388300841898,1.4142135623730951,1.4142135623730951,4.183300132670378,-7.0,-4.242640687119285,3.1622776601683795,0.0,0.0,0.0,0.0,0.0,0.0,5.1478150704935,3.605551275463989,0.0,3.8297084310253524,2.449489742783178,1.7320508075688772,-1.2909944487358056,1.632993161855452,3.605551275463989,-8.981462390204987,-4.898979485566356,2.516611478423583,-1.7320508075688772,-1.7320508075688772,-1.1547005383792515,0.0,0.0,0.0,4.041451884327381,2.943920288775949,0.0
135,24,33.0,34.0,28.0,24.0,24.0,21.0,16.0,14.0,13.0,42.0,42.0,40.0,37.0,35.0,35.0,32.0,26.0,27.0,37.0,44.0,51.0,27.0,27.0,33.0,16.0,10.0,14.0,1019.0,1018.0,1019.0,1017.0,1016.0,1017.0,1014.0,1014.0,1014.0,16.0,16.0,16.0,16.0,16.0,16.0,16.0,16.0,16.0,23.0,21.0,14.0,11.0,6.0,5.0,0.0,0.0,0.0,33.0,24.0,16.0,50.5,46.5,38.0,63.5,44.0,24.0,1017.5,1015.0,1011.5,16.0,16.0,16.0,24.5,12.0,0.0,-0.7071067811865476,0.0,1.4142135623730951,12.020815280171307,13.509256086106296,9.486832980505138,37.14835124201342,24.041630560342615,12.083045973594572,-2.0,-2.7386127875258306,-3.5355339059327378,0.0,0.0,0.0,2.5495097567963922,3.8078865529319543,0.0,3.415650255319866,1.7320508075688772,1.2909944487358056,9.882644720249063,11.030261405182864,7.724420150837645,30.061048994781714,19.32183566158592,9.591663046625438,-1.7320508075688772,-2.309401076758503,-2.886751345948129,0.0,0.0,0.0,4.546060565661952,3.1622776601683795,0.0
136,24,33.0,33.0,34.0,24.0,24.0,24.0,16.0,16.0,14.0,59.0,42.0,42.0,56.0,37.0,35.0,44.0,32.0,26.0,90.0,37.0,44.0,61.0,27.0,27.0,32.0,16.0,10.0,1016.0,1019.0,1018.0,1013.0,1017.0,1016.0,1009.0,1014.0,1014.0,16.0,16.0,16.0,16.0,16.0,16.0,16.0,16.0,16.0,26.0,23.0,21.0,13.0,11.0,6.0,0.0,0.0,0.0,32.0,24.0,17.0,61.5,59.0,50.5,88.5,63.5,38.5,1014.0,1011.0,1007.5,16.0,16.0,16.0,26.5,13.5,0.0,-1.4142135623730951,0.0,1.4142135623730951,12.529964086141668,14.089002803605371,12.509996003196804,37.416573867739416,24.300205760445735,14.577379737113251,-3.5355339059327378,-4.0,-4.123105625617661,0.0,0.0,0.0,2.23606797749979,1.5811388300841898,0.0,-1.2909944487358056,0.0,1.632993161855452,10.23067283548187,11.561430130683084,10.785793124908958,30.28200785945344,19.841034919244173,12.396235987858034,-2.8284271247461903,-3.2145502536643185,-3.366501646120693,0.0,0.0,0.0,2.160246899469287,3.1622776601683795,0.0
137,26,31.0,33.0,33.0,24.0,24.0,24.0,18.0,16.0,16.0,64.0,59.0,42.0,62.0,56.0,37.0,57.0,44.0,32.0,87.0,90.0,37.0,66.0,61.0,27.0,45.0,32.0,16.0,1012.0,1016.0,1019.0,1009.0,1013.0,1017.0,1006.0,1009.0,1014.0,16.0,16.0,16.0,16.0,16.0,16.0,16.0,16.0,16.0,27.0,26.0,23.0,14.0,13.0,11.0,0.0,0.0,0.0,31.0,25.0,19.5,65.5,63.0,59.5,85.5,65.5,45.5,1012.0,1009.0,1006.5,16.0,16.0,16.0,28.0,14.0,0.0,-1.4142135623730951,1.4142135623730951,2.5495097567963922,4.123105625617661,4.47213595499958,9.848857801796104,-3.0,3.4641016151377544,9.219544457292887,-2.8284271247461903,-2.8284271247461903,-2.0,0.0,0.0,0.0,1.5811388300841898,0.7071067811865476,0.0,-1.1547005383792515,1.1547005383792515,2.0816659994661326,10.376254944182254,11.561430130683084,10.614455552060438,30.501366089625122,19.83263304085802,11.916375287812984,-2.886751345948129,-3.265986323710904,-3.3166247903554,0.0,0.0,0.0,2.160246899469287,1.2909944487358056,0.0
138,26,31.0,31.0,33.0,26.0,24.0,24.0,21.0,18.0,16.0,67.0,64.0,59.0,64.0,62.0,56.0,62.0,57.0,44.0,84.0,87.0,90.0,65.0,66.0,61.0,46.0,45.0,32.0,1012.0,1012.0,1016.0,1009.0,1009.0,1013.0,1007.0,1006.0,1009.0,16.0,16.0,16.0,16.0,16.0,16.0,16.0,16.0,16.0,29.0,27.0,26.0,14.0,14.0,13.0,0.0,0.0,0.0,30.0,26.0,22.0,70.0,67.0,64.5,84.0,70.0,55.5,1012.0,1009.0,1007.0,16.0,13.0,9.5,28.0,13.5,1.0,-1.4142135623730951,1.4142135623730951,2.5495097567963922,4.743416490252569,4.47213595499958,5.0,-2.1213203435596424,7.035623639735144,13.45362404707371,0.0,0.0,0.7071067811865476,0.0,-4.242640687119285,-9.192388155425117,0.0,-0.7071067811865476,1.4142135623730951,-1.632993161855452,1.1547005383792515,2.3804761428476167,4.83045891539648,5.033222956847166,8.54400374531753,-2.449489742783178,6.429100507328637,13.30413469565007,-2.309401076758503,-2.309401076758503,-1.632993161855452,0.0,-3.4641016151377544,-7.505553499465135,0.5773502691896257,0.0,1.1547005383792515
139,24,29.0,31.0,31.0,26.0,26.0,24.0,23.0,21.0,18.0,73.0,67.0,64.0,70.0,64.0,62.0,67.0,62.0,57.0,84.0,84.0,87.0,75.0,65.0,66.0,65.0,46.0,45.0,1012.0,1012.0,1012.0,1009.0,1009.0,1009.0,1007.0,1007.0,1006.0,16.0,16.0,16.0,10.0,16.0,16.0,3.0,16.0,16.0,27.0,29.0,27.0,13.0,14.0,14.0,2.0,0.0,0.0,29.5,25.0,21.0,72.0,69.0,62.5,85.5,72.0,57.5,1013.5,1010.5,1007.5,16.0,9.0,2.5,29.5,10.5,2.0,-1.224744871391589,-1.4142135623730951,-2.449489742783178,4.0,4.0,-5.291502622129181,2.1213203435596424,5.656854249492381,8.246211251235321,2.1213203435596424,2.1213203435596424,0.7071067811865476,0.0,-4.47213595499958,-9.219544457292887,3.24037034920393,-3.605551275463989,1.4142135623730951,-1.0,0.0,-1.0,3.696845502136472,3.4641016151377544,-3.2145502536643185,0.0,4.58257569495584,6.757711644237764,1.7320508075688772,1.7320508075688772,0.816496580927726,0.0,-3.6514837167011076,-7.52772652709081,2.886751345948129,-2.943920288775949,1.1547005383792515
140,24,30.0,29.0,31.0,24.0,26.0,26.0,19.0,23.0,21.0,71.0,73.0,67.0,68.0,70.0,64.0,58.0,67.0,62.0,87.0,84.0,84.0,69.0,75.0,65.0,50.0,65.0,46.0,1015.0,1012.0,1012.0,1012.0,1009.0,1009.0,1008.0,1007.0,1007.0,16.0,16.0,16.0,8.0,10.0,16.0,2.0,3.0,16.0,32.0,27.0,29.0,8.0,13.0,14.0,2.0,2.0,0.0,31.5,24.0,17.5,68.5,65.0,58.0,92.0,70.0,47.0,1014.0,1011.0,1007.5,16.0,12.0,5.0,29.0,9.0,1.0,2.23606797749979,-1.4142135623730951,-3.5355339059327378,-3.8078865529319543,-4.47213595499958,-6.363961030678928,7.3824115301167,-4.0,-11.423659658795863,1.5811388300841898,1.5811388300841898,0.0,0.0,5.477225575051661,4.183300132670378,-2.345207879911715,-3.24037034920393,-1.4142135623730951,1.4142135623730951,-1.1547005383792515,-2.6457513110645907,1.5275252316519468,-1.1547005383792515,-4.320493798938574,6.027713773341708,4.760952285695233,5.773502691896258,1.2909944487358056,1.2909944487358056,0.0,0.0,2.8284271247461903,-6.683312551921141,-2.23606797749979,-2.70801280154532,0.0
141,28,33.0,30.0,29.0,24.0,24.0,26.0,16.0,19.0,23.0,66.0,71.0,73.0,62.0,68.0,70.0,58.0,58.0,67.0,97.0,87.0,84.0,71.0,69.0,75.0,44.0,50.0,65.0,1013.0,1015.0,1012.0,1010.0,1012.0,1009.0,1007.0,1008.0,1007.0,16.0,16.0,16.0,16.0,8.0,10.0,8.0,2.0,3.0,26.0,32.0,27.0,10.0,8.0,13.0,0.0,2.0,2.0,33.5,26.0,19.0,67.0,64.5,61.5,90.5,67.0,42.5,1011.5,1009.0,1005.5,16.0,15.0,7.0,27.5,13.0,0.0,2.23606797749979,2.8284271247461903,3.6742346141747673,-3.24037034920393,-2.345207879911715,4.949747468305833,-5.873670062235365,-5.477225575051661,-4.743416490252569,-2.5495097567963922,-2.0,-2.23606797749979,0.0,5.477225575051661,4.0,-3.6742346141747673,4.47213595499958,-1.4142135623730951,1.9148542155126762,2.0,1.9148542155126762,-2.886751345948129,-2.23606797749979,-3.265986323710904,-4.47213595499958,-5.656854249492381,-9.486832980505138,-1.1547005383792515,0.5773502691896257,-1.7320508075688772,0.0,4.320493798938574,3.2145502536643185,-0.816496580927726,2.23606797749979,-1.1547005383792515
142,22,34.0,33.0,30.0,28.0,24.0,24.0,22.0,16.0,19.0,68.0,66.0,71.0,67.0,62.0,68.0,65.0,58.0,58.0,84.0,97.0,87.0,63.0,71.0,69.0,41.0,44.0,50.0,1010.0,1013.0,1015.0,1008.0,1010.0,1012.0,1004.0,1007.0,1008.0,16.0,16.0,16.0,14.0,16.0,8.0,6.0,8.0,2.0,29.0,26.0,32.0,16.0,10.0,8.0,0.0,0.0,2.0,31.0,25.0,19.5,72.0,68.5,63.0,89.0,75.0,60.0,1012.0,1009.0,1005.5,16.0,11.0,3.0,29.0,13.5,31.0,-4.183300132670378,-3.1622776601683795,2.345207879911715,5.830951894845301,4.123105625617661,4.06201920231798,-5.873670062235365,16.0,26.78619047195775,1.8708286933869707,0.0,0.0,0.0,-4.47213595499958,-4.47213595499958,2.1213203435596424,2.345207879911715,43.840620433565945,-2.943920288775949,-2.581988897471611,0.816496580927726,3.7859388972001824,-0.816496580927726,3.3166247903554,3.2145502536643185,13.114877048604,21.594752448994022,1.0,-1.1547005383792515,-0.5773502691896257,0.0,2.8284271247461903,-1.1547005383792515,-3.0,2.23606797749979,35.77708763999664
143,16,28.0,34.0,33.0,22.0,28.0,24.0,17.0,22.0,16.0,76.0,68.0,66.0,70.0,67.0,62.0,61.0,65.0,58.0,94.0,84.0,97.0,87.0,63.0,71.0,79.0,41.0,44.0,1014.0,1010.0,1013.0,1010.0,1008.0,1010.0,1007.0,1004.0,1007.0,16.0,16.0,16.0,8.0,14.0,16.0,0.0,6.0,8.0,29.0,29.0,26.0,11.0,16.0,10.0,62.0,0.0,0.0,23.5,19.0,15.0,68.0,62.0,54.5,93.5,80.0,65.5,1019.0,1014.5,1010.0,16.0,10.5,1.5,27.5,12.0,43.0,-7.648529270389178,-6.0,-4.527692569068709,-9.797958971132712,-11.113055385446435,-9.617692030835672,7.035623639735144,13.784048752090222,18.907670401189037,7.615773105863909,6.519202405202649,4.743416490252569,0.0,-2.345207879911715,-3.6742346141747673,-2.1213203435596424,-3.24037034920393,34.64101615137755,-6.2182527020592095,-4.320493798938574,-1.2909944487358056,-7.916228058025278,-8.602325267042627,-6.733003292241386,-4.83045891539648,10.263202878893768,15.340577998671801,5.972157622389639,5.196152422706632,3.4641016151377544,0.0,-2.23606797749979,-3.2145502536643185,0.0,2.23606797749979,28.284271247461902
144,18,19.0,28.0,34.0,16.0,22.0,28.0,13.0,17.0,22.0,60.0,76.0,68.0,54.0,70.0,67.0,48.0,61.0,65.0,93.0,94.0,84.0,73.0,87.0,63.0,52.0,79.0,41.0,1024.0,1014.0,1010.0,1019.0,1010.0,1008.0,1013.0,1007.0,1004.0,16.0,16.0,16.0,13.0,8.0,14.0,3.0,0.0,6.0,26.0,29.0,29.0,13.0,11.0,16.0,24.0,62.0,0.0,21.5,17.0,12.0,55.5,48.5,40.0,93.0,65.0,36.5,1025.0,1021.5,1017.5,16.0,14.5,5.5,26.5,12.0,14.0,-5.291502622129181,-4.0,-3.1622776601683795,-12.98075498574717,-13.729530217745982,-14.577379737113251,-0.7071067811865476,-15.033296378372908,-29.068883707497267,7.211102550927978,7.280109889280518,7.648529270389178,0.0,4.123105625617661,4.123105625617661,-2.0,0.0,-30.364452901377952,-5.5377492419453835,-4.760952285695233,-3.872983346207417,-9.539392014169456,-11.075498483890767,-12.12435565298214,5.744562646538029,6.429100507328637,-9.055385138137417,6.324555320336759,6.0553007081949835,6.48074069840786,0.0,-0.816496580927726,-0.816496580927726,-1.632993161855452,-2.886751345948129,25.81988897471611
145,18,24.0,19.0,28.0,18.0,16.0,22.0,11.0,13.0,17.0,51.0,60.0,76.0,43.0,54.0,70.0,32.0,48.0,61.0,93.0,93.0,94.0,57.0,73.0,87.0,21.0,52.0,79.0,1026.0,1024.0,1014.0,1024.0,1019.0,1010.0,1022.0,1013.0,1007.0,16.0,16.0,16.0,16.0,13.0,8.0,8.0,3.0,0.0,27.0,26.0,29.0,11.0,13.0,11.0,4.0,24.0,62.0,26.5,18.0,9.5,49.0,42.0,32.5,93.0,56.0,19.0,1026.0,1023.5,1021.0,16.0,16.0,12.0,21.5,8.0,2.0,5.0,1.4142135623730951,-2.5495097567963922,-6.96419413859206,-7.905694150420948,-11.291589790636214,0.0,-11.40175425099138,-22.102036105300343,1.4142135623730951,3.4641016151377544,6.2048368229954285,0.0,2.1213203435596424,6.670832032063167,-7.745966692414834,-4.47213595499958,-14.422205101855956,-3.2145502536643185,-3.265986323710904,-3.1091263510296048,-10.847426730181986,-11.269427669584644,-11.88836966675134,-0.5773502691896257,-12.328828005937952,-23.84673283002656,5.887840577551898,5.916079783099616,6.137317546507322,0.0,3.366501646120693,5.715476066494082,-6.557438524302,-3.4641016151377544,-24.899799195977465
146,23,29.0,24.0,19.0,18.0,18.0,16.0,8.0,11.0,13.0,47.0,51.0,60.0,41.0,43.0,54.0,33.0,32.0,48.0,93.0,93.0,93.0,55.0,57.0,73.0,17.0,21.0,52.0,1026.0,1026.0,1024.0,1023.0,1024.0,1019.0,1020.0,1022.0,1013.0,16.0,16.0,16.0,16.0,16.0,13.0,16.0,8.0,3.0,16.0,27.0,26.0,5.0,11.0,13.0,0.0,4.0,24.0,29.5,20.5,12.0,47.5,42.0,34.5,76.5,47.5,18.5,1023.5,1020.5,1017.5,16.0,16.0,16.0,20.0,8.0,0.0,3.605551275463989,3.5355339059327378,5.244044240850758,-2.7386127875258306,0.0,2.23606797749979,-23.33452377915607,-10.700467279516348,-1.8708286933869707,-3.5355339059327378,-3.605551275463989,-3.8078865529319543,0.0,0.0,5.656854249492381,-5.338539126015656,0.0,-2.8284271247461903,4.123105625617661,3.1091263510296048,4.123105625617661,-5.656854249492381,-6.3508529610858835,-9.055385138137417,-19.05255888325765,-12.7148207485071,-17.962924780409974,-2.6457513110645907,-0.5773502691896257,4.163331998932265,0.0,1.7320508075688772,5.446711546122731,-4.320493798938574,-1.1547005383792515,-11.775681155103795
147,23,30.0,29.0,24.0,23.0,18.0,18.0,16.0,8.0,11.0,48.0,47.0,51.0,43.0,41.0,43.0,36.0,33.0,32.0,60.0,93.0,93.0,40.0,55.0,57.0,20.0,17.0,21.0,1021.0,1026.0,1026.0,1018.0,1023.0,1024.0,1015.0,1020.0,1022.0,16.0,16.0,16.0,16.0,16.0,16.0,16.0,16.0,8.0,24.0,16.0,27.0,11.0,5.0,11.0,0.0,0.0,4.0,30.0,23.0,16.0,53.5,49.0,41.5,72.0,49.0,26.0,1019.0,1016.5,1014.0,16.0,16.0,16.0,25.5,12.5,0.0,0.7071067811865476,3.5355339059327378,5.656854249492381,7.810249675906654,8.602325267042627,8.06225774829855,-16.015617378046965,7.035623639735144,8.74642784226795,-4.527692569068709,-4.123105625617661,-3.8078865529319543,0.0,0.0,0.0,6.041522986797286,4.743416490252569,0.0,2.943920288775949,2.886751345948129,4.281744192888376,5.94418483337567,6.928203230275509,6.60807586719967,-13.076696830622021,5.627314338711377,6.757711644237764,-3.696845502136472,-3.415650255319866,-3.3166247903554,0.0,0.0,4.618802153517006,-4.0,1.7320508075688772,-2.309401076758503
148,23,30.0,30.0,29.0,23.0,23.0,18.0,16.0,16.0,8.0,59.0,48.0,47.0,55.0,43.0,41.0,47.0,36.0,33.0,84.0,60.0,93.0,58.0,40.0,55.0,32.0,20.0,17.0,1017.0,1021.0,1026.0,1015.0,1018.0,1023.0,1013.0,1015.0,1020.0,16.0,16.0,16.0,16.0,16.0,16.0,16.0,16.0,16.0,27.0,24.0,16.0,14.0,11.0,5.0,0.0,0.0,0.0,29.5,23.0,16.5,60.0,57.0,52.0,88.5,62.5,36.0,1018.0,1016.0,1014.0,16.0,16.0,14.5,26.5,13.5,0.0,-0.7071067811865476,0.0,0.7071067811865476,7.905694150420948,8.94427190999916,10.51189802081432,18.12456896039186,14.230249470757707,10.198039027185569,-2.449489742783178,-1.5811388300841898,0.0,0.0,0.0,-2.1213203435596424,2.0,2.0,0.0,0.0,2.886751345948129,4.654746681256314,6.48074069840786,7.393691004272944,8.755950357709132,-12.0,7.745966692414834,8.504900548115382,-3.5118845842842465,-3.1622776601683795,-2.886751345948129,0.0,0.0,-1.7320508075688772,4.898979485566356,3.8297084310253524,0.0
149,24,29.0,30.0,30.0,23.0,23.0,23.0,17.0,16.0,16.0,61.0,59.0,48.0,59.0,55.0,43.0,57.0,47.0,36.0,93.0,84.0,60.0,67.0,58.0,40.0,40.0,32.0,20.0,1019.0,1017.0,1021.0,1017.0,1015.0,1018.0,1015.0,1013.0,1015.0,16.0,16.0,16.0,16.0,16.0,16.0,13.0,16.0,16.0,26.0,27.0,24.0,13.0,14.0,11.0,0.0,0.0,0.0,29.5,23.5,18.0,62.5,60.0,57.0,90.0,66.0,41.5,1018.5,1016.5,1014.5,16.0,16.0,14.5,27.5,14.5,0.0,0.0,0.7071067811865476,1.5811388300841898,2.5495097567963922,3.1622776601683795,7.0710678118654755,4.743416490252569,6.2048368229954285,6.041522986797286,1.224744871391589,1.224744871391589,1.224744871391589,0.0,0.0,0.0,2.0,2.0,0.0,0.0,0.5773502691896257,1.2909944487358056,6.683312551921141,7.393691004272944,8.582928793055823,14.38749456993816,11.561430130683084,8.504900548115382,-2.0816659994661326,-1.4142135623730951,-0.5773502691896257,0.0,0.0,0.0,2.3804761428476167,2.3804761428476167,0.0
150,26,30.0,29.0,30.0,24.0,23.0,23.0,19.0,17.0,16.0,64.0,61.0,59.0,61.0,59.0,55.0,57.0,57.0,47.0,87.0,93.0,84.0,65.0,67.0,58.0,43.0,40.0,32.0,1018.0,1019.0,1017.0,1016.0,1017.0,1015.0,1014.0,1015.0,1013.0,16.0,16.0,16.0,16.0,16.0,16.0,16.0,13.0,16.0,29.0,26.0,27.0,16.0,13.0,14.0,0.0,0.0,0.0,31.0,25.0,19.0,64.5,61.5,58.0,85.5,64.0,42.5,1018.5,1016.0,1014.5,16.0,16.0,16.0,26.0,15.0,0.0,1.5811388300841898,1.5811388300841898,1.4142135623730951,2.23606797749979,1.5811388300841898,1.4142135623730951,-4.743416490252569,-2.0,2.0,0.0,-0.7071067811865476,0.0,0.0,0.0,2.1213203435596424,-3.6742346141747673,1.5811388300841898,0.0,1.1547005383792515,1.2909944487358056,1.2909944487358056,2.160246899469287,2.6457513110645907,5.887840577551898,3.4641016151377544,4.932882862316247,4.898979485566356,1.1547005383792515,1.0,1.1547005383792515,0.0,0.0,0.0,-3.0550504633038935,1.1547005383792515,0.0
151,27,32.0,30.0,29.0,26.0,24.0,23.0,19.0,19.0,17.0,65.0,64.0,61.0,62.0,61.0,59.0,59.0,57.0,57.0,84.0,87.0,93.0,63.0,65.0,67.0,42.0,43.0,40.0,1019.0,1018.0,1019.0,1016.0,1016.0,1017.0,1015.0,1014.0,1015.0,16.0,16.0,16.0,16.0,16.0,16.0,16.0,16.0,13.0,23.0,29.0,26.0,14.0,16.0,13.0,0.0,0.0,0.0,32.0,26.5,20.0,65.5,63.0,60.0,84.0,62.0,40.0,1019.0,1016.5,1015.0,16.0,16.0,16.0,24.5,13.5,0.0,1.4142135623730951,1.5811388300841898,1.4142135623730951,1.0,1.5811388300841898,2.0,-2.1213203435596424,-2.0,-2.9154759474226504,0.7071067811865476,0.7071067811865476,0.7071067811865476,0.0,0.0,0.0,-3.6742346141747673,-1.5811388300841898,0.0,1.2909944487358056,1.4142135623730951,1.632993161855452,1.9148542155126762,1.7320508075688772,1.632993161855452,-3.872983346207417,-2.0,-1.632993161855452,0.0,0.0,0.0,0.0,0.0,1.7320508075688772,-2.449489742783178,1.1547005383792515,0.0
152,26,32.0,32.0,30.0,27.0,26.0,24.0,21.0,19.0,19.0,66.0,65.0,64.0,64.0,62.0,61.0,61.0,59.0,57.0,84.0,84.0,87.0,61.0,63.0,65.0,38.0,42.0,43.0,1019.0,1019.0,1018.0,1017.0,1016.0,1016.0,1015.0,1015.0,1014.0,16.0,16.0,16.0,16.0,16.0,16.0,16.0,16.0,16.0,26.0,23.0,29.0,13.0,14.0,16.0,0.0,0.0,0.0,31.5,26.5,21.0,67.0,64.5,61.0,87.0,65.5,44.0,1019.5,1017.5,1015.0,16.0,16.0,13.5,25.0,12.0,0.0,-0.7071067811865476,0.0,1.4142135623730951,1.5811388300841898,1.5811388300841898,1.4142135623730951,4.242640687119285,6.2048368229954285,8.0,0.7071067811865476,1.0,0.0,0.0,0.0,-3.5355339059327378,1.5811388300841898,-1.5811388300841898,0.0,1.0,1.1547005383792515,1.1547005383792515,1.4142135623730951,1.4142135623730951,1.632993161855452,3.0,4.932882862316247,6.506407098647712,0.816496580927726,0.816496580927726,0.5773502691896257,0.0,0.0,-2.886751345948129,-3.2145502536643185,-1.7320508075688772,0.0
153,26,31.0,32.0,32.0,26.0,27.0,26.0,21.0,21.0,19.0,68.0,66.0,65.0,65.0,64.0,62.0,61.0,61.0,59.0,90.0,84.0,84.0,70.0,61.0,63.0,50.0,38.0,42.0,1020.0,1019.0,1019.0,1018.0,1017.0,1016.0,1015.0,1015.0,1015.0,16.0,16.0,16.0,16.0,16.0,16.0,11.0,16.0,16.0,24.0,26.0,23.0,11.0,13.0,14.0,0.0,0.0,0.0,30.0,26.0,21.5,69.5,66.0,61.5,87.0,69.5,52.0,1019.5,1017.5,1015.0,16.0,14.5,5.5,23.5,10.5,2.5,-1.5811388300841898,-0.7071067811865476,0.7071067811865476,2.5495097567963922,1.5811388300841898,0.7071067811865476,0.0,6.324555320336759,8.94427190999916,0.0,0.0,0.0,0.0,-2.1213203435596424,-8.54400374531753,-1.5811388300841898,-1.5811388300841898,3.5355339059327378,-1.2909944487358056,0.0,1.2909944487358056,2.160246899469287,1.7320508075688772,1.2909944487358056,0.0,5.033222956847166,6.928203230275509,0.0,0.5773502691896257,0.0,0.0,-1.7320508075688772,-6.97614984548545,1.1547005383792515,-1.4142135623730951,2.886751345948129
154,26,29.0,31.0,32.0,26.0,26.0,27.0,22.0,21.0,21.0,71.0,68.0,66.0,67.0,65.0,64.0,62.0,61.0,61.0,84.0,90.0,84.0,69.0,70.0,61.0,54.0,50.0,38.0,1019.0,1020.0,1019.0,1017.0,1018.0,1017.0,1015.0,1015.0,1015.0,16.0,16.0,16.0,13.0,16.0,16.0,0.0,11.0,16.0,23.0,24.0,26.0,10.0,11.0,13.0,5.0,0.0,0.0,29.5,26.0,21.5,70.5,67.5,64.0,90.5,74.0,57.5,1018.5,1016.5,1013.5,16.0,13.5,5.5,23.5,10.5,5.0,-1.224744871391589,0.0,0.0,2.0,1.5811388300841898,2.9154759474226504,8.154753215150045,7.035623639735144,5.70087712549569,-1.0,-1.0,-2.1213203435596424,0.0,-2.0,0.0,0.0,0.0,3.5355339059327378,-1.1547005383792515,-0.5773502691896257,0.0,2.0,1.4142135623730951,2.3804761428476167,7.505553499465135,7.745966692414834,8.34665601703261,-0.5773502691896257,-0.5773502691896257,-1.7320508075688772,0.0,-1.632993161855452,-2.886751345948129,-1.1547005383792515,-1.1547005383792515,2.886751345948129
155,27,30.0,29.0,31.0,26.0,26.0,26.0,21.0,22.0,21.0,70.0,71.0,68.0,68.0,67.0,65.0,66.0,62.0,61.0,97.0,84.0,90.0,79.0,69.0,70.0,61.0,54.0,50.0,1018.0,1019.0,1020.0,1016.0,1017.0,1018.0,1012.0,1015.0,1015.0,16.0,16.0,16.0,14.0,13.0,16.0,11.0,0.0,11.0,24.0,23.0,24.0,11.0,10.0,11.0,5.0,5.0,0.0,30.5,26.5,21.5,68.5,67.0,64.5,90.5,72.5,54.5,1018.0,1015.5,1012.0,16.0,15.0,13.5,24.0,10.5,5.0,1.0,0.7071067811865476,0.0,-2.23606797749979,-1.224744871391589,1.8708286933869707,0.0,-5.873670062235365,-7.745966692414834,-0.7071067811865476,-1.0,-2.1213203435596424,0.0,1.5811388300841898,8.54400374531753,0.7071067811865476,0.0,0.0,-0.816496580927726,0.5773502691896257,0.5773502691896257,-0.5773502691896257,0.5773502691896257,1.632993161855452,-3.4641016151377544,-4.83045891539648,-5.887840577551898,-0.816496580927726,-1.0,-1.7320508075688772,0.0,-1.1547005383792515,2.886751345948129,0.0,-0.5773502691896257,2.886751345948129
156,21,31.0,30.0,29.0,27.0,26.0,26.0,22.0,21.0,22.0,67.0,70.0,71.0,66.0,68.0,67.0,63.0,66.0,62.0,84.0,97.0,84.0,66.0,79.0,69.0,48.0,61.0,54.0,1018.0,1018.0,1019.0,1015.0,1016.0,1017.0,1012.0,1012.0,1015.0,16.0,16.0,16.0,16.0,14.0,13.0,16.0,11.0,0.0,24.0,24.0,23.0,10.0,11.0,10.0,5.0,5.0,5.0,27.5,24.0,20.0,68.5,65.5,62.0,88.5,74.5,60.5,1018.5,1015.5,1013.0,16.0,14.5,9.0,25.5,9.0,22.5,-4.898979485566356,-4.183300132670378,-2.7386127875258306,0.0,-1.5811388300841898,-2.5495097567963922,-6.6332495807108,7.745966692414834,15.0996688705415,0.7071067811865476,0.0,1.4142135623730951,0.0,-1.5811388300841898,-9.246621004453464,2.1213203435596424,-1.5811388300841898,24.748737341529164,-3.958114029012639,-3.415650255319866,-2.309401076758503,-0.5773502691896257,-1.1547005383792515,1.0,5.196152422706632,8.563488385776752,12.974333637352377,0.0,-0.5773502691896257,-1.2909944487358056,0.0,-1.1547005383792515,-4.08248290463863,1.8257418583505538,-1.1547005383792515,20.207259421636902
157,20,24.0,31.0,30.0,21.0,27.0,26.0,18.0,22.0,21.0,70.0,67.0,70.0,65.0,66.0,68.0,61.0,63.0,66.0,93.0,84.0,97.0,83.0,66.0,79.0,73.0,48.0,61.0,1019.0,1018.0,1018.0,1016.0,1015.0,1016.0,1014.0,1012.0,1012.0,16.0,16.0,16.0,13.0,16.0,14.0,2.0,16.0,11.0,27.0,24.0,24.0,8.0,10.0,11.0,40.0,5.0,5.0,23.5,20.5,17.5,68.5,64.5,61.0,93.0,84.5,76.0,1018.0,1015.0,1012.5,16.0,11.5,1.0,31.0,6.5,42.0,-5.0,-4.301162633521313,-2.9154759474226504,0.0,-1.0,-1.4142135623730951,6.363961030678928,12.206555615733702,18.179658962697843,-1.224744871391589,-1.224744871391589,-1.5811388300841898,0.0,-3.0,-10.0,6.041522986797286,-2.5495097567963922,24.9098374141623,-4.041451884327381,-3.4641016151377544,-2.309401076758503,-1.7320508075688772,-1.4142135623730951,-2.0816659994661326,-5.41602560309064,6.557438524302,12.806248474865697,-1.0,-1.1547005383792515,-1.2909944487358056,0.0,-2.160246899469287,-7.637626158259733,4.932882862316247,-2.160246899469287,20.33879708012907
158,24,23.0,24.0,31.0,20.0,21.0,27.0,17.0,18.0,22.0,67.0,70.0,67.0,64.0,65.0,66.0,61.0,61.0,63.0,93.0,93.0,84.0,86.0,83.0,66.0,79.0,73.0,48.0,1017.0,1019.0,1018.0,1014.0,1016.0,1015.0,1011.0,1014.0,1012.0,16.0,16.0,16.0,10.0,13.0,16.0,0.0,2.0,16.0,35.0,27.0,24.0,5.0,8.0,10.0,44.0,40.0,5.0,26.0,22.0,18.5,67.5,65.0,61.5,95.0,80.0,65.0,1015.5,1013.0,1010.5,16.0,10.5,1.5,29.0,5.5,22.0,4.183300132670378,2.7386127875258306,2.0,-2.0,1.224744871391589,0.7071067811865476,2.8284271247461903,-8.215838362577491,-19.339079605813716,-2.5495097567963922,-2.0,-2.23606797749979,0.0,-2.0,1.5811388300841898,-6.324555320336759,-2.0,-30.983866769659336,-2.160246899469287,-2.6457513110645907,-1.632993161855452,0.5773502691896257,0.816496580927726,-1.0,5.686240703077327,7.164728420068226,-6.4031242374328485,-2.0,-1.5275252316519468,-1.4142135623730951,0.0,-2.3804761428476167,-7.979139469057215,-4.864839839775475,-2.0,-15.220600075774499
159,26,29.0,23.0,24.0,24.0,20.0,21.0,20.0,17.0,18.0,68.0,67.0,70.0,66.0,64.0,65.0,62.0,61.0,61.0,97.0,93.0,93.0,74.0,86.0,83.0,51.0,79.0,73.0,1014.0,1017.0,1019.0,1012.0,1014.0,1016.0,1010.0,1011.0,1014.0,16.0,16.0,16.0,11.0,10.0,13.0,3.0,0.0,2.0,23.0,35.0,27.0,6.0,5.0,8.0,0.0,44.0,40.0,30.5,25.0,19.5,66.5,64.5,61.5,95.0,70.0,44.5,1013.0,1011.5,1009.5,16.0,13.5,9.5,18.5,4.5,0.0,4.743416490252569,3.1622776601683795,2.0,-2.0,-1.5811388300841898,0.0,0.0,-10.198039027185569,-21.828879952943073,-2.5495097567963922,-1.5811388300841898,-1.0,0.0,3.605551275463989,9.433981132056603,-10.606601717798213,-2.0,-31.11269837220809,3.8297084310253524,2.516611478423583,1.5275252316519468,-2.3804761428476167,-1.4142135623730951,0.0,0.0,-8.144527815247077,-17.483325389257807,-2.3804761428476167,-1.7320508075688772,-1.9148542155126762,0.0,2.3804761428476167,7.615773105863909,-7.32575365861197,-2.3804761428476167,-25.298221281347036
160,27,32.0,29.0,23.0,26.0,24.0,20.0,19.0,20.0,17.0,65.0,68.0,67.0,63.0,66.0,64.0,61.0,62.0,61.0,93.0,97.0,93.0,66.0,74.0,86.0,38.0,51.0,79.0,1012.0,1014.0,1017.0,1011.0,1012.0,1014.0,1009.0,1010.0,1011.0,16.0,16.0,16.0,16.0,11.0,10.0,16.0,3.0,0.0,14.0,23.0,35.0,3.0,6.0,5.0,0.0,0.0,44.0,33.0,26.5,19.5,66.0,64.0,60.5,88.5,63.0,37.0,1011.5,1010.5,1008.5,16.0,16.0,16.0,14.0,4.0,0.0,2.5495097567963922,1.5811388300841898,0.0,-1.5811388300841898,-1.5811388300841898,-1.0,-6.96419413859206,-7.0710678118654755,-9.300537618869138,-1.5811388300841898,-1.0,-1.0,0.0,3.5355339059327378,9.192388155425117,-6.363961030678928,-1.5811388300841898,0.0,4.041451884327381,2.6457513110645907,1.7320508075688772,-1.1547005383792515,-0.5773502691896257,-0.5773502691896257,-5.196152422706632,-9.018499505645789,-17.86057109949175,-2.160246899469287,-1.4142135623730951,-1.0,0.0,2.943920288775949,7.702813338860896,-8.660254037844387,-1.1547005383792515,-25.403411844343534
161,28,34.0,32.0,29.0,27.0,26.0,24.0,20.0,19.0,20.0,67.0,65.0,68.0,65.0,63.0,66.0,60.0,61.0,62.0,84.0,93.0,97.0,60.0,66.0,74.0,36.0,38.0,51.0,1011.0,1012.0,1014.0,1010.0,1011.0,1012.0,1008.0,1009.0,1010.0,16.0,16.0,16.0,16.0,16.0,11.0,16.0,16.0,3.0,14.0,14.0,23.0,5.0,3.0,6.0,0.0,0.0,0.0,34.0,27.5,20.5,68.0,66.0,62.5,84.0,61.5,38.5,1011.5,1010.5,1009.0,16.0,16.0,16.0,15.0,5.0,0.0,1.4142135623730951,1.0,1.0,2.0,2.0,3.4641016151377544,-6.363961030678928,-3.6742346141747673,3.24037034920393,0.0,0.0,1.224744871391589,0.0,0.0,0.0,1.4142135623730951,1.4142135623730951,0.0,2.0816659994661326,1.4142135623730951,0.5773502691896257,-0.5773502691896257,-0.5773502691896257,2.7688746209726918,-5.686240703077327,-5.507570547286102,-7.023769168568493,-1.1547005383792515,-0.5773502691896257,0.816496580927726,0.0,2.886751345948129,7.505553499465135,-5.066228051190222,-1.2909944487358056,0.0
162,27,34.0,34.0,32.0,28.0,27.0,26.0,21.0,20.0,19.0,69.0,67.0,65.0,67.0,65.0,63.0,65.0,60.0,61.0,84.0,84.0,93.0,63.0,60.0,66.0,41.0,36.0,38.0,1012.0,1011.0,1012.0,1011.0,1010.0,1011.0,1010.0,1008.0,1009.0,16.0,16.0,16.0,16.0,16.0,16.0,16.0,16.0,16.0,16.0,14.0,14.0,5.0,5.0,3.0,0.0,0.0,0.0,32.5,27.5,21.5,70.0,68.0,64.0,88.5,66.0,43.0,1013.5,1012.0,1010.0,16.0,14.5,9.5,19.5,5.5,0.0,-2.1213203435596424,0.0,1.0,2.0,2.0,3.24037034920393,6.363961030678928,4.743416490252569,4.527692569068709,2.23606797749979,1.5811388300841898,1.4142135623730951,0.0,-2.1213203435596424,-9.192388155425117,5.1478150704935,0.7071067811865476,0.0,-1.2909944487358056,0.5773502691896257,1.0,2.0,2.0,2.581988897471611,0.0,1.7320508075688772,3.5118845842842465,1.7320508075688772,1.1547005383792515,1.0,0.0,-1.7320508075688772,-7.505553499465135,4.203173404306164,1.2909944487358056,0.0
163,28,31.0,34.0,34.0,27.0,28.0,27.0,22.0,21.0,20.0,71.0,69.0,67.0,69.0,67.0,65.0,63.0,65.0,60.0,93.0,84.0,84.0,69.0,63.0,60.0,45.0,41.0,36.0,1015.0,1012.0,1011.0,1013.0,1011.0,1010.0,1010.0,1010.0,1008.0,16.0,16.0,16.0,13.0,16.0,16.0,3.0,16.0,16.0,23.0,16.0,14.0,6.0,5.0,5.0,0.0,0.0,0.0,32.0,27.5,22.5,71.0,69.0,65.0,90.0,68.0,46.0,1015.0,1013.0,1010.5,16.0,14.5,8.0,22.0,8.5,0.0,-1.5811388300841898,0.0,1.0,1.4142135623730951,1.4142135623730951,2.449489742783178,4.743416490252569,4.0,3.1622776601683795,2.1213203435596424,1.4142135623730951,0.7071067811865476,0.0,0.0,-5.873670062235365,4.743416490252569,3.605551275463989,0.0,-1.2909944487358056,0.5773502691896257,1.0,1.632993161855452,1.632993161855452,3.5118845842842465,3.872983346207417,3.696845502136472,3.872983346207417,1.8257418583505538,1.2909944487358056,1.2909944487358056,0.0,0.0,-4.795831523312719,4.041451884327381,2.943920288775949,0.0
164,28,33.0,31.0,34.0,28.0,27.0,28.0,23.0,22.0,21.0,71.0,71.0,69.0,69.0,69.0,67.0,67.0,63.0,65.0,87.0,93.0,84.0,67.0,69.0,63.0,47.0,45.0,41.0,1015.0,1015.0,1012.0,1013.0,1013.0,1011.0,1011.0,1010.0,1010.0,16.0,16.0,16.0,16.0,13.0,16.0,13.0,3.0,16.0,21.0,23.0,16.0,11.0,6.0,5.0,0.0,0.0,0.0,32.5,28.0,23.5,71.5,69.5,67.5,84.5,67.0,49.5,1016.0,1014.0,1011.5,16.0,16.0,14.5,18.5,10.5,0.0,1.224744871391589,0.7071067811865476,1.0,0.7071067811865476,0.7071067811865476,2.9154759474226504,-5.522680508593631,-1.4142135623730951,3.8078865529319543,1.4142135623730951,1.4142135623730951,1.0,0.0,2.1213203435596424,7.3824115301167,-3.8078865529319543,3.4641016151377544,0.0,-1.4142135623730951,0.0,1.0,1.2909944487358056,1.2909944487358056,2.0816659994661326,2.581988897471611,3.265986323710904,3.872983346207417,2.0816659994661326,1.632993161855452,0.816496580927726,0.0,0.0,-4.47213595499958,2.581988897471611,2.886751345948129,0.0
165,28,32.0,33.0,31.0,28.0,28.0,27.0,24.0,23.0,22.0,72.0,71.0,71.0,70.0,69.0,69.0,68.0,67.0,63.0,82.0,87.0,93.0,67.0,67.0,69.0,52.0,47.0,45.0,1017.0,1015.0,1015.0,1015.0,1013.0,1013.0,1012.0,1011.0,1010.0,16.0,16.0,16.0,16.0,16.0,13.0,16.0,13.0,3.0,16.0,21.0,23.0,10.0,11.0,6.0,0.0,0.0,0.0,32.5,28.0,23.5,71.5,70.0,68.0,84.5,68.5,52.0,1015.5,1013.0,1010.5,16.0,16.0,16.0,17.5,10.5,0.0,0.0,0.0,0.0,0.0,0.7071067811865476,0.7071067811865476,0.0,2.1213203435596424,3.5355339059327378,-1.5811388300841898,-2.449489742783178,-2.0,0.0,0.0,2.1213203435596424,-2.8284271247461903,0.0,0.0,1.1547005383792515,0.5773502691896257,0.5773502691896257,0.0,0.5773502691896257,2.3804761428476167,-3.4641016151377544,1.2909944487358056,3.1091263510296048,-1.2909944487358056,-2.0,-1.5275252316519468,0.0,1.7320508075688772,6.027713773341708,-2.581988897471611,2.886751345948129,0.0
166,28,33.0,32.0,33.0,28.0,28.0,28.0,23.0,24.0,23.0,71.0,72.0,71.0,70.0,70.0,69.0,68.0,68.0,67.0,87.0,82.0,87.0,70.0,67.0,67.0,52.0,52.0,47.0,1014.0,1017.0,1015.0,1011.0,1015.0,1013.0,1009.0,1012.0,1011.0,16.0,16.0,16.0,16.0,16.0,16.0,16.0,16.0,13.0,19.0,16.0,21.0,11.0,10.0,11.0,0.0,0.0,0.0,33.0,28.0,23.0,71.5,70.0,68.0,87.0,71.0,54.0,1013.0,1010.5,1008.5,16.0,16.0,16.0,21.0,11.0,0.0,0.7071067811865476,0.0,-0.7071067811865476,0.0,0.0,0.0,3.5355339059327378,2.5495097567963922,2.8284271247461903,-2.5495097567963922,-2.9154759474226504,-2.23606797749979,0.0,0.0,0.0,3.5355339059327378,0.7071067811865476,0.0,0.0,0.0,0.0,0.5773502691896257,0.5773502691896257,0.5773502691896257,0.0,2.0816659994661326,3.696845502136472,-1.7320508075688772,-2.0816659994661326,-1.7320508075688772,0.0,0.0,1.7320508075688772,0.0,0.0,0.0
167,28,33.0,33.0,32.0,28.0,28.0,28.0,23.0,23.0,24.0,72.0,71.0,72.0,70.0,70.0,70.0,68.0,68.0,68.0,87.0,87.0,82.0,72.0,70.0,67.0,56.0,52.0,52.0,1012.0,1014.0,1017.0,1010.0,1011.0,1015.0,1008.0,1009.0,1012.0,16.0,16.0,16.0,16.0,16.0,16.0,16.0,16.0,16.0,23.0,19.0,16.0,11.0,11.0,10.0,0.0,0.0,0.0,33.0,28.0,23.0,71.5,70.0,68.5,87.0,71.0,54.0,1013.5,1011.0,1009.0,16.0,16.0,15.0,23.0,11.0,0.0,0.0,0.0,0.0,0.0,0.0,0.7071067811865476,0.0,0.0,0.0,1.5811388300841898,1.224744871391589,1.224744871391589,0.0,0.0,-1.4142135623730951,2.8284271247461903,0.0,0.0,0.5773502691896257,0.0,-0.5773502691896257,-0.5773502691896257,0.0,0.5773502691896257,2.886751345948129,1.7320508075688772,0.0,-1.1547005383792515,-2.0816659994661326,-1.4142135623730951,0.0,0.0,-1.1547005383792515,2.886751345948129,0.5773502691896257,0.0
168,28,33.0,33.0,33.0,28.0,28.0,28.0,23.0,23.0,23.0,71.0,72.0,71.0,70.0,70.0,70.0,69.0,68.0,68.0,87.0,87.0,87.0,70.0,72.0,70.0,52.0,56.0,52.0,1015.0,1012.0,1014.0,1012.0,1010.0,1011.0,1010.0,1008.0,1009.0,16.0,16.0,16.0,16.0,16.0,16.0,14.0,16.0,16.0,23.0,23.0,19.0,11.0,11.0,11.0,0.0,0.0,0.0,33.0,28.0,23.0,71.5,70.0,68.0,90.0,70.5,50.5,1015.0,1012.0,1009.5,16.0,16.0,15.0,23.0,11.0,0.0,0.0,0.0,0.0,0.0,0.0,-1.224744871391589,4.242640687119285,-1.224744871391589,-3.5355339059327378,2.1213203435596424,1.4142135623730951,1.224744871391589,0.0,0.0,0.0,0.0,0.0,0.0,0.0,0.0,0.0,0.5773502691896257,0.0,-1.0,3.4641016151377544,0.5773502691896257,-1.7320508075688772,1.2909944487358056,1.0,0.816496580927726,0.0,0.0,0.0,2.309401076758503,0.0,0.0
169,28,33.0,33.0,33.0,28.0,28.0,28.0,23.0,23.0,23.0,72.0,71.0,72.0,70.0,70.0,70.0,67.0,69.0,68.0,93.0,87.0,87.0,71.0,70.0,72.0,49.0,52.0,56.0,1015.0,1015.0,1012.0,1012.0,1012.0,1010.0,1009.0,1010.0,1008.0,16.0,16.0,16.0,16.0,16.0,16.0,16.0,14.0,16.0,23.0,23.0,23.0,11.0,11.0,11.0,0.0,0.0,0.0,32.5,28.0,23.5,72.0,70.0,65.5,90.0,69.0,47.5,1015.5,1012.0,1008.5,16.0,16.0,12.0,24.5,11.0,0.0,-0.7071067811865476,0.0,0.7071067811865476,0.7071067811865476,0.0,-2.5495097567963922,0.0,-2.7386127875258306,-3.0,0.7071067811865476,0.0,-1.0,0.0,0.0,-5.477225575051661,2.1213203435596424,0.0,0.0,-0.5773502691896257,0.0,0.5773502691896257,0.0,0.0,-2.0,0.0,-2.516611478423583,-3.366501646120693,1.8257418583505538,1.1547005383792515,0.816496580927726,0.0,0.0,-4.618802153517006,1.7320508075688772,0.0,0.0
170,25,32.0,33.0,33.0,28.0,28.0,28.0,24.0,23.0,23.0,72.0,72.0,71.0,70.0,70.0,70.0,64.0,67.0,69.0,87.0,93.0,87.0,67.0,71.0,70.0,46.0,49.0,52.0,1016.0,1015.0,1015.0,1012.0,1012.0,1012.0,1008.0,1009.0,1010.0,16.0,16.0,16.0,16.0,16.0,16.0,8.0,16.0,14.0,26.0,23.0,23.0,11.0,11.0,11.0,0.0,0.0,0.0,31.0,26.5,22.0,73.5,70.5,65.0,89.0,72.5,55.5,1014.5,1010.5,1007.5,16.0,14.5,5.0,24.5,8.5,7.0,-1.5811388300841898,-2.1213203435596424,-2.7386127875258306,2.1213203435596424,0.7071067811865476,-1.5811388300841898,-3.1622776601683795,7.245688373094719,13.2664991614216,-2.0,-2.1213203435596424,-1.0,0.0,-2.1213203435596424,-7.0710678118654755,0.0,-3.5355339059327378,9.899494936611665,-1.2909944487358056,-1.7320508075688772,-2.23606797749979,1.8257418583505538,0.5773502691896257,-1.7320508075688772,2.309401076758503,5.94418483337567,10.692676621563626,-1.632993161855452,-1.7320508075688772,-1.0,0.0,-1.7320508075688772,-5.656854249492381,0.0,-2.886751345948129,8.082903768654761
171,26,30.0,32.0,33.0,25.0,28.0,28.0,20.0,24.0,23.0,75.0,72.0,72.0,71.0,70.0,70.0,66.0,64.0,67.0,91.0,87.0,93.0,78.0,67.0,71.0,65.0,46.0,49.0,1013.0,1016.0,1015.0,1009.0,1012.0,1012.0,1007.0,1008.0,1009.0,16.0,16.0,16.0,13.0,16.0,16.0,2.0,8.0,16.0,23.0,26.0,23.0,6.0,11.0,11.0,14.0,0.0,0.0,31.5,25.5,19.0,72.5,66.0,61.0,94.0,71.0,47.5,1013.0,1010.0,1008.0,16.0,14.5,8.0,22.0,5.5,7.0,1.5811388300841898,-2.0,-3.1622776601683795,-2.8284271247461903,-7.035623639735144,-6.928203230275509,5.0990195135927845,-6.123724356957945,-20.784609690826528,-2.1213203435596424,-1.5811388300841898,1.224744871391589,0.0,0.0,7.3484692283495345,-2.5495097567963922,-3.605551275463989,0.0,1.1547005383792515,-1.632993161855452,-2.516611478423583,-2.309401076758503,-5.744562646538029,-5.916079783099616,2.309401076758503,-5.507570547286102,-17.05872210923198,-1.632993161855452,-1.2909944487358056,0.816496580927726,0.0,0.0,3.8297084310253524,-1.1547005383792515,-2.943920288775949,0.0
172,27,33.0,30.0,32.0,26.0,25.0,28.0,18.0,20.0,24.0,70.0,75.0,72.0,61.0,71.0,70.0,56.0,66.0,64.0,97.0,91.0,87.0,64.0,78.0,67.0,30.0,65.0,46.0,1013.0,1013.0,1016.0,1011.0,1009.0,1012.0,1009.0,1007.0,1008.0,16.0,16.0,16.0,16.0,13.0,16.0,14.0,2.0,8.0,21.0,23.0,26.0,5.0,6.0,11.0,0.0,14.0,0.0,33.5,26.5,18.5,71.5,63.5,59.0,92.0,64.0,35.5,1012.5,1010.5,1008.0,16.0,16.0,15.0,22.0,6.5,0.0,2.23606797749979,1.0,-1.224744871391589,-2.8284271247461903,-6.123724356957945,-5.656854249492381,-5.656854249492381,-9.899494936611665,-23.49468024894146,-0.7071067811865476,1.224744871391589,0.0,0.0,2.1213203435596424,8.602325267042627,0.0,2.0,-9.899494936611665,1.4142135623730951,-1.5275252316519468,-2.516611478423583,-1.5275252316519468,-4.96655480858378,-4.47213595499958,-4.0,-5.0,-15.737428845483835,-1.8257418583505538,-1.4142135623730951,-0.5773502691896257,0.0,0.0,6.110100926607787,-1.7320508075688772,-2.3804761428476167,0.0
173,27,34.0,33.0,30.0,27.0,26.0,25.0,19.0,18.0,20.0,73.0,70.0,75.0,66.0,61.0,71.0,62.0,56.0,66.0,87.0,97.0,91.0,64.0,64.0,78.0,41.0,30.0,65.0,1012.0,1013.0,1013.0,1010.0,1011.0,1009.0,1007.0,1009.0,1007.0,16.0,16.0,16.0,16.0,16.0,13.0,16.0,14.0,2.0,23.0,21.0,23.0,8.0,5.0,6.0,0.0,0.0,14.0,33.5,27.0,19.5,73.5,69.0,64.5,83.0,66.0,48.5,1013.5,1010.0,1006.5,16.0,15.0,9.0,31.0,10.5,19.0,0.0,0.7071067811865476,1.0,2.23606797749979,5.522680508593631,5.522680508593631,-9.055385138137417,2.8284271247461903,13.152946437965905,2.0,-0.7071067811865476,-1.5811388300841898,0.0,-1.4142135623730951,-9.797958971132712,11.40175425099138,4.123105625617661,26.870057685088806,1.7320508075688772,0.816496580927726,-0.816496580927726,-2.23606797749979,-3.605551275463989,-3.605551275463989,-6.531972647421808,-7.745966692414834,-17.11724276862369,1.632993161855452,1.0,-0.5773502691896257,0.0,1.2909944487358056,-4.0,9.237604307034012,3.3166247903554,20.396078054371138
174,26,33.0,34.0,33.0,27.0,27.0,26.0,20.0,19.0,18.0,74.0,73.0,70.0,72.0,66.0,61.0,67.0,62.0,56.0,79.0,87.0,97.0,68.0,64.0,64.0,56.0,41.0,30.0,1015.0,1012.0,1013.0,1010.0,1010.0,1011.0,1006.0,1007.0,1009.0,16.0,16.0,16.0,14.0,16.0,16.0,2.0,16.0,14.0,39.0,23.0,21.0,13.0,8.0,5.0,38.0,0.0,0.0,32.5,26.5,20.0,74.0,72.0,67.0,87.0,71.5,55.5,1015.5,1012.0,1009.0,16.0,14.0,2.0,31.5,9.5,19.0,-1.0,-0.7071067811865476,0.7071067811865476,0.7071067811865476,4.242640687119285,3.5355339059327378,9.797958971132712,5.70087712549569,10.583005244258363,2.23606797749979,2.8284271247461903,4.183300132670378,0.0,-1.4142135623730951,-9.899494936611665,3.9370039370059056,-3.4641016151377544,0.0,-0.5773502691896257,0.0,0.816496580927726,1.8257418583505538,4.509249752822894,4.509249752822894,5.5377492419453835,4.654746681256314,10.723805294763608,1.7320508075688772,2.23606797749979,3.2145502536643185,0.0,-1.1547005383792515,-8.0,3.415650255319866,-2.23606797749979,0.0
175,33,32.0,33.0,34.0,26.0,27.0,27.0,20.0,20.0,19.0,74.0,74.0,73.0,72.0,72.0,66.0,67.0,67.0,62.0,95.0,79.0,87.0,75.0,68.0,64.0,55.0,56.0,41.0,1016.0,1015.0,1012.0,1014.0,1010.0,1010.0,1012.0,1006.0,1007.0,16.0,16.0,16.0,14.0,14.0,16.0,2.0,2.0,16.0,24.0,39.0,23.0,6.0,13.0,8.0,0.0,38.0,0.0,31.5,29.5,21.5,74.0,72.0,67.0,95.0,76.0,57.0,1016.0,1014.0,1011.0,16.0,14.0,2.0,24.0,8.0,0.0,-1.0,4.898979485566356,2.1213203435596424,0.0,0.0,0.0,11.313708498984761,5.1478150704935,2.7386127875258306,0.7071067811865476,2.8284271247461903,4.0,0.0,0.0,0.0,-10.606601717798213,-4.06201920231798,-26.870057685088806,-1.0,4.0,1.8257418583505538,0.5773502691896257,3.4641016151377544,2.886751345948129,8.0,4.795831523312719,8.94427190999916,1.8257418583505538,2.309401076758503,3.2145502536643185,0.0,-1.1547005383792515,-8.082903768654761,3.2145502536643185,-1.632993161855452,0.0
176,28,31.0,32.0,33.0,33.0,26.0,27.0,23.0,20.0,20.0,74.0,74.0,74.0,72.0,72.0,72.0,67.0,67.0,67.0,95.0,95.0,79.0,77.0,75.0,68.0,59.0,55.0,56.0,1016.0,1016.0,1015.0,1014.0,1014.0,1010.0,1010.0,1012.0,1006.0,16.0,16.0,16.0,14.0,14.0,14.0,2.0,2.0,2.0,24.0,24.0,39.0,10.0,6.0,13.0,0.0,0.0,38.0,32.0,30.5,23.0,74.0,72.0,67.0,95.0,77.0,59.0,1015.5,1013.5,1011.0,16.0,14.0,2.0,23.5,12.0,0.0,1.224744871391589,3.4641016151377544,2.1213203435596424,0.0,0.0,0.0,0.0,1.4142135623730951,2.8284271247461903,-0.7071067811865476,-0.7071067811865476,0.0,0.0,0.0,0.0,-0.7071067811865476,4.0,0.0,0.816496580927726,2.7688746209726918,1.7320508075688772,0.0,0.0,0.0,9.237604307034012,4.203173404306164,2.23606797749979,0.0,2.23606797749979,3.4641016151377544,0.0,0.0,0.0,-8.679477710861024,-2.3804761428476167,-21.939310229205777
177,29,33.0,31.0,32.0,28.0,33.0,26.0,23.0,23.0,20.0,74.0,74.0,74.0,72.0,72.0,72.0,67.0,67.0,67.0,95.0,95.0,95.0,77.0,77.0,75.0,59.0,59.0,55.0,1015.0,1016.0,1016.0,1013.0,1014.0,1014.0,1012.0,1010.0,1012.0,16.0,16.0,16.0,14.0,14.0,14.0,2.0,2.0,2.0,23.0,24.0,24.0,14.0,10.0,6.0,0.0,0.0,0.0,33.0,28.5,23.5,74.0,72.0,67.0,94.5,74.5,54.0,1016.5,1014.5,1013.0,16.0,14.0,2.0,21.0,13.5,0.0,1.4142135623730951,-3.4641016151377544,0.7071067811865476,0.0,0.0,0.0,-0.7071067811865476,-3.5355339059327378,-7.0710678118654755,2.0,2.0,2.0,0.0,0.0,0.0,-2.9154759474226504,2.7386127875258306,0.0,1.0,2.886751345948129,1.8257418583505538,0.0,0.0,0.0,-0.5773502691896257,-2.6457513110645907,-5.291502622129181,1.632993161855452,1.632993161855452,1.1547005383792515,0.0,0.0,0.0,-2.3804761428476167,3.2145502536643185,0.0
178,29,33.0,33.0,31.0,29.0,28.0,33.0,24.0,23.0,23.0,74.0,74.0,74.0,72.0,72.0,72.0,67.0,67.0,67.0,94.0,95.0,95.0,72.0,77.0,77.0,49.0,59.0,59.0,1018.0,1015.0,1016.0,1016.0,1013.0,1014.0,1014.0,1012.0,1010.0,16.0,16.0,16.0,14.0,14.0,14.0,2.0,2.0,2.0,19.0,23.0,24.0,13.0,14.0,10.0,0.0,0.0,0.0,33.0,29.0,24.0,73.0,70.5,66.5,91.0,70.5,49.0,1017.5,1016.0,1013.5,16.0,15.0,9.0,19.0,13.5,0.0,0.0,0.7071067811865476,0.7071067811865476,-1.4142135623730951,-2.1213203435596424,-0.7071067811865476,-4.301162633521313,-4.123105625617661,-7.0710678118654755,2.0,2.1213203435596424,1.224744871391589,0.0,1.4142135623730951,9.899494936611665,-2.8284271247461903,0.0,0.0,1.1547005383792515,-2.8284271247461903,0.5773502691896257,-1.1547005383792515,-1.7320508075688772,-0.5773502691896257,-3.5118845842842465,-3.366501646120693,-5.773502691896258,1.5275252316519468,1.632993161855452,1.5275252316519468,0.0,1.1547005383792515,8.082903768654761,-2.3804761428476167,2.309401076758503,0.0
179,29,33.0,33.0,33.0,29.0,29.0,28.0,24.0,24.0,23.0,72.0,74.0,74.0,69.0,72.0,72.0,66.0,67.0,67.0,88.0,94.0,95.0,69.0,72.0,77.0,49.0,49.0,59.0,1017.0,1018.0,1015.0,1016.0,1016.0,1013.0,1013.0,1014.0,1012.0,16.0,16.0,16.0,16.0,14.0,14.0,16.0,2.0,2.0,19.0,19.0,23.0,14.0,13.0,14.0,0.0,0.0,0.0,33.0,29.0,24.5,73.5,70.5,66.5,89.5,68.5,46.5,1017.0,1015.5,1012.5,16.0,15.0,11.0,22.5,14.0,0.5,0.0,0.0,0.7071067811865476,1.5811388300841898,0.0,0.0,-3.6742346141747673,-2.23606797749979,-3.5355339059327378,-0.7071067811865476,-0.7071067811865476,-1.0,0.0,0.0,6.928203230275509,4.949747468305833,0.7071067811865476,0.7071067811865476,0.0,0.5773502691896257,0.816496580927726,1.2909944487358056,0.0,0.0,-3.0550504633038935,-3.415650255319866,-6.454972243679028,1.632993161855452,1.632993161855452,0.816496580927726,0.0,0.0,5.656854249492381,3.3166247903554,0.0,0.5773502691896257
180,29,33.0,33.0,33.0,29.0,29.0,29.0,25.0,24.0,24.0,75.0,72.0,74.0,72.0,69.0,72.0,67.0,66.0,67.0,91.0,88.0,94.0,68.0,69.0,72.0,44.0,49.0,49.0,1017.0,1017.0,1018.0,1015.0,1016.0,1016.0,1012.0,1013.0,1014.0,16.0,16.0,16.0,14.0,16.0,14.0,6.0,16.0,2.0,26.0,19.0,19.0,14.0,14.0,13.0,1.0,0.0,0.0,33.0,29.0,24.5,74.5,71.5,66.5,89.5,68.0,45.5,1017.5,1015.5,1013.0,16.0,15.0,11.0,23.5,12.0,0.5,0.0,0.0,0.0,2.0,2.0,0.0,0.0,-0.7071067811865476,-2.8284271247461903,0.7071067811865476,0.0,1.224744871391589,0.0,0.0,0.0,3.4641016151377544,-2.8284271247461903,0.0,0.0,0.0,0.0,1.1547005383792515,-0.5773502691896257,-0.5773502691896257,-3.4641016151377544,-1.8257418583505538,-2.309401076758503,0.0,0.0,0.816496580927726,0.0,1.1547005383792515,8.082903768654761,2.8284271247461903,-2.23606797749979,0.0
181,28,33.0,33.0,33.0,29.0,29.0,29.0,24.0,25.0,24.0,74.0,75.0,72.0,71.0,72.0,69.0,66.0,67.0,66.0,88.0,91.0,88.0,68.0,68.0,69.0,47.0,44.0,49.0,1018.0,1017.0,1017.0,1016.0,1015.0,1016.0,1014.0,1012.0,1013.0,16.0,16.0,16.0,16.0,14.0,16.0,16.0,6.0,16.0,21.0,26.0,19.0,10.0,14.0,14.0,0.0,1.0,0.0,33.0,28.5,24.0,73.5,71.0,66.5,88.0,68.5,48.5,1019.0,1016.5,1014.5,16.0,16.0,15.0,21.0,9.0,0.0,0.0,-0.7071067811865476,-0.7071067811865476,-1.0,-0.7071067811865476,0.0,-2.1213203435596424,0.7071067811865476,3.0,1.5811388300841898,1.0,1.5811388300841898,0.0,1.4142135623730951,6.928203230275509,-3.5355339059327378,-3.1622776601683795,-0.7071067811865476,0.0,-0.5773502691896257,0.0,1.5275252316519468,1.632993161855452,0.5773502691896257,0.0,0.0,-1.5275252316519468,1.2909944487358056,0.5773502691896257,1.1547005383792515,0.0,0.0,-1.1547005383792515,2.8284271247461903,-2.581988897471611,0.0
182,29,33.0,33.0,33.0,28.0,29.0,29.0,24.0,24.0,25.0,73.0,74.0,75.0,71.0,71.0,72.0,67.0,66.0,67.0,88.0,88.0,91.0,69.0,68.0,68.0,50.0,47.0,44.0,1020.0,1018.0,1017.0,1017.0,1016.0,1015.0,1015.0,1014.0,1012.0,16.0,16.0,16.0,16.0,16.0,14.0,14.0,16.0,6.0,21.0,21.0,26.0,8.0,10.0,14.0,0.0,0.0,1.0,33.0,28.5,24.0,73.5,71.5,67.5,91.0,70.5,49.5,1019.0,1016.5,1013.5,16.0,16.0,13.5,22.5,9.0,0.0,0.0,0.0,0.0,0.0,0.7071067811865476,1.0,4.242640687119285,2.23606797749979,2.0,0.0,0.0,-2.0,0.0,0.0,-1.5811388300841898,2.1213203435596424,0.0,0.0,0.0,0.0,-0.5773502691896257,-0.5773502691896257,0.0,0.5773502691896257,3.0,1.8257418583505538,2.3804761428476167,0.5773502691896257,0.5773502691896257,-1.1547005383792515,0.0,1.1547005383792515,5.627314338711377,-2.309401076758503,-2.309401076758503,-0.5773502691896257
183,28,33.0,33.0,33.0,29.0,28.0,29.0,24.0,24.0,24.0,74.0,73.0,74.0,72.0,71.0,71.0,68.0,67.0,66.0,94.0,88.0,88.0,72.0,69.0,68.0,49.0,50.0,47.0,1018.0,1020.0,1018.0,1016.0,1017.0,1016.0,1012.0,1015.0,1014.0,16.0,16.0,16.0,16.0,16.0,16.0,13.0,14.0,16.0,24.0,21.0,21.0,10.0,8.0,10.0,0.0,0.0,0.0,32.5,28.5,24.0,74.0,72.0,68.0,89.5,71.0,52.0,1016.5,1014.5,1011.0,16.0,15.0,13.0,22.5,11.5,0.0,-0.7071067811865476,0.0,0.0,0.7071067811865476,0.7071067811865476,0.7071067811865476,-4.743416490252569,1.5811388300841898,4.183300132670378,-2.5495097567963922,-2.23606797749979,-2.5495097567963922,0.0,-1.4142135623730951,-0.7071067811865476,0.0,2.5495097567963922,0.0,-0.5773502691896257,-0.5773502691896257,0.0,0.0,0.5773502691896257,0.816496580927726,-3.872983346207417,1.4142135623730951,3.8297084310253524,-1.7320508075688772,-1.7320508075688772,-2.0,0.0,-1.1547005383792515,-1.2909944487358056,0.0,1.7320508075688772,0.0
184,26,32.0,33.0,33.0,28.0,29.0,28.0,24.0,24.0,24.0,74.0,74.0,73.0,72.0,72.0,71.0,68.0,68.0,67.0,85.0,94.0,88.0,70.0,72.0,69.0,55.0,49.0,50.0,1015.0,1018.0,1020.0,1013.0,1016.0,1017.0,1010.0,1012.0,1015.0,16.0,16.0,16.0,14.0,16.0,16.0,13.0,13.0,14.0,21.0,24.0,21.0,13.0,10.0,8.0,0.0,0.0,0.0,31.5,27.0,22.0,74.5,72.0,67.0,86.5,72.5,58.0,1016.0,1013.5,1010.0,16.0,13.5,7.5,23.5,9.5,3.5,-1.0,-1.5811388300841898,-2.8284271247461903,0.7071067811865476,0.0,-1.4142135623730951,-6.0,3.24037034920393,6.0,-1.5811388300841898,-2.0,-1.4142135623730951,0.0,-1.5811388300841898,-7.7781745930520225,2.8284271247461903,-4.47213595499958,4.949747468305833,-0.816496580927726,-1.1547005383792515,-2.309401076758503,0.816496580927726,0.5773502691896257,-1.0,-3.4641016151377544,3.1622776601683795,4.864839839775475,-1.7320508075688772,-1.7320508075688772,-2.0816659994661326,0.0,-1.2909944487358056,-6.377042156569663,2.886751345948129,-3.4641016151377544,4.041451884327381
185,29,31.0,32.0,33.0,26.0,28.0,29.0,20.0,24.0,24.0,75.0,74.0,74.0,72.0,72.0,72.0,66.0,68.0,68.0,88.0,85.0,94.0,75.0,70.0,72.0,61.0,55.0,49.0,1017.0,1015.0,1018.0,1014.0,1013.0,1016.0,1010.0,1010.0,1012.0,16.0,16.0,16.0,13.0,14.0,16.0,2.0,13.0,13.0,26.0,21.0,24.0,6.0,13.0,10.0,7.0,0.0,0.0,32.5,27.5,21.5,74.5,72.0,67.5,91.0,73.5,55.0,1017.5,1015.0,1012.0,16.0,13.5,1.0,30.5,6.0,6.5,2.0,1.5811388300841898,-1.8708286933869707,0.0,0.0,1.5811388300841898,4.743416490252569,2.8284271247461903,-7.3484692283495345,1.5811388300841898,1.5811388300841898,2.8284271247461903,0.0,0.0,-7.905694150420948,7.280109889280518,-4.949747468305833,4.898979485566356,1.5275252316519468,1.1547005383792515,-1.5275252316519468,0.0,0.0,1.2909944487358056,-3.4641016151377544,2.0,-4.898979485566356,-1.1547005383792515,-1.1547005383792515,2.0,0.0,-1.1547005383792515,-6.454972243679028,5.686240703077327,-3.6514837167011076,4.0
186,27,34.0,31.0,32.0,29.0,26.0,28.0,23.0,20.0,24.0,74.0,75.0,74.0,72.0,72.0,72.0,69.0,66.0,68.0,94.0,88.0,85.0,72.0,75.0,70.0,49.0,61.0,55.0,1018.0,1017.0,1015.0,1016.0,1014.0,1013.0,1014.0,1010.0,1010.0,16.0,16.0,16.0,14.0,13.0,14.0,0.0,2.0,13.0,35.0,26.0,21.0,6.0,6.0,13.0,6.0,7.0,0.0,33.0,28.0,22.5,75.0,72.0,68.5,94.0,74.5,54.0,1018.0,1016.0,1013.5,16.0,13.5,0.0,30.5,7.0,9.0,1.5811388300841898,1.5811388300841898,2.0,1.224744871391589,0.0,2.0,4.242640687119285,2.8284271247461903,-4.69041575982343,0.7071067811865476,1.4142135623730951,2.7386127875258306,0.0,0.0,-1.4142135623730951,0.0,1.4142135623730951,4.183300132670378,1.1547005383792515,0.5773502691896257,-1.632993161855452,1.1547005383792515,0.0,1.1547005383792515,3.872983346207417,3.696845502136472,-1.632993161855452,1.2909944487358056,1.2909944487358056,2.23606797749979,0.0,-0.5773502691896257,-6.454972243679028,2.886751345948129,-3.872983346207417,5.291502622129181
187,27,32.0,34.0,31.0,27.0,29.0,26.0,22.0,23.0,20.0,76.0,74.0,75.0,72.0,72.0,72.0,68.0,69.0,66.0,94.0,94.0,88.0,77.0,72.0,75.0,59.0,49.0,61.0,1018.0,1018.0,1017.0,1016.0,1016.0,1014.0,1013.0,1014.0,1010.0,16.0,16.0,16.0,13.0,14.0,13.0,0.0,0.0,2.0,26.0,35.0,26.0,8.0,6.0,6.0,12.0,6.0,7.0,31.5,27.0,22.0,75.5,71.5,68.5,94.0,76.5,58.0,1017.5,1015.0,1012.0,16.0,14.5,5.0,25.0,9.5,6.0,-1.5811388300841898,-1.4142135623730951,-0.7071067811865476,1.224744871391589,-0.7071067811865476,0.0,0.0,3.4641016151377544,6.928203230275509,-0.7071067811865476,-1.4142135623730951,-1.5811388300841898,0.0,2.0,7.0710678118654755,-6.519202405202649,2.5495097567963922,-7.3484692283495345,1.1547005383792515,1.2909944487358056,1.632993161855452,0.816496580927726,-0.5773502691896257,1.7320508075688772,3.4641016151377544,2.23606797749979,-4.0,0.0,0.0,1.9148542155126762,0.0,1.7320508075688772,5.656854249492381,-1.1547005383792515,2.0816659994661326,-6.027713773341708
188,28,31.0,32.0,34.0,27.0,27.0,29.0,22.0,22.0,23.0,75.0,76.0,74.0,71.0,72.0,72.0,69.0,68.0,69.0,94.0,94.0,94.0,76.0,77.0,72.0,57.0,59.0,49.0,1017.0,1018.0,1018.0,1014.0,1016.0,1016.0,1011.0,1013.0,1014.0,16.0,16.0,16.0,16.0,13.0,14.0,10.0,0.0,0.0,24.0,26.0,35.0,11.0,8.0,6.0,0.0,12.0,6.0,32.0,27.5,23.0,74.5,71.5,69.5,91.0,72.5,53.0,1015.5,1013.0,1010.0,16.0,16.0,11.5,25.5,12.0,0.0,1.224744871391589,0.7071067811865476,1.4142135623730951,-1.0,0.0,1.0,-4.242640687119285,-5.0,-5.830951894845301,-2.23606797749979,-2.0,-2.0,0.0,2.1213203435596424,7.3824115301167,1.5811388300841898,2.5495097567963922,-8.48528137423857,-0.5773502691896257,-1.0,1.0,0.816496580927726,0.0,0.5773502691896257,-3.4641016151377544,-2.886751345948129,3.265986323710904,-1.8257418583505538,-1.632993161855452,-1.7320508075688772,0.0,1.632993161855452,6.027713773341708,-5.033222956847166,2.3804761428476167,-6.0
189,30,33.0,31.0,32.0,28.0,27.0,27.0,24.0,22.0,22.0,74.0,75.0,76.0,72.0,71.0,72.0,70.0,69.0,68.0,88.0,94.0,94.0,69.0,76.0,77.0,49.0,57.0,59.0,1014.0,1017.0,1018.0,1012.0,1014.0,1016.0,1009.0,1011.0,1013.0,16.0,16.0,16.0,16.0,16.0,13.0,13.0,10.0,0.0,27.0,24.0,26.0,13.0,11.0,8.0,0.0,0.0,12.0,33.5,29.0,25.0,74.0,72.5,70.5,86.5,69.0,50.5,1014.5,1012.0,1009.5,16.0,16.0,13.0,26.5,13.5,0.0,1.5811388300841898,1.5811388300841898,2.0,-0.7071067811865476,1.0,1.0,-4.743416490252569,-4.949747468305833,-5.244044240850758,-2.0,-1.4142135623730951,-1.224744871391589,0.0,0.0,2.1213203435596424,2.0,1.5811388300841898,0.0,1.1547005383792515,1.2909944487358056,1.632993161855452,-0.816496580927726,0.5773502691896257,1.0,-3.872983346207417,-4.08248290463863,-4.43471156521669,-1.7320508075688772,-1.632993161855452,-1.5275252316519468,0.0,1.7320508075688772,6.027713773341708,1.1547005383792515,2.160246899469287,-6.928203230275509
190,30,34.0,33.0,31.0,30.0,28.0,27.0,26.0,24.0,22.0,74.0,74.0,75.0,73.0,72.0,71.0,71.0,70.0,69.0,85.0,88.0,94.0,69.0,69.0,76.0,52.0,49.0,57.0,1015.0,1014.0,1017.0,1012.0,1012.0,1014.0,1010.0,1009.0,1011.0,16.0,16.0,16.0,16.0,16.0,16.0,13.0,13.0,10.0,26.0,27.0,24.0,14.0,13.0,11.0,0.0,0.0,0.0,34.5,30.0,25.5,74.0,73.0,70.5,86.5,69.0,50.5,1016.0,1013.5,1011.5,16.0,15.0,12.0,26.5,14.0,0.0,1.0,1.4142135623730951,1.224744871391589,0.0,0.7071067811865476,0.0,0.0,0.0,0.0,1.5811388300841898,2.1213203435596424,2.23606797749979,0.0,-1.4142135623730951,-1.4142135623730951,0.0,0.7071067811865476,0.0,1.4142135623730951,1.2909944487358056,1.5275252316519468,-0.5773502691896257,0.816496580927726,0.5773502691896257,-3.4641016151377544,-4.041451884327381,-4.618802153517006,-1.1547005383792515,1.2909944487358056,1.4142135623730951,0.0,-1.1547005383792515,1.2909944487358056,1.7320508075688772,1.2909944487358056,0.0
191,31,35.0,34.0,33.0,30.0,30.0,28.0,25.0,26.0,24.0,74.0,74.0,74.0,73.0,73.0,72.0,70.0,71.0,70.0,88.0,85.0,88.0,69.0,69.0,69.0,49.0,52.0,49.0,1017.0,1015.0,1014.0,1015.0,1012.0,1012.0,1013.0,1010.0,1009.0,16.0,16.0,16.0,14.0,16.0,16.0,11.0,13.0,13.0,27.0,26.0,27.0,14.0,14.0,13.0,0.0,0.0,0.0,35.5,30.5,25.0,74.0,72.0,68.5,88.0,66.5,44.0,1017.0,1014.5,1012.0,16.0,14.0,11.0,27.0,13.5,0.0,1.0,0.7071067811865476,-0.7071067811865476,0.0,-1.4142135623730951,-2.23606797749979,2.1213203435596424,-3.5355339059327378,-7.3824115301167,1.4142135623730951,2.0,1.5811388300841898,0.0,-1.4142135623730951,-1.4142135623730951,0.7071067811865476,-0.7071067811865476,0.0,1.0,1.2909944487358056,1.0,0.0,-1.0,-1.7320508075688772,0.0,-2.886751345948129,-5.773502691896258,1.2909944487358056,1.632993161855452,1.4142135623730951,0.0,-1.1547005383792515,-1.1547005383792515,0.0,0.0,0.0
192,30,36.0,35.0,34.0,31.0,30.0,30.0,25.0,25.0,26.0,74.0,74.0,74.0,71.0,73.0,73.0,67.0,70.0,71.0,88.0,88.0,85.0,64.0,69.0,69.0,39.0,49.0,52.0,1017.0,1017.0,1015.0,1014.0,1015.0,1012.0,1011.0,1013.0,1010.0,16.0,16.0,16.0,14.0,14.0,16.0,11.0,11.0,13.0,27.0,27.0,26.0,13.0,14.0,14.0,0.0,0.0,0.0,36.0,30.5,24.5,73.5,70.5,66.5,88.0,64.0,39.0,1016.0,1013.5,1011.5,16.0,15.0,11.0,25.5,11.5,0.0,0.7071067811865476,0.0,-0.7071067811865476,-0.7071067811865476,-1.5811388300841898,-2.23606797749979,0.0,-3.5355339059327378,-7.0710678118654755,-1.4142135623730951,-1.0,-1.224744871391589,0.0,1.4142135623730951,0.0,-2.1213203435596424,-2.23606797749979,0.0,0.816496580927726,0.0,-0.816496580927726,-0.5773502691896257,-1.2909944487358056,-1.9148542155126762,1.7320508075688772,-2.886751345948129,-6.027713773341708,0.0,1.5275252316519468,1.4142135623730951,0.0,0.0,-1.1547005383792515,-1.632993161855452,-1.8257418583505538,0.0
193,29,36.0,36.0,35.0,30.0,31.0,30.0,24.0,25.0,25.0,73.0,74.0,74.0,70.0,71.0,73.0,66.0,67.0,70.0,88.0,88.0,88.0,64.0,64.0,69.0,39.0,39.0,49.0,1015.0,1017.0,1017.0,1013.0,1014.0,1015.0,1012.0,1011.0,1013.0,16.0,16.0,16.0,16.0,14.0,14.0,11.0,11.0,11.0,24.0,27.0,27.0,10.0,13.0,14.0,0.0,0.0,0.0,36.0,29.5,23.5,73.0,69.5,65.0,90.5,64.0,37.0,1016.5,1014.5,1013.5,16.0,16.0,10.5,23.5,8.0,0.0,0.0,-1.0,-1.0,-0.7071067811865476,-1.0,-1.5811388300841898,3.5355339059327378,0.0,-2.8284271247461903,1.5811388300841898,2.0,2.23606797749979,0.0,1.4142135623730951,-0.7071067811865476,-2.23606797749979,-3.5355339059327378,0.0,0.5773502691896257,-0.5773502691896257,-0.816496580927726,-0.5773502691896257,-1.4142135623730951,-2.160246899469287,2.886751345948129,-2.886751345948129,-6.2182527020592095,1.2909944487358056,1.5275252316519468,1.4142135623730951,0.0,1.1547005383792515,-0.5773502691896257,-1.8257418583505538,-2.943920288775949,0.0
194,29,36.0,36.0,36.0,29.0,30.0,31.0,23.0,24.0,25.0,73.0,73.0,74.0,69.0,70.0,71.0,64.0,66.0,67.0,93.0,88.0,88.0,64.0,64.0,64.0,35.0,39.0,39.0,1018.0,1015.0,1017.0,1016.0,1013.0,1014.0,1015.0,1012.0,1011.0,16.0,16.0,16.0,16.0,16.0,14.0,10.0,11.0,11.0,23.0,24.0,27.0,6.0,10.0,13.0,0.0,0.0,0.0,36.0,29.0,22.5,72.0,69.0,62.5,93.0,63.0,32.5,1019.0,1017.5,1015.5,16.0,16.0,10.0,27.5,5.5,1.0,0.0,-0.7071067811865476,-1.0,-1.4142135623730951,-0.7071067811865476,-2.5495097567963922,3.5355339059327378,-1.4142135623730951,-4.527692569068709,2.5495097567963922,3.0,2.23606797749979,0.0,0.0,-0.7071067811865476,6.324555320336759,-2.9154759474226504,1.4142135623730951,0.0,-0.816496580927726,-1.0,-1.2909944487358056,-0.816496580927726,-2.160246899469287,2.886751345948129,-1.1547005383792515,-3.696845502136472,1.7320508075688772,2.3804761428476167,1.9148542155126762,0.0,1.1547005383792515,-0.5773502691896257,4.864839839775475,-2.943920288775949,1.1547005383792515
195,28,36.0,36.0,36.0,29.0,29.0,30.0,22.0,23.0,24.0,71.0,73.0,73.0,69.0,69.0,70.0,61.0,64.0,66.0,93.0,93.0,88.0,62.0,64.0,64.0,30.0,35.0,39.0,1020.0,1018.0,1015.0,1019.0,1016.0,1013.0,1016.0,1015.0,1012.0,16.0,16.0,16.0,16.0,16.0,16.0,10.0,10.0,11.0,32.0,23.0,24.0,5.0,6.0,10.0,2.0,0.0,0.0,35.0,28.5,22.0,70.5,68.5,60.0,93.0,64.5,35.5,1021.5,1020.0,1017.5,16.0,16.0,12.0,29.0,5.5,1.0,-1.4142135623730951,-0.7071067811865476,-0.7071067811865476,-1.5811388300841898,-0.7071067811865476,-2.5495097567963922,0.0,3.24037034920393,6.928203230275509,2.5495097567963922,2.5495097567963922,2.23606797749979,0.0,0.0,2.8284271247461903,4.743416490252569,0.0,0.0,-1.1547005383792515,-0.816496580927726,-0.816496580927726,-1.2909944487358056,-0.816496580927726,-2.3804761428476167,2.886751345948129,2.6457513110645907,5.163977794943222,2.70801280154532,2.70801280154532,2.516611478423583,0.0,0.0,2.23606797749979,3.8297084310253524,-2.309401076758503,0.0
196,28,34.0,36.0,36.0,28.0,29.0,29.0,22.0,22.0,23.0,70.0,71.0,73.0,68.0,69.0,69.0,59.0,61.0,64.0,93.0,93.0,93.0,67.0,62.0,64.0,41.0,30.0,35.0,1023.0,1020.0,1018.0,1021.0,1019.0,1016.0,1019.0,1016.0,1015.0,16.0,16.0,16.0,16.0,16.0,16.0,14.0,10.0,10.0,26.0,32.0,23.0,6.0,5.0,6.0,0.0,2.0,0.0,34.0,28.0,21.5,70.5,68.5,63.0,93.0,68.5,43.5,1022.5,1020.5,1018.5,16.0,16.0,11.0,27.5,6.0,0.0,-1.4142135623730951,-0.7071067811865476,-0.7071067811865476,0.0,0.0,5.477225575051661,0.0,4.123105625617661,8.54400374531753,2.0,1.224744871391589,2.0,0.0,0.0,-3.1622776601683795,-3.6742346141747673,0.7071067811865476,-1.4142135623730951,-1.1547005383792515,-0.5773502691896257,-0.816496580927726,-1.1547005383792515,0.0,4.123105625617661,0.0,3.1622776601683795,6.3508529610858835,2.0,2.0,1.7320508075688772,0.0,0.0,-2.581988897471611,4.242640687119285,0.0,0.0
197,29,34.0,34.0,36.0,28.0,28.0,29.0,21.0,22.0,22.0,71.0,70.0,71.0,69.0,68.0,69.0,67.0,59.0,61.0,93.0,93.0,93.0,70.0,67.0,62.0,46.0,41.0,30.0,1022.0,1023.0,1020.0,1020.0,1021.0,1019.0,1018.0,1019.0,1016.0,16.0,16.0,16.0,16.0,16.0,16.0,8.0,14.0,10.0,29.0,26.0,32.0,6.0,6.0,5.0,0.0,0.0,2.0,34.5,28.5,21.5,72.0,69.5,66.5,96.5,71.0,45.0,1020.5,1018.5,1015.5,16.0,14.5,6.5,25.0,7.0,0.0,0.7071067811865476,0.7071067811865476,0.0,1.5811388300841898,1.0,5.612486080160912,4.949747468305833,2.5495097567963922,3.24037034920393,-2.23606797749979,-2.23606797749979,-3.605551275463989,0.0,-2.1213203435596424,-4.743416490252569,-5.244044240850758,1.4142135623730951,0.0,-1.0,0.0,0.0,1.1547005383792515,0.5773502691896257,4.43471156521669,4.041451884327381,3.559026084010437,6.879922480183431,-0.5773502691896257,-1.4142135623730951,-2.3804761428476167,0.0,-1.7320508075688772,-3.1091263510296048,-5.507570547286102,1.2909944487358056,-1.1547005383792515
198,29,35.0,34.0,34.0,29.0,28.0,28.0,22.0,21.0,22.0,73.0,71.0,70.0,70.0,69.0,68.0,66.0,67.0,59.0,100.0,93.0,93.0,72.0,70.0,67.0,44.0,46.0,41.0,1019.0,1022.0,1023.0,1017.0,1020.0,1021.0,1013.0,1018.0,1019.0,16.0,16.0,16.0,13.0,16.0,16.0,5.0,8.0,14.0,21.0,29.0,26.0,8.0,6.0,6.0,0.0,0.0,0.0,35.5,29.0,22.5,71.5,68.5,64.5,93.5,66.5,39.0,1017.5,1016.0,1013.0,16.0,14.5,10.5,21.0,8.0,0.0,1.0,0.7071067811865476,1.0,-1.5811388300841898,-2.0,-2.23606797749979,-7.745966692414834,-7.648529270389178,-7.211102550927978,-3.0,-2.5495097567963922,-3.5355339059327378,0.0,0.0,7.483314773547883,-5.656854249492381,1.4142135623730951,0.0,0.816496580927726,0.5773502691896257,0.5773502691896257,-1.1547005383792515,-1.5275252316519468,4.242640687119285,-6.324555320336759,-6.0,-5.131601439446884,-2.516611478423583,-2.160246899469287,-2.943920288775949,0.0,0.0,5.033222956847166,-4.281744192888376,1.1547005383792515,0.0
199,30,36.0,35.0,34.0,29.0,29.0,28.0,23.0,22.0,21.0,70.0,73.0,71.0,67.0,70.0,69.0,63.0,66.0,67.0,87.0,100.0,93.0,61.0,72.0,70.0,34.0,44.0,46.0,1016.0,1019.0,1022.0,1015.0,1017.0,1020.0,1013.0,1013.0,1018.0,16.0,16.0,16.0,16.0,13.0,16.0,16.0,5.0,8.0,21.0,21.0,29.0,8.0,8.0,6.0,0.0,0.0,0.0,36.5,29.5,23.0,71.5,67.5,62.0,90.0,62.0,33.5,1016.5,1015.5,1013.5,16.0,16.0,16.0,21.0,9.5,0.0,1.0,0.7071067811865476,0.7071067811865476,0.0,-2.0,-2.5495097567963922,-8.154753215150045,-7.648529270389178,-7.106335201775948,-2.0,-1.224744871391589,0.7071067811865476,0.0,2.1213203435596424,7.7781745930520225,0.0,2.1213203435596424,0.0,1.0,0.816496580927726,0.816496580927726,1.1547005383792515,-1.5275252316519468,-2.160246899469287,-5.291502622129181,-6.137317546507322,-5.916079783099616,-2.3804761428476167,-2.0,-2.8284271247461903,0.0,0.0,6.110100926607787,-4.618802153517006,2.0816659994661326,0.0
200,29,37.0,36.0,35.0,30.0,29.0,29.0,23.0,23.0,22.0,73.0,70.0,73.0,68.0,67.0,70.0,61.0,63.0,66.0,93.0,87.0,100.0,63.0,61.0,72.0,33.0,34.0,44.0,1017.0,1016.0,1019.0,1016.0,1015.0,1017.0,1014.0,1013.0,1013.0,16.0,16.0,16.0,16.0,16.0,13.0,16.0,16.0,5.0,21.0,21.0,21.0,11.0,8.0,8.0,0.0,0.0,0.0,37.0,29.5,22.5,72.5,67.0,59.0,91.5,61.0,30.0,1017.5,1016.0,1014.0,16.0,16.0,14.5,22.0,10.5,0.0,0.7071067811865476,0.0,-0.7071067811865476,2.0,-1.224744871391589,-3.1622776601683795,3.6742346141747673,-2.449489742783178,-4.301162633521313,1.0,0.7071067811865476,0.7071067811865476,0.0,0.0,-2.1213203435596424,1.4142135623730951,2.0,0.0,0.816496580927726,0.0,0.0,-0.5773502691896257,-2.0,-3.1091263510296048,-6.879922480183431,-6.658328118479393,-6.757711644237764,-1.5275252316519468,-1.0,0.5773502691896257,0.0,1.7320508075688772,6.110100926607787,1.1547005383792515,1.632993161855452,0.0
201,29,37.0,37.0,36.0,29.0,30.0,29.0,22.0,23.0,23.0,72.0,73.0,70.0,66.0,68.0,67.0,57.0,61.0,63.0,90.0,93.0,87.0,59.0,63.0,61.0,27.0,33.0,34.0,1018.0,1017.0,1016.0,1016.0,1016.0,1015.0,1014.0,1014.0,1013.0,16.0,16.0,16.0,16.0,16.0,16.0,13.0,16.0,16.0,23.0,21.0,21.0,10.0,11.0,8.0,0.0,0.0,0.0,36.5,29.0,22.0,71.5,67.0,60.0,91.5,61.5,30.5,1019.0,1016.0,1014.0,16.0,16.0,12.0,23.0,9.0,0.0,-0.7071067811865476,-0.7071067811865476,-0.7071067811865476,-1.0,0.0,3.1622776601683795,0.0,2.1213203435596424,2.5495097567963922,1.5811388300841898,0.0,0.0,0.0,0.0,-2.5495097567963922,1.4142135623730951,-1.5811388300841898,0.0,0.0,0.0,-0.5773502691896257,1.5275252316519468,0.5773502691896257,2.309401076758503,3.4641016151377544,2.0816659994661326,2.0,1.4142135623730951,0.5773502691896257,0.5773502691896257,0.0,0.0,-2.0816659994661326,1.1547005383792515,1.1547005383792515,0.0
202,28,36.0,37.0,37.0,29.0,29.0,30.0,22.0,22.0,23.0,71.0,72.0,73.0,68.0,66.0,68.0,63.0,57.0,61.0,93.0,90.0,93.0,64.0,59.0,63.0,34.0,27.0,33.0,1020.0,1018.0,1017.0,1016.0,1016.0,1016.0,1014.0,1014.0,1014.0,16.0,16.0,16.0,16.0,16.0,16.0,11.0,13.0,16.0,23.0,23.0,21.0,8.0,10.0,11.0,0.0,0.0,0.0,35.5,28.5,22.0,71.5,67.5,59.5,91.5,62.0,32.0,1020.5,1017.5,1015.5,16.0,16.0,13.5,22.0,8.0,0.0,-1.0,-0.7071067811865476,0.0,0.0,1.224744871391589,-2.5495097567963922,0.0,2.1213203435596424,4.06201920231798,1.5811388300841898,2.1213203435596424,2.1213203435596424,0.0,0.0,3.24037034920393,-1.4142135623730951,-1.4142135623730951,0.0,-0.816496580927726,-0.816496580927726,-0.5773502691896257,-0.5773502691896257,-0.5773502691896257,-3.1091263510296048,-1.7320508075688772,-1.5275252316519468,-1.0,1.4142135623730951,1.7320508075688772,1.7320508075688772,0.0,0.0,2.0,0.0,-1.2909944487358056,0.0
203,29,35.0,36.0,37.0,28.0,29.0,29.0,22.0,22.0,22.0,72.0,71.0,72.0,67.0,68.0,66.0,56.0,63.0,57.0,90.0,93.0,90.0,60.0,64.0,59.0,30.0,34.0,27.0,1021.0,1020.0,1018.0,1019.0,1016.0,1016.0,1017.0,1014.0,1014.0,16.0,16.0,16.0,16.0,16.0,16.0,16.0,11.0,13.0,21.0,23.0,23.0,8.0,8.0,10.0,0.0,0.0,0.0,36.0,28.5,22.0,71.5,66.5,56.0,91.5,59.5,27.5,1021.5,1019.0,1016.5,16.0,15.0,13.5,21.0,7.0,0.0,1.224744871391589,0.0,0.0,0.0,-1.0,-4.949747468305833,0.0,-2.9154759474226504,-4.527692569068709,1.0,2.1213203435596424,2.0,0.0,-1.4142135623730951,0.0,-1.4142135623730951,-1.4142135623730951,0.0,0.816496580927726,0.0,0.0,-0.5773502691896257,0.816496580927726,-2.0816659994661326,1.7320508075688772,1.632993161855452,1.632993161855452,1.4142135623730951,1.7320508075688772,1.632993161855452,0.0,-1.1547005383792515,-1.1547005383792515,-1.1547005383792515,-1.632993161855452,0.0
204,31,37.0,35.0,36.0,29.0,28.0,29.0,22.0,22.0,22.0,71.0,72.0,71.0,66.0,67.0,68.0,56.0,56.0,63.0,93.0,90.0,93.0,59.0,60.0,64.0,25.0,30.0,34.0,1022.0,1021.0,1020.0,1019.0,1019.0,1016.0,1016.0,1017.0,1014.0,16.0,16.0,16.0,14.0,16.0,16.0,11.0,16.0,11.0,21.0,21.0,23.0,6.0,8.0,8.0,0.0,0.0,0.0,37.5,30.0,22.5,71.0,66.5,59.0,93.0,61.0,29.0,1020.5,1018.0,1015.5,16.0,15.0,13.5,21.0,6.0,0.0,1.5811388300841898,1.5811388300841898,0.7071067811865476,-0.7071067811865476,0.0,4.242640687119285,2.1213203435596424,2.7386127875258306,4.415880433163924,-2.0,-1.4142135623730951,-1.0,0.0,0.0,0.0,0.0,-1.4142135623730951,0.0,1.1547005383792515,1.1547005383792515,0.5773502691896257,0.0,-0.5773502691896257,-2.0816659994661326,0.0,-0.5773502691896257,2.7688746209726918,-1.5275252316519468,1.2909944487358056,1.5275252316519468,0.0,0.0,2.886751345948129,-1.1547005383792515,-1.1547005383792515,0.0
205,31,38.0,37.0,35.0,31.0,29.0,28.0,23.0,22.0,22.0,71.0,71.0,72.0,67.0,66.0,67.0,62.0,56.0,56.0,93.0,93.0,90.0,63.0,59.0,60.0,33.0,25.0,30.0,1019.0,1022.0,1021.0,1017.0,1019.0,1019.0,1015.0,1016.0,1017.0,16.0,16.0,16.0,16.0,14.0,16.0,16.0,11.0,16.0,21.0,21.0,21.0,6.0,6.0,8.0,0.0,0.0,0.0,38.0,31.0,23.5,71.0,67.0,60.5,87.5,59.0,30.5,1018.0,1016.0,1013.5,16.0,16.0,16.0,18.5,6.0,0.0,0.7071067811865476,1.4142135623730951,1.0,0.0,0.7071067811865476,3.6742346141747673,-7.7781745930520225,-4.898979485566356,4.415880433163924,-2.5495097567963922,-2.0,-2.23606797749979,0.0,1.4142135623730951,3.5355339059327378,-3.5355339059327378,0.0,0.0,1.2909944487358056,1.2909944487358056,0.816496580927726,-0.5773502691896257,0.0,3.0,-6.110100926607787,-4.041451884327381,2.160246899469287,-2.0,-1.632993161855452,-1.9148542155126762,0.0,0.0,0.0,-2.886751345948129,-1.1547005383792515,0.0
206,28,38.0,38.0,37.0,31.0,31.0,29.0,24.0,23.0,22.0,71.0,71.0,71.0,67.0,67.0,66.0,59.0,62.0,56.0,82.0,93.0,93.0,55.0,63.0,59.0,28.0,33.0,25.0,1017.0,1019.0,1022.0,1015.0,1017.0,1019.0,1012.0,1015.0,1016.0,16.0,16.0,16.0,16.0,16.0,14.0,16.0,16.0,11.0,16.0,21.0,21.0,6.0,6.0,6.0,0.0,0.0,0.0,35.5,29.5,23.5,72.0,69.0,64.0,87.5,63.0,38.5,1016.5,1015.0,1012.5,16.0,16.0,14.5,20.0,5.5,1.0,-3.5355339059327378,-2.1213203435596424,0.0,1.4142135623730951,2.8284271247461903,6.745368781616021,0.0,9.797958971132712,14.422205101855956,-1.5811388300841898,-1.4142135623730951,-2.0,0.0,0.0,-2.1213203435596424,4.415880433163924,-0.7071067811865476,1.4142135623730951,-2.8284271247461903,-1.2909944487358056,0.5773502691896257,1.1547005383792515,2.3804761428476167,6.506407098647712,0.0,8.32666399786453,12.649110640673518,-2.160246899469287,-1.632993161855452,-1.7320508075688772,0.0,1.1547005383792515,2.309401076758503,3.605551275463989,-0.5773502691896257,1.1547005383792515
207,29,33.0,38.0,38.0,28.0,31.0,31.0,23.0,24.0,23.0,73.0,71.0,71.0,71.0,67.0,67.0,69.0,59.0,62.0,93.0,82.0,93.0,71.0,55.0,63.0,49.0,28.0,33.0,1016.0,1017.0,1019.0,1015.0,1015.0,1017.0,1013.0,1012.0,1015.0,16.0,16.0,16.0,16.0,16.0,16.0,13.0,16.0,16.0,24.0,16.0,21.0,5.0,6.0,6.0,2.0,0.0,0.0,34.0,28.5,23.0,73.5,71.0,68.5,93.0,69.5,46.0,1016.5,1014.5,1011.5,16.0,14.5,7.5,24.0,5.5,5.0,-3.24037034920393,-2.0,-0.7071067811865476,1.5811388300841898,2.8284271247461903,7.035623639735144,7.7781745930520225,11.113055385446435,14.230249470757707,0.0,-0.7071067811865476,-2.0,0.0,-2.1213203435596424,-8.06225774829855,5.656854249492381,0.0,4.47213595499958,-2.6457513110645907,-1.632993161855452,0.0,1.2909944487358056,2.309401076758503,5.477225575051661,0.0,7.810249675906654,11.254628677422755,-1.1547005383792515,-1.2909944487358056,-2.3804761428476167,0.0,-1.7320508075688772,-6.582805886043833,3.605551275463989,0.0,3.6514837167011076
208,28,35.0,33.0,38.0,29.0,28.0,31.0,23.0,23.0,24.0,74.0,73.0,71.0,71.0,71.0,67.0,68.0,69.0,59.0,93.0,93.0,82.0,68.0,71.0,55.0,43.0,49.0,28.0,1017.0,1016.0,1017.0,1014.0,1015.0,1015.0,1010.0,1013.0,1012.0,16.0,16.0,16.0,13.0,16.0,16.0,2.0,13.0,16.0,24.0,24.0,16.0,6.0,5.0,6.0,8.0,2.0,0.0,33.5,28.5,23.0,75.0,72.5,69.0,93.5,72.5,51.0,1015.0,1012.5,1009.0,16.0,12.0,1.0,22.5,7.0,49.0,-1.5811388300841898,0.0,0.0,1.5811388300841898,2.1213203435596424,1.224744871391589,0.7071067811865476,6.0,10.488088481701515,-2.7386127875258306,-2.23606797749979,-2.5495097567963922,0.0,-2.5495097567963922,-7.905694150420948,-2.1213203435596424,1.5811388300841898,58.137767414994535,-3.1622776601683795,-1.7320508075688772,-0.5773502691896257,1.7320508075688772,2.886751345948129,5.8594652770823155,6.377042156569663,10.456258094238748,14.843629385474879,-2.309401076758503,-1.8257418583505538,-2.0,0.0,-2.0816659994661326,-6.683312551921141,4.281744192888376,1.1547005383792515,47.48333040833032
209,24,32.0,35.0,33.0,28.0,29.0,28.0,23.0,23.0,23.0,76.0,74.0,73.0,74.0,71.0,71.0,70.0,68.0,69.0,94.0,93.0,93.0,77.0,68.0,71.0,59.0,43.0,49.0,1013.0,1017.0,1016.0,1011.0,1014.0,1015.0,1008.0,1010.0,1013.0,16.0,16.0,16.0,11.0,13.0,16.0,0.0,2.0,13.0,21.0,24.0,24.0,8.0,6.0,5.0,90.0,8.0,2.0,29.0,26.0,22.5,75.0,72.5,69.0,97.0,82.0,66.5,1014.5,1012.5,1010.0,16.0,11.0,1.0,22.0,6.5,64.5,-4.743416490252569,-2.9154759474226504,-0.7071067811865476,0.0,0.0,0.0,4.301162633521313,9.513148795220223,15.508062419270823,-1.8708286933869707,0.0,2.449489742783178,0.0,-1.4142135623730951,0.0,-1.5811388300841898,-1.5811388300841898,45.403744338985966,-3.696845502136472,-2.309401076758503,-0.5773502691896257,0.5773502691896257,0.0,-0.5773502691896257,3.5118845842842465,7.571877794400365,12.179217270963408,-1.4142135623730951,-0.5773502691896257,1.0,0.0,-2.0816659994661326,-6.3508529610858835,-1.2909944487358056,-1.1547005383792515,37.233497463081996
210,26,26.0,32.0,35.0,24.0,28.0,29.0,22.0,23.0,23.0,74.0,76.0,74.0,71.0,74.0,71.0,68.0,70.0,68.0,100.0,94.0,93.0,87.0,77.0,68.0,74.0,59.0,43.0,1016.0,1013.0,1017.0,1014.0,1011.0,1014.0,1012.0,1008.0,1010.0,16.0,16.0,16.0,11.0,11.0,13.0,2.0,0.0,2.0,23.0,21.0,24.0,5.0,8.0,6.0,39.0,90.0,8.0,28.0,25.0,21.5,72.0,69.5,67.0,95.0,81.5,67.5,1016.5,1015.0,1013.0,16.0,12.5,6.0,18.0,4.0,19.5,-3.1622776601683795,-2.449489742783178,-1.0,-3.1622776601683795,-3.0,-2.0,-5.656854249492381,-3.24037034920393,5.291502622129181,2.23606797749979,2.5495097567963922,3.1622776601683795,0.0,2.1213203435596424,5.830951894845301,-6.928203230275509,-2.5495097567963922,-45.39823785126467,-3.1091263510296048,-2.0816659994661326,-0.816496580927726,-2.309401076758503,-1.7320508075688772,-1.1547005383792515,-4.58257569495584,4.47213595499958,10.198039027185569,-1.4142135623730951,1.1547005383792515,2.309401076758503,0.0,1.2909944487358056,4.618802153517006,-5.916079783099616,-1.7320508075688772,29.450523481482183
211,29,30.0,26.0,32.0,26.0,24.0,28.0,21.0,22.0,23.0,70.0,74.0,76.0,68.0,71.0,74.0,66.0,68.0,70.0,90.0,100.0,94.0,76.0,87.0,77.0,61.0,74.0,59.0,1017.0,1016.0,1013.0,1016.0,1014.0,1011.0,1014.0,1012.0,1008.0,16.0,16.0,16.0,14.0,11.0,11.0,10.0,2.0,0.0,13.0,23.0,21.0,3.0,5.0,8.0,0.0,39.0,90.0,32.0,27.5,22.0,73.0,70.0,68.0,91.5,74.5,56.5,1017.0,1015.5,1013.0,16.0,14.0,10.5,16.0,4.5,0.0,4.0,2.5495097567963922,1.224744871391589,3.1622776601683795,1.8708286933869707,2.449489742783178,-6.745368781616021,-8.06225774829855,-11.180339887498949,0.7071067811865476,1.224744871391589,0.0,0.0,2.1213203435596424,5.70087712549569,-5.656854249492381,1.5811388300841898,-27.577164466275352,-1.1547005383792515,-1.0,0.816496580927726,2.309401076758503,-0.816496580927726,1.632993161855452,-4.281744192888376,-3.1622776601683795,-2.886751345948129,1.8257418583505538,2.0,2.309401076758503,0.0,1.7320508075688772,4.795831523312719,-4.47213595499958,-1.1547005383792515,-37.067505985701274
212,31,34.0,30.0,26.0,29.0,26.0,24.0,23.0,21.0,22.0,76.0,70.0,74.0,72.0,68.0,71.0,70.0,66.0,68.0,93.0,90.0,100.0,73.0,76.0,87.0,52.0,61.0,74.0,1017.0,1017.0,1016.0,1015.0,1016.0,1014.0,1012.0,1014.0,1012.0,16.0,16.0,16.0,14.0,14.0,11.0,11.0,10.0,2.0,19.0,13.0,23.0,6.0,3.0,5.0,0.0,0.0,39.0,35.0,30.0,24.0,76.0,72.5,70.0,93.5,71.5,49.0,1017.5,1015.0,1012.5,16.0,14.0,9.5,17.5,8.0,0.0,3.1622776601683795,2.5495097567963922,2.0,4.242640687119285,2.9154759474226504,2.8284271247461903,2.23606797749979,-3.0,-7.648529270389178,0.7071067811865476,-0.7071067811865476,-1.224744871391589,0.0,0.0,-2.0,3.6742346141747673,3.5355339059327378,0.0,3.4641016151377544,2.3804761428476167,1.5275252316519468,2.581988897471611,1.632993161855452,2.0,-5.477225575051661,-6.8068592855540455,-9.763879010584539,0.816496580927726,1.0,0.5773502691896257,0.0,1.7320508075688772,4.320493798938574,-4.932882862316247,2.6457513110645907,-22.516660498395403
213,30,36.0,34.0,30.0,31.0,29.0,26.0,25.0,23.0,21.0,76.0,76.0,70.0,73.0,72.0,68.0,70.0,70.0,66.0,94.0,93.0,90.0,70.0,73.0,76.0,46.0,52.0,61.0,1018.0,1017.0,1017.0,1015.0,1015.0,1016.0,1013.0,1012.0,1014.0,16.0,16.0,16.0,14.0,14.0,14.0,8.0,11.0,10.0,16.0,19.0,13.0,10.0,6.0,3.0,0.0,0.0,0.0,36.0,30.5,24.5,75.0,72.5,69.0,94.0,69.0,44.0,1018.5,1015.5,1013.5,16.0,15.0,10.5,14.5,6.5,0.0,1.4142135623730951,1.224744871391589,1.224744871391589,-1.4142135623730951,0.0,-1.4142135623730951,0.7071067811865476,-2.5495097567963922,-5.0990195135927845,1.0,0.7071067811865476,1.0,0.0,1.4142135623730951,2.8284271247461903,-3.0,-4.06201920231798,0.0,2.581988897471611,2.0,1.5275252316519468,3.265986323710904,2.309401076758503,2.0,1.8257418583505538,-2.70801280154532,-6.658328118479393,0.816496580927726,0.0,-0.816496580927726,0.0,1.1547005383792515,2.3804761428476167,2.449489742783178,-2.8284271247461903,0.0
214,30,36.0,36.0,34.0,30.0,31.0,29.0,24.0,25.0,23.0,74.0,76.0,76.0,72.0,73.0,72.0,68.0,70.0,70.0,94.0,94.0,93.0,68.0,70.0,73.0,42.0,46.0,52.0,1019.0,1018.0,1017.0,1016.0,1015.0,1015.0,1014.0,1013.0,1012.0,16.0,16.0,16.0,16.0,14.0,14.0,13.0,8.0,11.0,13.0,16.0,19.0,3.0,10.0,6.0,0.0,0.0,0.0,36.0,30.0,24.0,74.5,71.5,67.0,94.0,67.0,40.0,1018.5,1016.0,1014.0,16.0,15.0,11.5,12.0,4.0,0.0,0.0,-0.7071067811865476,-0.7071067811865476,-1.224744871391589,-1.0,-2.0,0.0,-2.0,-4.0,0.0,0.7071067811865476,0.7071067811865476,0.0,0.0,2.8284271247461903,-2.5495097567963922,-4.743416490252569,0.0,1.1547005383792515,1.0,1.0,-1.0,-0.5773502691896257,-1.632993161855452,0.5773502691896257,-2.3804761428476167,-4.760952285695233,0.5773502691896257,0.5773502691896257,0.816496580927726,0.0,0.0,1.5275252316519468,-2.70801280154532,-3.1091263510296048,0.0
215,29,36.0,36.0,36.0,30.0,30.0,31.0,24.0,24.0,25.0,75.0,74.0,76.0,71.0,72.0,73.0,66.0,68.0,70.0,94.0,94.0,94.0,66.0,68.0,70.0,38.0,42.0,46.0,1018.0,1019.0,1018.0,1016.0,1016.0,1015.0,1014.0,1014.0,1013.0,16.0,16.0,16.0,14.0,16.0,14.0,10.0,13.0,8.0,11.0,13.0,16.0,5.0,3.0,10.0,0.0,0.0,0.0,35.0,29.5,23.5,76.0,71.5,67.0,94.0,68.0,42.0,1018.5,1016.0,1013.5,16.0,13.5,6.5,12.0,5.0,1.0,-1.4142135623730951,-0.7071067811865476,-0.7071067811865476,1.5811388300841898,0.0,0.0,0.0,2.449489742783178,4.898979485566356,0.0,0.0,-0.7071067811865476,0.0,-1.5811388300841898,-5.385164807134504,0.0,1.4142135623730951,1.4142135623730951,-1.1547005383792515,-0.816496580927726,-0.816496580927726,0.5773502691896257,-0.5773502691896257,-1.1547005383792515,0.0,1.632993161855452,3.265986323710904,0.5773502691896257,0.5773502691896257,0.0,0.0,-0.5773502691896257,-3.3166247903554,-1.7320508075688772,-3.872983346207417,1.1547005383792515
216,30,34.0,36.0,36.0,29.0,30.0,30.0,23.0,24.0,24.0,77.0,75.0,74.0,72.0,71.0,72.0,68.0,66.0,68.0,94.0,94.0,94.0,70.0,66.0,68.0,46.0,38.0,42.0,1019.0,1018.0,1019.0,1016.0,1016.0,1016.0,1013.0,1014.0,1014.0,16.0,16.0,16.0,13.0,14.0,16.0,3.0,10.0,13.0,13.0,11.0,13.0,5.0,5.0,3.0,2.0,0.0,0.0,35.0,29.5,23.5,75.0,71.0,67.0,90.5,66.5,42.5,1018.0,1015.5,1012.5,16.0,14.5,9.5,16.0,6.5,1.0,0.0,0.0,0.0,-2.449489742783178,-1.224744871391589,0.0,-4.949747468305833,-4.06201920231798,2.7386127875258306,-1.224744871391589,-0.7071067811865476,-1.0,0.0,2.0,7.745966692414834,4.47213595499958,2.1213203435596424,0.0,0.0,0.0,0.0,-1.9148542155126762,-1.1547005383792515,-1.1547005383792515,-4.041451884327381,-3.5118845842842465,-0.5773502691896257,-1.1547005383792515,-0.5773502691896257,-0.816496580927726,0.0,1.1547005383792515,6.082762530298219,3.4641016151377544,2.0816659994661326,0.0
217,31,36.0,34.0,36.0,30.0,29.0,30.0,24.0,23.0,24.0,73.0,77.0,75.0,70.0,72.0,71.0,66.0,68.0,66.0,87.0,94.0,94.0,63.0,70.0,66.0,39.0,46.0,38.0,1017.0,1019.0,1018.0,1015.0,1016.0,1016.0,1012.0,1013.0,1014.0,16.0,16.0,16.0,16.0,13.0,14.0,16.0,3.0,10.0,19.0,13.0,11.0,8.0,5.0,5.0,0.0,2.0,0.0,36.5,30.5,24.0,73.5,70.5,66.5,90.5,64.5,38.5,1016.5,1014.5,1012.0,16.0,16.0,14.5,21.5,9.0,0.0,1.5811388300841898,1.0,0.7071067811865476,-2.7386127875258306,-1.224744871391589,-1.224744871391589,0.0,-4.47213595499958,-5.0,-1.5811388300841898,-1.0,-0.7071067811865476,0.0,2.1213203435596424,8.94427190999916,5.522680508593631,2.5495097567963922,-1.4142135623730951,0.5773502691896257,0.5773502691896257,0.0,-1.9148542155126762,-0.816496580927726,0.5773502691896257,0.0,-2.8284271247461903,2.160246899469287,-1.1547005383792515,-0.816496580927726,-0.816496580927726,0.0,1.632993161855452,6.082762530298219,4.654746681256314,2.0816659994661326,0.0
218,31,37.0,36.0,34.0,31.0,30.0,29.0,24.0,24.0,23.0,74.0,73.0,77.0,71.0,70.0,72.0,67.0,66.0,68.0,94.0,87.0,94.0,66.0,63.0,70.0,38.0,39.0,46.0,1016.0,1017.0,1019.0,1014.0,1015.0,1016.0,1012.0,1012.0,1013.0,16.0,16.0,16.0,16.0,16.0,13.0,13.0,16.0,3.0,24.0,19.0,13.0,10.0,8.0,5.0,0.0,0.0,2.0,37.0,31.0,24.0,74.0,71.0,66.0,94.0,65.0,35.5,1017.5,1015.0,1013.0,16.0,16.0,13.5,22.5,10.0,0.0,0.7071067811865476,0.7071067811865476,0.0,0.7071067811865476,0.7071067811865476,-1.224744871391589,4.949747468305833,1.5811388300841898,-3.605551275463989,2.0,1.224744871391589,1.4142135623730951,0.0,0.0,-2.0,2.8284271247461903,1.4142135623730951,0.0,1.2909944487358056,0.816496580927726,0.5773502691896257,-2.23606797749979,-1.0,-1.5275252316519468,0.0,-3.8297084310253524,-5.0,1.1547005383792515,0.816496580927726,1.0,0.0,1.7320508075688772,7.32575365861197,4.163331998932265,2.0816659994661326,-1.1547005383792515
219,31,37.0,37.0,36.0,31.0,31.0,30.0,24.0,24.0,24.0,74.0,74.0,73.0,71.0,71.0,70.0,65.0,67.0,66.0,94.0,94.0,87.0,64.0,66.0,63.0,33.0,38.0,39.0,1019.0,1016.0,1017.0,1016.0,1014.0,1015.0,1014.0,1012.0,1012.0,16.0,16.0,16.0,16.0,16.0,16.0,14.0,13.0,16.0,21.0,24.0,19.0,10.0,10.0,8.0,0.0,0.0,0.0,37.0,31.0,23.5,73.5,70.0,64.0,93.5,63.0,32.0,1019.5,1017.0,1014.5,16.0,16.0,13.5,17.5,7.5,0.0,0.0,0.0,-0.7071067811865476,-0.7071067811865476,-1.4142135623730951,-2.0,-0.7071067811865476,-2.0,-3.8078865529319543,2.23606797749979,2.0,1.5811388300841898,0.0,0.0,0.0,-5.385164807134504,-3.5355339059327378,0.0,0.5773502691896257,0.5773502691896257,-0.5773502691896257,0.0,-1.0,-1.5275252316519468,4.0,0.5773502691896257,-3.1622776601683795,1.7320508075688772,1.5275252316519468,1.2909944487358056,0.0,0.0,-1.7320508075688772,-3.3166247903554,-2.6457513110645907,0.0
220,31,37.0,37.0,37.0,31.0,31.0,31.0,23.0,24.0,24.0,73.0,74.0,74.0,69.0,71.0,71.0,63.0,65.0,67.0,93.0,94.0,94.0,62.0,64.0,66.0,31.0,33.0,38.0,1020.0,1019.0,1016.0,1018.0,1016.0,1014.0,1015.0,1014.0,1012.0,16.0,16.0,16.0,16.0,16.0,16.0,13.0,14.0,13.0,14.0,21.0,24.0,5.0,10.0,10.0,0.0,0.0,0.0,36.5,31.0,23.5,72.5,69.5,64.5,90.0,62.5,34.5,1019.5,1017.5,1015.5,16.0,16.0,14.5,17.5,5.5,0.0,-0.7071067811865476,0.0,0.0,-1.0,-1.224744871391589,1.5811388300841898,-4.301162633521313,-1.224744871391589,4.743416490252569,0.0,1.224744871391589,1.0,0.0,0.0,2.0,0.0,-3.4641016151377544,0.0,-0.5773502691896257,0.0,0.0,-0.816496580927726,-1.0,0.5773502691896257,-3.5118845842842465,-1.5275252316519468,2.581988897471611,1.7320508075688772,1.5275252316519468,1.4142135623730951,0.0,0.0,1.7320508075688772,-1.7320508075688772,-2.8284271247461903,0.0
221,30,36.0,37.0,37.0,31.0,31.0,31.0,24.0,23.0,24.0,72.0,73.0,74.0,70.0,69.0,71.0,66.0,63.0,65.0,87.0,93.0,94.0,63.0,62.0,64.0,38.0,31.0,33.0,1019.0,1020.0,1019.0,1017.0,1018.0,1016.0,1016.0,1015.0,1014.0,16.0,16.0,16.0,16.0,16.0,16.0,16.0,13.0,14.0,21.0,14.0,21.0,6.0,5.0,10.0,0.0,0.0,0.0,36.0,30.5,24.0,72.0,69.0,63.0,87.0,61.5,35.5,1018.5,1016.0,1013.5,16.0,16.0,16.0,22.0,8.0,0.0,-0.7071067811865476,-0.7071067811865476,0.7071067811865476,-0.7071067811865476,-1.224744871391589,-3.6742346141747673,-4.242640687119285,-2.0,3.4641016151377544,-1.0,-1.5811388300841898,-3.4641016151377544,0.0,0.0,2.1213203435596424,5.1478150704935,2.9154759474226504,0.0,-0.5773502691896257,-0.5773502691896257,0.0,-0.816496580927726,-1.5275252316519468,-3.2145502536643185,-3.5118845842842465,-2.0,2.581988897471611,-0.5773502691896257,-0.5773502691896257,-2.7688746209726918,0.0,0.0,1.632993161855452,1.1547005383792515,-1.632993161855452,0.0
222,31,36.0,36.0,37.0,30.0,31.0,31.0,24.0,24.0,23.0,72.0,72.0,73.0,68.0,70.0,69.0,60.0,66.0,63.0,87.0,87.0,93.0,60.0,63.0,62.0,33.0,38.0,31.0,1018.0,1019.0,1020.0,1015.0,1017.0,1018.0,1011.0,1016.0,1015.0,16.0,16.0,16.0,16.0,16.0,16.0,16.0,16.0,13.0,23.0,21.0,14.0,10.0,6.0,5.0,0.0,0.0,0.0,36.0,30.5,24.5,72.5,69.5,62.0,86.0,62.0,37.5,1017.0,1014.5,1011.0,16.0,16.0,16.0,22.0,8.0,0.0,0.0,0.0,0.7071067811865476,0.7071067811865476,1.5811388300841898,-3.1622776601683795,-1.4142135623730951,1.8708286933869707,5.291502622129181,-1.5811388300841898,-1.5811388300841898,-3.5355339059327378,0.0,0.0,0.0,0.0,0.0,0.0,-0.5773502691896257,0.0,0.816496580927726,0.0,1.4142135623730951,-1.9148542155126762,-3.6514837167011076,1.632993161855452,5.916079783099616,-1.4142135623730951,-1.4142135623730951,-2.8284271247461903,0.0,0.0,1.7320508075688772,4.041451884327381,0.5773502691896257,0.0
223,28,36.0,36.0,36.0,31.0,30.0,31.0,25.0,24.0,24.0,73.0,72.0,72.0,71.0,68.0,70.0,64.0,60.0,66.0,85.0,87.0,87.0,64.0,60.0,63.0,42.0,33.0,38.0,1016.0,1018.0,1019.0,1014.0,1015.0,1017.0,1011.0,1011.0,1016.0,16.0,16.0,16.0,16.0,16.0,16.0,16.0,16.0,16.0,21.0,23.0,21.0,6.0,10.0,6.0,0.0,0.0,0.0,34.5,29.5,24.0,70.0,68.0,64.0,79.5,61.5,43.0,1016.0,1014.5,1012.5,16.0,16.0,16.0,20.0,7.0,0.0,-2.1213203435596424,-2.0,-1.224744871391589,-4.183300132670378,-3.6742346141747673,2.8284271247461903,-7.905694150420948,-2.1213203435596424,6.519202405202649,-1.4142135623730951,0.0,2.1213203435596424,0.0,0.0,0.0,-2.0,-2.449489742783178,0.0,-1.7320508075688772,-1.7320508075688772,-1.0,-3.415650255319866,-3.2145502536643185,-2.581988897471611,-6.454972243679028,-2.449489742783178,4.47213595499958,-1.2909944487358056,-1.1547005383792515,-2.309401076758503,0.0,0.0,0.0,-1.1547005383792515,1.1547005383792515,0.0
224,26,33.0,36.0,36.0,28.0,31.0,30.0,23.0,25.0,24.0,67.0,73.0,72.0,65.0,71.0,68.0,64.0,64.0,60.0,74.0,85.0,87.0,59.0,64.0,60.0,44.0,42.0,33.0,1016.0,1016.0,1018.0,1015.0,1014.0,1015.0,1014.0,1011.0,1011.0,16.0,16.0,16.0,16.0,16.0,16.0,16.0,16.0,16.0,19.0,21.0,23.0,8.0,6.0,10.0,0.0,0.0,0.0,32.5,27.0,21.5,67.5,65.5,64.0,83.5,64.5,45.0,1017.5,1016.0,1014.5,16.0,16.0,16.0,17.5,6.5,0.0,-2.23606797749979,-2.5495097567963922,-2.5495097567963922,-4.183300132670378,-4.183300132670378,0.0,10.954451150103322,6.928203230275509,2.0,2.1213203435596424,1.5811388300841898,2.23606797749979,0.0,0.0,0.0,-2.5495097567963922,-1.5811388300841898,0.0,-1.8257418583505538,-2.0,-2.0,-3.366501646120693,-2.943920288775949,2.309401076758503,8.86942313043338,6.110100926607787,5.446711546122731,1.2909944487358056,1.1547005383792515,1.8257418583505538,0.0,0.0,0.0,-2.3804761428476167,-2.6457513110645907,0.0
225,28,32.0,33.0,36.0,26.0,28.0,31.0,20.0,23.0,25.0,68.0,67.0,73.0,66.0,65.0,71.0,64.0,64.0,64.0,93.0,74.0,85.0,70.0,59.0,64.0,46.0,44.0,42.0,1019.0,1016.0,1016.0,1017.0,1015.0,1014.0,1015.0,1014.0,1011.0,16.0,16.0,16.0,16.0,16.0,16.0,16.0,16.0,16.0,16.0,19.0,21.0,5.0,8.0,6.0,0.0,0.0,0.0,33.0,27.0,21.0,68.5,66.0,64.5,88.5,66.0,42.5,1019.0,1016.5,1014.0,16.0,16.0,15.0,18.5,5.5,0.0,1.224744871391589,0.0,-1.5811388300841898,1.0,0.7071067811865476,0.7071067811865476,11.832159566199232,5.338539126015656,-4.743416490252569,2.1213203435596424,1.224744871391589,-1.224744871391589,0.0,0.0,-1.4142135623730951,2.8284271247461903,-2.0,0.0,-1.4142135623730951,-1.7320508075688772,-1.7320508075688772,-3.366501646120693,-3.415650255319866,0.5773502691896257,7.280109889280518,3.265986323710904,-3.696845502136472,1.7320508075688772,1.1547005383792515,1.4142135623730951,0.0,0.0,-1.1547005383792515,2.0,-1.1547005383792515,0.0
226,28,34.0,32.0,33.0,28.0,26.0,28.0,22.0,20.0,23.0,69.0,68.0,67.0,66.0,66.0,65.0,65.0,64.0,64.0,84.0,93.0,74.0,62.0,70.0,59.0,39.0,46.0,44.0,1019.0,1019.0,1016.0,1016.0,1017.0,1015.0,1013.0,1015.0,1014.0,16.0,16.0,16.0,16.0,16.0,16.0,14.0,16.0,16.0,21.0,16.0,19.0,6.0,5.0,8.0,0.0,0.0,0.0,34.0,28.0,22.0,70.5,67.5,65.0,85.5,64.0,41.5,1018.5,1015.5,1013.0,16.0,15.0,12.5,21.0,5.5,0.0,1.4142135623730951,1.4142135623730951,1.4142135623730951,2.23606797749979,2.1213203435596424,0.7071067811865476,-6.0,-4.898979485566356,-3.4641016151377544,-0.7071067811865476,-1.0,-1.4142135623730951,0.0,-1.4142135623730951,-2.5495097567963922,3.5355339059327378,0.0,0.0,1.0,0.0,-1.2909944487358056,1.9148542155126762,1.8257418583505538,0.5773502691896257,9.814954576223638,4.932882862316247,-2.581988897471611,1.632993161855452,0.816496580927726,-1.0,0.0,-1.1547005383792515,-2.0816659994661326,2.309401076758503,-1.7320508075688772,0.0
227,29,34.0,34.0,32.0,28.0,28.0,26.0,22.0,22.0,20.0,72.0,69.0,68.0,69.0,66.0,66.0,65.0,65.0,64.0,87.0,84.0,93.0,66.0,62.0,70.0,44.0,39.0,46.0,1018.0,1019.0,1019.0,1015.0,1016.0,1017.0,1013.0,1013.0,1015.0,16.0,16.0,16.0,14.0,16.0,16.0,11.0,14.0,16.0,21.0,21.0,16.0,5.0,6.0,5.0,0.0,0.0,0.0,35.0,28.5,22.5,71.5,68.5,64.5,87.0,63.5,39.5,1018.0,1015.5,1013.5,16.0,15.0,12.0,21.0,5.0,0.0,1.4142135623730951,0.7071067811865476,0.7071067811865476,2.0,2.0,-0.7071067811865476,2.1213203435596424,-2.1213203435596424,-5.291502622129181,-0.7071067811865476,0.0,0.7071067811865476,0.0,0.0,-1.5811388300841898,0.0,-0.7071067811865476,0.0,1.632993161855452,1.2909944487358056,1.2909944487358056,1.7320508075688772,1.632993161855452,0.0,-4.898979485566356,-4.932882862316247,-5.916079783099616,-0.5773502691896257,-0.5773502691896257,-1.0,0.0,0.0,-1.7320508075688772,2.886751345948129,0.0,0.0
228,31,36.0,34.0,34.0,29.0,28.0,28.0,23.0,22.0,22.0,71.0,72.0,69.0,68.0,69.0,66.0,64.0,65.0,65.0,87.0,87.0,84.0,61.0,66.0,62.0,35.0,44.0,39.0,1018.0,1018.0,1019.0,1016.0,1015.0,1016.0,1014.0,1013.0,1013.0,16.0,16.0,16.0,16.0,14.0,16.0,13.0,11.0,14.0,21.0,21.0,21.0,5.0,5.0,6.0,0.0,0.0,0.0,36.5,30.0,23.5,72.0,68.0,62.5,90.5,62.5,34.0,1018.0,1015.5,1012.5,16.0,16.0,13.5,21.0,6.5,0.0,1.5811388300841898,1.5811388300841898,1.0,1.224744871391589,-0.7071067811865476,-2.23606797749979,4.949747468305833,-2.8284271247461903,-6.519202405202649,0.0,0.0,-2.0,0.0,1.4142135623730951,1.5811388300841898,0.0,2.1213203435596424,0.0,1.2909944487358056,1.2909944487358056,0.816496580927726,2.0,1.632993161855452,-1.8257418583505538,4.396968652757639,0.0,-4.47213595499958,-0.5773502691896257,-0.5773502691896257,-1.632993161855452,0.0,0.0,-1.1547005383792515,0.0,1.632993161855452,0.0
229,32,37.0,36.0,34.0,31.0,29.0,28.0,24.0,23.0,22.0,73.0,71.0,72.0,68.0,68.0,69.0,61.0,64.0,65.0,94.0,87.0,87.0,64.0,61.0,66.0,33.0,35.0,44.0,1018.0,1018.0,1018.0,1015.0,1016.0,1015.0,1011.0,1014.0,1013.0,16.0,16.0,16.0,16.0,16.0,14.0,14.0,13.0,11.0,21.0,21.0,21.0,8.0,5.0,5.0,0.0,0.0,0.0,38.0,31.5,24.5,73.5,69.5,62.0,91.0,61.5,31.0,1017.0,1014.0,1009.5,16.0,14.5,11.0,21.0,9.0,0.0,1.5811388300841898,1.5811388300841898,1.0,1.5811388300841898,2.1213203435596424,-1.5811388300841898,2.5495097567963922,-2.8284271247461903,-3.1622776601683795,-1.4142135623730951,-1.5811388300841898,-3.0,0.0,-2.1213203435596424,-4.183300132670378,0.0,2.5495097567963922,0.0,1.7320508075688772,1.4142135623730951,1.0,1.1547005383792515,1.632993161855452,-1.4142135623730951,2.0816659994661326,-3.696845502136472,-5.802298395176403,-1.1547005383792515,-1.1547005383792515,-2.3804761428476167,0.0,-1.2909944487358056,-3.2145502536643185,0.0,2.0816659994661326,0.0
230,32,39.0,37.0,36.0,32.0,31.0,29.0,25.0,24.0,23.0,74.0,73.0,71.0,71.0,68.0,68.0,63.0,61.0,64.0,88.0,94.0,87.0,59.0,64.0,61.0,29.0,33.0,35.0,1016.0,1018.0,1018.0,1013.0,1015.0,1016.0,1008.0,1011.0,1014.0,16.0,16.0,16.0,13.0,16.0,16.0,8.0,14.0,13.0,21.0,21.0,21.0,10.0,8.0,5.0,0.0,0.0,0.0,39.0,32.0,24.5,74.5,70.5,62.5,89.5,59.5,29.0,1016.0,1012.5,1009.0,16.0,14.5,12.0,21.0,10.0,0.0,1.4142135623730951,0.7071067811865476,0.0,1.0,2.0,1.224744871391589,-3.6742346141747673,-3.4641016151377544,-2.8284271247461903,-1.4142135623730951,-1.5811388300841898,-1.5811388300841898,0.0,0.0,3.7416573867739413,0.0,1.4142135623730951,0.0,1.2909944487358056,1.2909944487358056,0.5773502691896257,1.4142135623730951,1.632993161855452,-1.4142135623730951,2.70801280154532,-2.23606797749979,-2.581988897471611,-1.1547005383792515,-1.4142135623730951,-2.160246899469287,0.0,0.0,3.1091263510296048,0.0,2.0816659994661326,0.0
231,32,39.0,39.0,37.0,32.0,32.0,31.0,24.0,25.0,24.0,75.0,74.0,73.0,70.0,71.0,68.0,62.0,63.0,61.0,91.0,88.0,94.0,60.0,59.0,64.0,29.0,29.0,33.0,1016.0,1016.0,1018.0,1012.0,1013.0,1015.0,1010.0,1008.0,1011.0,16.0,16.0,16.0,16.0,13.0,16.0,16.0,8.0,14.0,21.0,21.0,21.0,10.0,10.0,8.0,0.0,0.0,0.0,38.5,32.0,24.5,74.5,69.0,62.0,89.5,60.0,30.0,1016.0,1013.0,1010.5,16.0,16.0,16.0,21.0,9.0,0.0,-0.7071067811865476,0.0,0.0,0.0,-1.5811388300841898,-0.7071067811865476,0.0,0.7071067811865476,1.4142135623730951,0.0,1.224744871391589,1.5811388300841898,0.0,2.1213203435596424,5.656854249492381,0.0,-1.4142135623730951,0.0,1.0,0.5773502691896257,0.5773502691896257,0.5773502691896257,1.1547005383792515,1.0,-3.4641016151377544,-2.8284271247461903,-2.0,-1.1547005383792515,-0.5773502691896257,-1.1547005383792515,0.0,0.0,3.0550504633038935,0.0,0.0,0.0
232,32,38.0,39.0,39.0,32.0,32.0,32.0,25.0,24.0,25.0,74.0,75.0,74.0,68.0,70.0,71.0,62.0,62.0,63.0,88.0,91.0,88.0,60.0,60.0,59.0,31.0,29.0,29.0,1016.0,1016.0,1016.0,1014.0,1012.0,1013.0,1011.0,1010.0,1008.0,16.0,16.0,16.0,16.0,16.0,13.0,16.0,16.0,8.0,21.0,21.0,21.0,8.0,10.0,10.0,0.0,0.0,0.0,38.0,32.0,25.0,74.0,68.5,61.5,88.0,59.0,29.0,1016.0,1014.5,1011.5,16.0,16.0,16.0,21.0,7.0,0.0,-0.7071067811865476,0.0,0.7071067811865476,-0.7071067811865476,-1.224744871391589,-0.7071067811865476,-2.1213203435596424,-1.4142135623730951,-2.449489742783178,0.0,1.5811388300841898,1.0,0.0,0.0,0.0,0.0,-2.0,0.0,-0.5773502691896257,0.0,0.0,0.0,-1.1547005383792515,-0.816496580927726,0.0,-1.0,-2.0,0.0,1.1547005383792515,1.4142135623730951,0.0,1.7320508075688772,4.618802153517006,0.0,-1.632993161855452,0.0
233,32,38.0,38.0,39.0,32.0,32.0,32.0,25.0,25.0,24.0,74.0,74.0,75.0,69.0,68.0,70.0,61.0,62.0,62.0,88.0,88.0,91.0,58.0,60.0,60.0,27.0,31.0,29.0,1016.0,1016.0,1016.0,1015.0,1014.0,1012.0,1012.0,1011.0,1010.0,16.0,16.0,16.0,16.0,16.0,16.0,16.0,16.0,16.0,21.0,21.0,21.0,6.0,8.0,10.0,0.0,0.0,0.0,38.5,32.0,24.5,74.5,70.0,63.5,89.5,60.0,30.0,1017.0,1015.5,1013.0,16.0,16.0,9.5,21.0,5.5,0.5,0.7071067811865476,0.0,-0.7071067811865476,0.7071067811865476,1.5811388300841898,3.4641016151377544,2.1213203435596424,2.449489742783178,3.1622776601683795,1.4142135623730951,1.0,1.5811388300841898,0.0,0.0,-9.192388155425117,0.0,-1.5811388300841898,0.7071067811865476,0.0,0.0,0.0,0.0,0.5773502691896257,2.8284271247461903,0.0,2.0,2.8284271247461903,1.1547005383792515,1.4142135623730951,1.4142135623730951,0.0,0.0,-7.505553499465135,0.0,-1.7320508075688772,0.5773502691896257
234,31,39.0,38.0,38.0,32.0,32.0,32.0,24.0,25.0,25.0,75.0,74.0,74.0,71.0,69.0,68.0,66.0,61.0,62.0,91.0,88.0,88.0,62.0,58.0,60.0,33.0,27.0,31.0,1018.0,1016.0,1016.0,1016.0,1015.0,1014.0,1014.0,1012.0,1011.0,16.0,16.0,16.0,16.0,16.0,16.0,3.0,16.0,16.0,21.0,21.0,21.0,5.0,6.0,8.0,1.0,0.0,0.0,38.5,31.5,23.5,74.0,68.5,59.5,92.5,62.0,31.0,1018.0,1016.0,1013.5,16.0,16.0,9.5,20.0,5.5,0.5,0.0,-0.7071067811865476,-1.0,-1.224744871391589,-3.24037034920393,-8.48528137423857,3.0,2.8284271247461903,3.1622776601683795,1.4142135623730951,0.7071067811865476,1.224744871391589,0.0,0.0,0.0,-1.4142135623730951,0.0,0.0,0.0,-0.5773502691896257,-0.816496580927726,-1.0,-2.581988897471611,-6.95221787153807,2.449489742783178,2.0,1.1547005383792515,1.1547005383792515,0.816496580927726,1.1547005383792515,0.0,0.0,0.0,-1.1547005383792515,-1.1547005383792515,0.0
235,28,38.0,39.0,38.0,31.0,32.0,32.0,23.0,24.0,25.0,73.0,75.0,74.0,66.0,71.0,69.0,53.0,66.0,61.0,94.0,91.0,88.0,62.0,62.0,58.0,29.0,33.0,27.0,1018.0,1018.0,1016.0,1016.0,1016.0,1015.0,1013.0,1014.0,1012.0,16.0,16.0,16.0,16.0,16.0,16.0,16.0,3.0,16.0,19.0,21.0,21.0,6.0,5.0,6.0,0.0,1.0,0.0,37.0,29.5,22.0,66.5,61.5,52.0,80.0,53.5,26.5,1018.0,1016.0,1013.5,16.0,16.0,16.0,19.0,6.0,0.0,-1.5811388300841898,-2.23606797749979,-1.5811388300841898,-9.300537618869138,-7.280109889280518,-9.300537618869138,-19.685019685029527,-12.020815280171307,-4.527692569068709,0.0,0.0,0.0,0.0,0.0,9.192388155425117,-1.4142135623730951,0.7071067811865476,-0.7071067811865476,-1.1547005383792515,-1.8257418583505538,-1.4142135623730951,-7.571877794400365,-5.830951894845301,-7.023769168568493,-15.979153085609179,-9.539392014169456,-1.2909944487358056,1.1547005383792515,0.5773502691896257,1.1547005383792515,0.0,0.0,0.0,-1.1547005383792515,0.0,0.0
236,29,36.0,38.0,39.0,28.0,31.0,32.0,21.0,23.0,24.0,60.0,73.0,75.0,57.0,66.0,71.0,51.0,53.0,66.0,66.0,94.0,91.0,45.0,62.0,62.0,24.0,29.0,33.0,1018.0,1018.0,1018.0,1016.0,1016.0,1016.0,1014.0,1013.0,1014.0,16.0,16.0,16.0,16.0,16.0,16.0,16.0,16.0,3.0,19.0,19.0,21.0,6.0,6.0,5.0,0.0,0.0,1.0,36.5,28.5,21.0,64.0,59.0,53.5,69.5,47.5,25.5,1017.5,1015.5,1013.0,16.0,16.0,16.0,16.5,6.0,0.0,-1.224744871391589,-2.0,-1.4142135623730951,-7.245688373094719,-5.70087712549569,3.24037034920393,-19.170289512680814,-11.489125293076057,-2.8284271247461903,-0.7071067811865476,-0.7071067811865476,-1.224744871391589,0.0,0.0,0.0,-3.5355339059327378,0.0,0.0,-1.1547005383792515,-1.7320508075688772,-1.2909944487358056,-6.027713773341708,-5.477225575051661,-7.023769168568493,-15.556349186104045,-9.38083151964686,-3.265986323710904,-0.5773502691896257,-0.5773502691896257,-1.1547005383792515,0.0,0.0,7.505553499465135,-3.1091263510296048,0.5773502691896257,-0.5773502691896257
237,31,37.0,36.0,38.0,29.0,28.0,31.0,21.0,21.0,23.0,68.0,60.0,73.0,61.0,57.0,66.0,56.0,51.0,53.0,73.0,66.0,94.0,50.0,45.0,62.0,27.0,24.0,29.0,1017.0,1018.0,1018.0,1015.0,1016.0,1016.0,1012.0,1014.0,1013.0,16.0,16.0,16.0,16.0,16.0,16.0,16.0,16.0,16.0,14.0,19.0,19.0,6.0,6.0,6.0,0.0,0.0,0.0,37.5,30.0,22.5,71.0,65.0,58.0,80.5,54.0,27.0,1017.5,1014.5,1011.0,16.0,16.0,16.0,17.5,7.0,0.0,1.0,1.5811388300841898,2.1213203435596424,7.0710678118654755,6.324555320336759,4.527692569068709,11.704699910719626,6.670832032063167,2.1213203435596424,0.0,-1.0,-2.0,0.0,0.0,0.0,3.4641016151377544,1.4142135623730951,0.0,-0.816496580927726,-1.1547005383792515,1.2909944487358056,-4.795831523312719,-0.5773502691896257,3.5118845842842465,-13.038404810405298,-8.16496580927726,-2.309401076758503,0.0,-0.816496580927726,-1.5275252316519468,0.0,0.0,0.0,2.8284271247461903,1.1547005383792515,0.0
238,33,38.0,37.0,36.0,31.0,29.0,28.0,24.0,21.0,21.0,74.0,68.0,60.0,69.0,61.0,57.0,60.0,56.0,51.0,88.0,73.0,66.0,58.0,50.0,45.0,27.0,27.0,24.0,1018.0,1017.0,1018.0,1014.0,1015.0,1016.0,1010.0,1012.0,1014.0,16.0,16.0,16.0,16.0,16.0,16.0,16.0,16.0,16.0,21.0,14.0,19.0,8.0,6.0,6.0,0.0,0.0,0.0,39.0,32.0,24.5,74.0,69.0,60.0,88.0,57.5,26.0,1016.0,1013.0,1009.5,16.0,16.0,16.0,22.0,9.5,0.0,1.5811388300841898,2.0,2.23606797749979,4.242640687119285,5.656854249492381,2.8284271247461903,10.606601717798213,5.612486080160912,-1.4142135623730951,-2.7386127875258306,-1.5811388300841898,-1.5811388300841898,0.0,0.0,0.0,5.1478150704935,2.5495097567963922,0.0,1.4142135623730951,1.7320508075688772,1.8257418583505538,5.773502691896258,5.163977794943222,3.696845502136472,9.556847457887633,5.41602560309064,1.2909944487358056,-2.309401076758503,-1.4142135623730951,-1.7320508075688772,0.0,0.0,0.0,3.0550504633038935,2.0816659994661326,0.0
239,32,40.0,38.0,37.0,33.0,31.0,29.0,25.0,24.0,21.0,74.0,74.0,68.0,69.0,69.0,61.0,60.0,60.0,56.0,88.0,88.0,73.0,57.0,58.0,50.0,25.0,27.0,27.0,1014.0,1018.0,1017.0,1012.0,1014.0,1015.0,1009.0,1010.0,1012.0,16.0,16.0,16.0,16.0,16.0,16.0,16.0,16.0,16.0,23.0,21.0,14.0,11.0,8.0,6.0,0.0,0.0,0.0,39.0,32.5,25.5,74.0,70.0,59.5,86.5,56.5,26.0,1015.5,1012.5,1009.5,16.0,16.0,16.0,24.5,10.5,0.0,0.0,1.224744871391589,1.0,0.0,1.4142135623730951,-0.7071067811865476,-2.1213203435596424,-1.0,0.0,-1.8708286933869707,-1.224744871391589,0.0,0.0,0.0,0.0,2.5495097567963922,2.0,0.0,0.5773502691896257,1.5275252316519468,1.9148542155126762,3.4641016151377544,4.760952285695233,2.23606797749979,8.48528137423857,4.546060565661952,0.0,-1.4142135623730951,-1.1547005383792515,-1.1547005383792515,0.0,0.0,0.0,4.546060565661952,2.0,0.0
240,32,38.0,40.0,38.0,32.0,33.0,31.0,26.0,25.0,24.0,74.0,74.0,74.0,71.0,69.0,69.0,59.0,60.0,60.0,85.0,88.0,88.0,56.0,57.0,58.0,27.0,25.0,27.0,1017.0,1014.0,1018.0,1013.0,1012.0,1014.0,1010.0,1009.0,1010.0,16.0,16.0,16.0,16.0,16.0,16.0,16.0,16.0,16.0,26.0,23.0,21.0,10.0,11.0,8.0,0.0,0.0,0.0,38.5,32.0,26.0,74.5,71.0,61.5,85.0,57.5,30.0,1016.5,1013.0,1009.0,16.0,16.0,15.0,25.0,10.5,0.0,-1.224744871391589,-0.7071067811865476,0.7071067811865476,0.7071067811865476,1.4142135623730951,3.4641016151377544,-2.1213203435596424,2.0,4.47213595499958,2.0,0.7071067811865476,-1.224744871391589,0.0,0.0,-1.4142135623730951,1.5811388300841898,0.0,0.0,0.5773502691896257,1.0,0.816496580927726,0.5773502691896257,1.1547005383792515,2.8284271247461903,-1.7320508075688772,1.5275252316519468,3.4641016151377544,-1.632993161855452,-1.0,-1.1547005383792515,0.0,0.0,-1.1547005383792515,1.7320508075688772,1.7320508075688772,0.0
241,31,39.0,38.0,40.0,32.0,32.0,33.0,26.0,26.0,25.0,75.0,74.0,74.0,71.0,71.0,69.0,64.0,59.0,60.0,85.0,85.0,88.0,59.0,56.0,57.0,33.0,27.0,25.0,1016.0,1017.0,1014.0,1013.0,1013.0,1012.0,1008.0,1010.0,1009.0,16.0,16.0,16.0,16.0,16.0,16.0,14.0,16.0,16.0,24.0,26.0,23.0,11.0,10.0,11.0,0.0,0.0,0.0,37.5,31.5,25.5,73.5,69.5,63.0,80.5,57.0,33.5,1015.0,1012.5,1008.0,16.0,16.0,14.0,25.0,11.0,0.0,-2.0,-0.7071067811865476,-0.7071067811865476,-2.0,-2.1213203435596424,3.24037034920393,-6.363961030678928,-1.8708286933869707,4.301162633521313,-1.5811388300841898,-0.7071067811865476,-1.4142135623730951,0.0,0.0,-1.4142135623730951,0.0,0.7071067811865476,0.0,-2.0,-0.816496580927726,0.0,-1.632993161855452,-1.2909944487358056,2.581988897471611,-5.477225575051661,-1.632993161855452,3.696845502136472,1.1547005383792515,0.0,-1.0,0.0,0.0,-1.1547005383792515,1.7320508075688772,0.0,0.0
242,32,36.0,39.0,38.0,31.0,32.0,32.0,25.0,26.0,26.0,72.0,75.0,74.0,68.0,71.0,71.0,62.0,64.0,59.0,76.0,85.0,85.0,55.0,59.0,56.0,34.0,33.0,27.0,1014.0,1016.0,1017.0,1012.0,1013.0,1013.0,1008.0,1008.0,1010.0,16.0,16.0,16.0,16.0,16.0,16.0,14.0,14.0,16.0,26.0,24.0,26.0,11.0,11.0,10.0,0.0,0.0,0.0,37.5,31.5,25.5,73.5,69.5,62.5,80.5,56.0,31.5,1015.0,1012.5,1009.0,16.0,16.0,13.5,26.5,12.0,0.0,0.0,0.0,0.0,0.0,0.0,-1.224744871391589,0.0,-2.449489742783178,-3.4641016151377544,0.0,0.0,1.4142135623730951,0.0,0.0,-0.7071067811865476,1.5811388300841898,1.4142135623730951,0.0,0.5773502691896257,0.0,0.0,0.5773502691896257,0.0,2.70801280154532,0.0,-1.0,2.0,-0.5773502691896257,0.0,0.0,0.0,0.0,-1.2909944487358056,0.5773502691896257,1.2909944487358056,0.0
243,33,39.0,36.0,39.0,32.0,31.0,32.0,26.0,25.0,26.0,75.0,72.0,75.0,71.0,68.0,71.0,63.0,62.0,64.0,85.0,76.0,85.0,57.0,55.0,59.0,29.0,34.0,33.0,1016.0,1014.0,1016.0,1013.0,1012.0,1013.0,1010.0,1008.0,1008.0,16.0,16.0,16.0,16.0,16.0,16.0,13.0,14.0,14.0,27.0,26.0,24.0,13.0,11.0,11.0,0.0,0.0,0.0,39.0,32.5,26.5,75.0,71.0,62.0,85.0,56.0,27.0,1017.0,1014.0,1011.5,16.0,16.0,14.5,27.0,13.5,0.0,2.1213203435596424,1.0,1.0,2.1213203435596424,2.1213203435596424,-1.224744871391589,6.363961030678928,0.0,-4.527692569068709,2.0,1.5811388300841898,2.5495097567963922,0.0,0.0,2.0,0.7071067811865476,1.5811388300841898,0.0,0.0,0.5773502691896257,0.5773502691896257,0.0,0.0,-1.5275252316519468,0.0,-2.309401076758503,-3.6514837167011076,1.1547005383792515,1.1547005383792515,2.0816659994661326,0.0,0.0,1.632993161855452,1.2909944487358056,1.2909944487358056,0.0
244,33,39.0,39.0,36.0,33.0,32.0,31.0,27.0,26.0,25.0,75.0,75.0,72.0,71.0,71.0,68.0,61.0,63.0,62.0,85.0,85.0,76.0,55.0,57.0,55.0,25.0,29.0,34.0,1018.0,1016.0,1014.0,1015.0,1013.0,1012.0,1013.0,1010.0,1008.0,16.0,16.0,16.0,16.0,16.0,16.0,16.0,13.0,14.0,27.0,27.0,26.0,14.0,13.0,11.0,0.0,0.0,0.0,39.0,33.0,26.5,74.5,70.0,60.0,85.0,55.0,25.0,1018.5,1015.5,1013.0,16.0,16.0,16.0,25.5,13.5,0.0,0.0,0.7071067811865476,0.0,-0.7071067811865476,-1.4142135623730951,-2.0,0.0,-1.4142135623730951,-2.8284271247461903,1.5811388300841898,1.5811388300841898,2.1213203435596424,0.0,0.0,2.1213203435596424,-2.1213203435596424,0.0,0.0,1.7320508075688772,0.816496580927726,0.5773502691896257,1.632993161855452,1.2909944487358056,-1.5275252316519468,5.196152422706632,0.0,-3.696845502136472,1.7320508075688772,1.4142135623730951,2.0816659994661326,0.0,0.0,1.632993161855452,-1.632993161855452,1.1547005383792515,0.0
245,31,39.0,39.0,39.0,33.0,33.0,32.0,26.0,27.0,26.0,74.0,75.0,75.0,69.0,71.0,71.0,59.0,61.0,63.0,85.0,85.0,85.0,55.0,55.0,57.0,25.0,25.0,29.0,1019.0,1018.0,1016.0,1016.0,1015.0,1013.0,1013.0,1013.0,1010.0,16.0,16.0,16.0,16.0,16.0,16.0,16.0,16.0,13.0,24.0,27.0,27.0,13.0,14.0,13.0,0.0,0.0,0.0,38.5,32.0,25.0,73.5,69.0,60.5,89.5,58.5,27.0,1018.0,1015.0,1011.5,16.0,16.0,15.0,23.5,11.5,0.0,-0.7071067811865476,-1.4142135623730951,-1.5811388300841898,-1.0,-1.4142135623730951,1.5811388300841898,6.363961030678928,4.949747468305833,2.8284271247461903,-1.224744871391589,-1.224744871391589,-2.1213203435596424,0.0,0.0,-1.4142135623730951,-2.23606797749979,-2.23606797749979,0.0,-0.5773502691896257,-1.0,-1.1547005383792515,-0.816496580927726,-1.1547005383792515,0.5773502691896257,5.196152422706632,3.872983346207417,0.0,0.5773502691896257,0.5773502691896257,0.0,0.0,0.0,1.2909944487358056,-1.8257418583505538,-1.7320508075688772,0.0
246,32,38.0,39.0,39.0,31.0,33.0,33.0,24.0,26.0,27.0,73.0,74.0,75.0,69.0,69.0,71.0,62.0,59.0,61.0,94.0,85.0,85.0,62.0,55.0,55.0,29.0,25.0,25.0,1017.0,1019.0,1018.0,1014.0,1016.0,1015.0,1010.0,1013.0,1013.0,16.0,16.0,16.0,16.0,16.0,16.0,14.0,16.0,16.0,23.0,24.0,27.0,10.0,13.0,14.0,0.0,0.0,0.0,38.0,31.5,24.5,73.5,69.5,62.0,91.0,60.5,29.0,1016.0,1013.5,1009.5,16.0,16.0,15.0,22.0,9.0,0.0,-0.7071067811865476,-1.224744871391589,-1.224744871391589,0.0,0.7071067811865476,2.1213203435596424,4.743416490252569,4.47213595499958,2.8284271247461903,-2.0,-1.5811388300841898,-2.23606797749979,0.0,0.0,0.0,-1.5811388300841898,-2.5495097567963922,0.0,-0.5773502691896257,-1.0,-1.1547005383792515,-0.5773502691896257,-1.0,1.2909944487358056,3.872983346207417,3.6514837167011076,2.309401076758503,-1.5275252316519468,-1.1547005383792515,-1.8257418583505538,0.0,0.0,0.0,-2.160246899469287,-2.160246899469287,0.0
247,32,38.0,38.0,39.0,32.0,31.0,33.0,25.0,24.0,26.0,74.0,73.0,74.0,70.0,69.0,69.0,62.0,62.0,59.0,88.0,94.0,85.0,59.0,62.0,55.0,29.0,29.0,25.0,1015.0,1017.0,1019.0,1013.0,1014.0,1016.0,1009.0,1010.0,1013.0,16.0,16.0,16.0,16.0,16.0,16.0,16.0,14.0,16.0,21.0,23.0,24.0,8.0,10.0,13.0,0.0,0.0,0.0,38.0,32.0,24.5,73.5,68.5,61.0,88.0,59.0,29.0,1015.0,1013.0,1009.0,16.0,16.0,16.0,18.5,8.0,0.0,0.0,0.7071067811865476,0.0,0.0,-2.0,-1.4142135623730951,-4.242640687119285,-2.1213203435596424,0.0,-1.4142135623730951,-0.7071067811865476,-0.7071067811865476,0.0,0.0,1.4142135623730951,-3.8078865529319543,-1.4142135623730951,0.0,-0.5773502691896257,-1.0,-1.1547005383792515,-0.5773502691896257,-1.632993161855452,1.2909944487358056,3.872983346207417,3.6514837167011076,2.309401076758503,-1.632993161855452,-1.2909944487358056,-1.8257418583505538,0.0,0.0,0.0,-3.1622776601683795,-2.0816659994661326,0.0
248,32,38.0,38.0,38.0,32.0,32.0,31.0,24.0,25.0,24.0,73.0,74.0,73.0,67.0,70.0,69.0,60.0,62.0,62.0,88.0,88.0,94.0,59.0,59.0,62.0,29.0,29.0,29.0,1015.0,1015.0,1017.0,1013.0,1013.0,1014.0,1009.0,1009.0,1010.0,16.0,16.0,16.0,16.0,16.0,16.0,16.0,16.0,14.0,16.0,21.0,23.0,8.0,8.0,10.0,0.0,0.0,0.0,38.0,32.0,24.5,72.0,67.5,61.0,79.5,55.5,31.0,1015.0,1013.5,1010.5,16.0,16.0,14.5,19.5,7.0,0.0,0.0,0.0,0.0,-1.5811388300841898,-2.0,0.0,-12.020815280171307,-4.949747468305833,2.8284271247461903,0.0,0.7071067811865476,2.1213203435596424,0.0,0.0,-2.1213203435596424,3.4641016151377544,-1.4142135623730951,0.0,0.0,0.5773502691896257,0.5773502691896257,-1.1547005383792515,-1.5275252316519468,0.0,-10.408329997330663,-4.396968652757639,2.309401076758503,-1.1547005383792515,0.0,1.632993161855452,0.0,0.0,-1.2909944487358056,2.581988897471611,-1.632993161855452,0.0
249,31,38.0,38.0,38.0,32.0,32.0,32.0,25.0,24.0,25.0,71.0,73.0,74.0,68.0,67.0,70.0,62.0,60.0,62.0,71.0,88.0,88.0,52.0,59.0,59.0,33.0,29.0,29.0,1015.0,1015.0,1015.0,1014.0,1013.0,1013.0,1012.0,1009.0,1009.0,16.0,16.0,16.0,16.0,16.0,16.0,13.0,16.0,16.0,23.0,16.0,21.0,6.0,8.0,8.0,0.0,0.0,0.0,37.5,31.5,24.5,71.5,67.0,59.0,79.0,55.0,31.0,1016.5,1014.5,1012.0,16.0,16.0,14.5,19.5,6.0,0.0,-0.7071067811865476,-0.7071067811865476,0.0,-1.224744871391589,-1.224744871391589,-4.0,-4.06201920231798,-2.5495097567963922,0.0,2.1213203435596424,1.0,2.1213203435596424,0.0,0.0,0.0,0.0,-1.4142135623730951,0.0,-0.5773502691896257,-0.5773502691896257,-0.5773502691896257,-1.1547005383792515,-2.0,-3.4641016151377544,-3.3166247903554,-2.0816659994661326,0.0,1.7320508075688772,0.816496580927726,1.7320508075688772,0.0,0.0,0.0,-2.886751345948129,-1.1547005383792515,0.0
250,31,37.0,38.0,38.0,31.0,32.0,32.0,24.0,25.0,24.0,72.0,71.0,73.0,66.0,68.0,67.0,56.0,62.0,60.0,87.0,71.0,88.0,58.0,52.0,59.0,29.0,33.0,29.0,1018.0,1015.0,1015.0,1015.0,1014.0,1013.0,1012.0,1012.0,1009.0,16.0,16.0,16.0,16.0,16.0,16.0,16.0,13.0,16.0,16.0,23.0,16.0,6.0,6.0,8.0,0.0,0.0,0.0,37.0,31.0,24.0,72.5,68.5,62.0,84.5,59.5,34.5,1016.5,1013.5,1010.5,16.0,16.0,16.0,21.5,7.0,0.0,-0.7071067811865476,-0.7071067811865476,-0.7071067811865476,1.0,3.24037034920393,7.3484692283495345,10.747092630102339,4.743416490252569,7.245688373094719,0.0,-2.0,-2.1213203435596424,0.0,0.0,2.1213203435596424,6.0,1.4142135623730951,0.0,-0.5773502691896257,-0.5773502691896257,0.0,-0.816496580927726,2.70801280154532,6.110100926607787,-4.396968652757639,-1.1547005383792515,6.3508529610858835,0.0,-1.5275252316519468,0.0,0.0,0.0,0.0,6.3508529610858835,0.0,0.0
251,31,37.0,37.0,38.0,31.0,31.0,32.0,24.0,24.0,25.0,73.0,72.0,71.0,71.0,66.0,68.0,68.0,56.0,62.0,82.0,87.0,71.0,61.0,58.0,52.0,40.0,29.0,33.0,1015.0,1018.0,1015.0,1012.0,1015.0,1014.0,1009.0,1012.0,1012.0,16.0,16.0,16.0,16.0,16.0,16.0,16.0,16.0,13.0,27.0,16.0,23.0,8.0,6.0,6.0,0.0,0.0,0.0,36.5,31.0,24.5,74.0,71.5,67.5,85.0,62.5,39.5,1014.0,1012.0,1008.5,16.0,16.0,9.5,25.5,8.0,1.0,-0.7071067811865476,0.0,0.7071067811865476,1.5811388300841898,3.605551275463989,8.455767262643882,2.345207879911715,3.0,7.745966692414834,-2.5495097567963922,-2.1213203435596424,-2.23606797749979,0.0,0.0,-9.192388155425117,7.483314773547883,1.4142135623730951,1.4142135623730951,-0.816496580927726,-0.5773502691896257,0.0,1.4142135623730951,2.70801280154532,5.972157622389639,9.433981132056603,4.242640687119285,5.887840577551898,-1.1547005383792515,-1.632993161855452,-1.8257418583505538,0.0,0.0,-7.302967433402215,4.58257569495584,1.1547005383792515,1.1547005383792515
252,29,36.0,37.0,37.0,31.0,31.0,31.0,25.0,24.0,24.0,75.0,73.0,72.0,72.0,71.0,66.0,67.0,68.0,56.0,88.0,82.0,87.0,64.0,61.0,58.0,39.0,40.0,29.0,1013.0,1015.0,1018.0,1012.0,1012.0,1015.0,1008.0,1009.0,1012.0,16.0,16.0,16.0,16.0,16.0,16.0,3.0,16.0,16.0,24.0,27.0,16.0,8.0,8.0,6.0,2.0,0.0,0.0,35.5,30.0,24.0,74.0,72.0,66.5,91.0,66.5,41.5,1014.0,1012.5,1009.0,16.0,16.0,9.5,22.5,7.0,1.0,-1.0,-1.4142135623730951,-1.224744871391589,0.0,0.7071067811865476,-1.0,6.0,4.123105625617661,3.4641016151377544,0.0,0.7071067811865476,1.224744871391589,0.0,0.0,0.0,-3.0,-1.4142135623730951,0.0,-0.816496580927726,-1.1547005383792515,-1.0,0.5773502691896257,2.943920288775949,6.879922480183431,3.958114029012639,3.7859388972001824,6.95221787153807,-1.7320508075688772,-1.632993161855452,-1.4142135623730951,0.0,0.0,0.0,5.8594652770823155,0.0,0.0
253,31,35.0,36.0,37.0,29.0,31.0,31.0,23.0,25.0,24.0,73.0,75.0,73.0,72.0,72.0,71.0,66.0,67.0,68.0,94.0,88.0,82.0,69.0,64.0,61.0,44.0,39.0,40.0,1015.0,1013.0,1015.0,1013.0,1012.0,1012.0,1010.0,1008.0,1009.0,16.0,16.0,16.0,16.0,16.0,16.0,16.0,3.0,16.0,21.0,24.0,27.0,6.0,8.0,8.0,0.0,2.0,0.0,36.0,30.0,23.0,73.0,72.0,67.0,94.0,68.5,43.0,1015.5,1013.5,1010.5,16.0,16.0,16.0,22.5,8.5,0.0,1.224744871391589,0.0,-1.4142135623730951,-1.4142135623730951,0.0,1.224744871391589,4.242640687119285,3.4641016151377544,3.24037034920393,1.5811388300841898,1.0,1.5811388300841898,0.0,0.0,9.192388155425117,0.0,3.24037034920393,-1.4142135623730951,0.816496580927726,0.0,-1.0,0.0,0.5773502691896257,0.816496580927726,4.898979485566356,3.3166247903554,2.581988897471611,0.5773502691896257,0.816496580927726,1.1547005383792515,0.0,0.0,0.0,-1.7320508075688772,2.6457513110645907,0.0
254,32,37.0,35.0,36.0,31.0,29.0,31.0,23.0,23.0,25.0,73.0,73.0,75.0,72.0,72.0,72.0,68.0,66.0,67.0,94.0,94.0,88.0,68.0,69.0,64.0,42.0,44.0,39.0,1016.0,1015.0,1013.0,1014.0,1013.0,1012.0,1011.0,1010.0,1008.0,16.0,16.0,16.0,16.0,16.0,16.0,16.0,16.0,3.0,24.0,21.0,24.0,11.0,6.0,8.0,0.0,0.0,2.0,37.5,31.5,24.5,74.0,72.0,66.5,92.5,65.0,37.5,1015.5,1013.5,1010.0,16.0,16.0,13.5,24.0,12.0,0.0,1.5811388300841898,1.5811388300841898,2.1213203435596424,1.4142135623730951,0.0,-1.5811388300841898,-2.1213203435596424,-4.301162633521313,-6.519202405202649,0.0,0.0,-1.224744871391589,0.0,0.0,-3.5355339059327378,2.1213203435596424,3.8078865529319543,0.0,1.1547005383792515,0.5773502691896257,1.2909944487358056,0.0,0.0,-1.4142135623730951,3.0,-2.0,-4.47213595499958,1.1547005383792515,0.5773502691896257,0.5773502691896257,0.0,0.0,6.928203230275509,0.0,2.886751345948129,-1.1547005383792515
255,31,38.0,37.0,35.0,32.0,31.0,29.0,26.0,23.0,23.0,75.0,73.0,73.0,72.0,72.0,72.0,65.0,68.0,66.0,91.0,94.0,94.0,62.0,68.0,69.0,33.0,42.0,44.0,1015.0,1016.0,1015.0,1013.0,1014.0,1013.0,1009.0,1011.0,1010.0,16.0,16.0,16.0,16.0,16.0,16.0,11.0,16.0,16.0,24.0,24.0,21.0,13.0,11.0,6.0,0.0,0.0,0.0,37.5,31.5,26.0,75.0,72.5,66.5,91.0,64.0,36.5,1015.0,1013.0,1009.5,16.0,16.0,13.5,25.5,13.0,0.0,0.0,0.0,2.1213203435596424,1.4142135623730951,0.7071067811865476,0.0,-2.1213203435596424,-3.1622776601683795,-4.0,-0.7071067811865476,-0.7071067811865476,-1.224744871391589,0.0,0.0,0.0,2.1213203435596424,1.4142135623730951,0.0,1.1547005383792515,1.1547005383792515,1.7320508075688772,1.1547005383792515,0.5773502691896257,1.1547005383792515,-1.7320508075688772,-2.6457513110645907,-3.4641016151377544,0.0,0.0,-0.816496580927726,0.0,0.0,0.0,2.449489742783178,3.1091263510296048,0.0
256,31,37.0,38.0,37.0,31.0,32.0,31.0,26.0,26.0,23.0,75.0,75.0,73.0,73.0,72.0,72.0,68.0,65.0,68.0,91.0,91.0,94.0,66.0,62.0,68.0,40.0,33.0,42.0,1015.0,1015.0,1016.0,1013.0,1013.0,1014.0,1010.0,1009.0,1011.0,16.0,16.0,16.0,16.0,16.0,16.0,16.0,11.0,16.0,27.0,24.0,24.0,13.0,13.0,11.0,0.0,0.0,0.0,37.5,31.0,25.0,74.5,71.5,65.0,89.5,63.5,36.5,1016.0,1013.5,1011.0,16.0,16.0,16.0,27.0,11.5,0.0,0.0,-0.7071067811865476,-1.4142135623730951,-0.7071067811865476,-2.0,-3.6742346141747673,-2.1213203435596424,-2.1213203435596424,0.0,1.4142135623730951,0.7071067811865476,1.5811388300841898,0.0,0.0,3.5355339059327378,2.1213203435596424,-2.1213203435596424,0.0,0.5773502691896257,0.0,1.2909944487358056,1.0,-1.632993161855452,-3.4641016151377544,-2.449489742783178,-3.872983346207417,-5.196152422706632,1.0,0.0,0.5773502691896257,0.0,0.0,0.0,1.7320508075688772,-1.2909944487358056,0.0
257,30,38.0,37.0,38.0,31.0,31.0,32.0,24.0,26.0,26.0,74.0,75.0,75.0,70.0,73.0,72.0,62.0,68.0,65.0,88.0,91.0,91.0,61.0,66.0,62.0,33.0,40.0,33.0,1017.0,1015.0,1015.0,1014.0,1013.0,1013.0,1012.0,1010.0,1009.0,16.0,16.0,16.0,16.0,16.0,16.0,16.0,16.0,11.0,27.0,27.0,24.0,10.0,13.0,13.0,0.0,0.0,0.0,37.5,30.5,23.5,75.5,72.0,64.5,89.5,63.0,35.5,1017.5,1015.0,1013.0,16.0,14.5,8.0,36.0,9.0,12.5,0.0,-0.7071067811865476,-1.5811388300841898,2.0,1.8708286933869707,-2.345207879911715,0.0,-2.1213203435596424,-3.4641016151377544,1.5811388300841898,1.5811388300841898,2.0,0.0,-2.1213203435596424,-11.313708498984761,12.727922061357855,-2.5495097567963922,17.67766952966369,-0.5773502691896257,-0.816496580927726,-1.2909944487358056,1.632993161855452,1.632993161855452,-0.816496580927726,0.0,1.5275252316519468,2.886751345948129,1.2909944487358056,1.2909944487358056,1.7320508075688772,0.0,-1.7320508075688772,-8.774964387392123,10.535653752852738,-2.0816659994661326,14.433756729740644
258,31,37.0,38.0,37.0,30.0,31.0,31.0,23.0,24.0,26.0,77.0,74.0,75.0,74.0,70.0,73.0,67.0,62.0,68.0,91.0,88.0,91.0,65.0,61.0,66.0,38.0,33.0,40.0,1018.0,1017.0,1015.0,1016.0,1014.0,1013.0,1014.0,1012.0,1010.0,16.0,16.0,16.0,13.0,16.0,16.0,0.0,16.0,16.0,45.0,27.0,27.0,8.0,10.0,13.0,25.0,0.0,0.0,36.5,30.5,24.0,76.0,73.5,66.0,91.0,64.0,36.5,1018.5,1016.5,1013.5,16.0,14.5,8.0,33.0,7.0,13.0,-1.0,0.0,1.224744871391589,1.5811388300841898,2.7386127875258306,3.24037034920393,2.1213203435596424,2.449489742783178,2.8284271247461903,1.0,1.5811388300841898,1.224744871391589,0.0,0.0,0.0,-11.224972160321824,-2.0,4.949747468305833,-0.5773502691896257,0.0,-0.5773502691896257,1.1547005383792515,1.4142135623730951,-2.23606797749979,0.0,-2.0816659994661326,-3.3166247903554,1.4142135623730951,1.4142135623730951,1.5275252316519468,0.0,0.0,0.0,-9.16515138991168,-2.3804761428476167,4.041451884327381
259,30,36.0,37.0,38.0,31.0,30.0,31.0,25.0,23.0,24.0,75.0,77.0,74.0,73.0,74.0,70.0,65.0,67.0,62.0,91.0,91.0,88.0,63.0,65.0,61.0,35.0,38.0,33.0,1019.0,1018.0,1017.0,1017.0,1016.0,1014.0,1013.0,1014.0,1012.0,16.0,16.0,16.0,16.0,13.0,16.0,16.0,0.0,16.0,21.0,45.0,27.0,6.0,8.0,10.0,1.0,25.0,0.0,36.0,30.5,24.0,75.0,72.0,65.5,92.5,65.0,37.0,1019.0,1016.5,1013.0,16.0,16.0,9.5,21.0,5.5,3.0,-0.7071067811865476,0.0,0.0,-1.4142135623730951,-1.5811388300841898,-1.224744871391589,2.1213203435596424,2.449489742783178,1.8708286933869707,0.7071067811865476,0.0,-0.7071067811865476,0.0,2.1213203435596424,6.59545297913646,-16.97056274847714,-1.5811388300841898,-16.73320053068151,-0.816496580927726,-0.5773502691896257,-0.5773502691896257,1.2909944487358056,1.9148542155126762,2.70801280154532,2.449489742783178,3.0550504633038935,3.265986323710904,0.816496580927726,1.1547005383792515,1.0,0.0,0.0,-7.505553499465135,-9.16515138991168,-1.7320508075688772,4.654746681256314
260,28,36.0,36.0,37.0,30.0,31.0,30.0,23.0,25.0,23.0,75.0,75.0,77.0,71.0,73.0,74.0,66.0,65.0,67.0,94.0,91.0,91.0,67.0,63.0,65.0,39.0,35.0,38.0,1019.0,1019.0,1018.0,1016.0,1017.0,1016.0,1013.0,1013.0,1014.0,16.0,16.0,16.0,16.0,16.0,13.0,3.0,16.0,0.0,21.0,21.0,45.0,5.0,6.0,8.0,5.0,1.0,25.0,34.0,29.0,23.0,74.5,71.5,67.5,97.0,72.5,47.0,1019.0,1016.5,1013.5,16.0,14.5,3.0,17.0,5.0,5.5,-2.8284271247461903,-1.5811388300841898,-1.4142135623730951,-0.7071067811865476,-1.224744871391589,2.23606797749979,4.743416490252569,8.276472678623424,11.661903789690601,0.0,0.0,0.7071067811865476,0.0,-2.1213203435596424,-9.192388155425117,-5.656854249492381,-0.7071067811865476,2.9154759474226504,-2.3804761428476167,-1.1547005383792515,0.0,-1.2909944487358056,-1.1547005383792515,1.4142135623730951,3.872983346207417,6.658328118479393,9.363047936792093,0.5773502691896257,0.5773502691896257,0.0,0.0,0.0,5.385164807134504,-14.60593486680443,-1.2909944487358056,-13.650396819628847
261,29,32.0,36.0,36.0,28.0,30.0,31.0,23.0,23.0,25.0,74.0,75.0,75.0,72.0,71.0,73.0,69.0,66.0,65.0,100.0,94.0,91.0,78.0,67.0,63.0,55.0,39.0,35.0,1019.0,1019.0,1019.0,1017.0,1016.0,1017.0,1014.0,1013.0,1013.0,16.0,16.0,16.0,13.0,16.0,16.0,3.0,3.0,16.0,13.0,21.0,21.0,5.0,5.0,6.0,6.0,5.0,1.0,34.0,28.5,22.5,72.5,70.5,67.5,100.0,74.0,47.0,1018.0,1016.0,1013.0,16.0,14.5,8.0,16.0,5.0,3.0,0.0,-1.224744871391589,-0.7071067811865476,-2.23606797749979,-2.0,0.0,4.242640687119285,5.338539126015656,0.0,-1.4142135623730951,-1.224744871391589,-1.224744871391589,0.0,0.0,7.0710678118654755,-3.7416573867739413,0.0,-4.183300132670378,0.0,-1.1547005383792515,-1.2909944487358056,-1.8257418583505538,-2.0,0.5773502691896257,3.872983346207417,4.932882862316247,2.309401076758503,-1.1547005383792515,-1.1547005383792515,-1.0,0.0,0.0,-4.795831523312719,-3.0550504633038935,-0.5773502691896257,-2.516611478423583
262,30,36.0,32.0,36.0,29.0,28.0,30.0,22.0,23.0,23.0,71.0,74.0,75.0,69.0,72.0,71.0,66.0,69.0,66.0,100.0,100.0,94.0,70.0,78.0,67.0,39.0,55.0,39.0,1017.0,1019.0,1019.0,1015.0,1017.0,1016.0,1012.0,1014.0,1013.0,16.0,16.0,16.0,16.0,13.0,16.0,13.0,3.0,3.0,19.0,13.0,21.0,5.0,5.0,5.0,0.0,6.0,5.0,36.0,29.5,22.5,72.0,69.0,65.5,93.5,66.5,38.5,1016.0,1014.0,1010.5,16.0,16.0,14.5,20.0,7.5,0.0,2.8284271247461903,1.0,0.0,-1.5811388300841898,-2.1213203435596424,-2.23606797749979,-9.192388155425117,-7.516648189186454,-11.335784048754634,-2.0,-2.0,-2.5495097567963922,0.0,2.1213203435596424,7.3824115301167,4.47213595499958,3.5355339059327378,-4.242640687119285,0.0,-0.816496580927726,0.0,-1.4142135623730951,-1.632993161855452,-0.5773502691896257,-6.658328118479393,1.632993161855452,-0.5773502691896257,-1.632993161855452,-1.5275252316519468,-2.0,0.0,0.0,6.027713773341708,-2.8284271247461903,2.886751345948129,-3.415650255319866
263,31,36.0,36.0,32.0,30.0,29.0,28.0,23.0,22.0,23.0,73.0,71.0,74.0,69.0,69.0,72.0,65.0,66.0,69.0,87.0,100.0,100.0,63.0,70.0,78.0,38.0,39.0,55.0,1015.0,1017.0,1019.0,1013.0,1015.0,1017.0,1009.0,1012.0,1014.0,16.0,16.0,16.0,16.0,16.0,13.0,16.0,13.0,3.0,21.0,19.0,13.0,10.0,5.0,5.0,0.0,0.0,6.0,36.5,30.5,24.0,73.0,70.0,65.5,87.5,63.0,38.0,1014.0,1011.5,1008.0,16.0,16.0,16.0,22.0,10.5,0.0,0.7071067811865476,1.0,1.5811388300841898,1.4142135623730951,1.4142135623730951,0.0,-9.16515138991168,-4.949747468305833,-0.7071067811865476,-2.0,-2.5495097567963922,-2.5495097567963922,0.0,0.0,2.1213203435596424,2.0,3.605551275463989,0.0,2.3804761428476167,1.0,1.1547005383792515,-1.2909944487358056,-1.2909944487358056,-1.7320508075688772,-7.483314773547883,-6.137317546507322,-9.255628917943215,-2.0,-2.3804761428476167,-2.3804761428476167,0.0,1.7320508075688772,6.027713773341708,3.8297084310253524,2.943920288775949,-3.4641016151377544
264,32,37.0,36.0,36.0,31.0,30.0,29.0,25.0,23.0,22.0,73.0,73.0,71.0,71.0,69.0,69.0,66.0,65.0,66.0,88.0,87.0,100.0,63.0,63.0,70.0,38.0,38.0,39.0,1013.0,1015.0,1017.0,1010.0,1013.0,1015.0,1007.0,1009.0,1012.0,16.0,16.0,16.0,16.0,16.0,16.0,16.0,16.0,13.0,23.0,21.0,19.0,11.0,10.0,5.0,0.0,0.0,0.0,37.0,31.5,25.5,74.0,71.0,65.0,86.5,61.5,36.5,1014.0,1011.0,1008.0,16.0,16.0,16.0,19.5,9.5,0.0,0.7071067811865476,1.0,1.5811388300841898,1.4142135623730951,1.4142135623730951,-1.224744871391589,-2.0,-2.1213203435596424,-2.1213203435596424,0.0,-1.5811388300841898,0.0,0.0,0.0,0.0,-4.743416490252569,-2.0,0.0,0.5773502691896257,1.0,1.4142135623730951,1.632993161855452,1.1547005383792515,-1.1547005383792515,-7.681145747868608,-4.396968652757639,-1.8257418583505538,-1.1547005383792515,-1.7320508075688772,-1.7320508075688772,0.0,0.0,1.7320508075688772,-3.696845502136472,2.3804761428476167,0.0
265,27,37.0,37.0,36.0,32.0,31.0,30.0,26.0,25.0,23.0,75.0,73.0,73.0,71.0,71.0,69.0,64.0,66.0,65.0,85.0,88.0,87.0,60.0,63.0,63.0,35.0,38.0,38.0,1015.0,1013.0,1015.0,1012.0,1010.0,1013.0,1009.0,1007.0,1009.0,16.0,16.0,16.0,16.0,16.0,16.0,16.0,16.0,16.0,16.0,23.0,21.0,8.0,11.0,10.0,0.0,0.0,0.0,36.5,29.5,22.5,74.5,70.5,63.0,89.5,63.5,37.0,1018.0,1014.0,1011.0,16.0,15.0,9.0,20.0,8.0,6.5,-0.7071067811865476,-3.4641016151377544,-4.898979485566356,1.224744871391589,-0.7071067811865476,-2.0,6.0,4.47213595499958,1.8708286933869707,4.47213595499958,3.1622776601683795,3.1622776601683795,0.0,-1.4142135623730951,-9.899494936611665,2.7386127875258306,-2.1213203435596424,9.192388155425117,0.0,-2.7688746209726918,-3.8297084310253524,1.0,1.0,-1.5275252316519468,4.932882862316247,3.6514837167011076,1.5275252316519468,3.4641016151377544,1.9148542155126762,2.309401076758503,0.0,-1.1547005383792515,-8.082903768654761,2.516611478423583,-1.632993161855452,7.505553499465135
266,17,36.0,37.0,37.0,27.0,32.0,31.0,19.0,26.0,25.0,74.0,75.0,73.0,70.0,71.0,71.0,62.0,64.0,66.0,94.0,85.0,88.0,67.0,60.0,63.0,39.0,35.0,38.0,1021.0,1015.0,1013.0,1016.0,1012.0,1010.0,1013.0,1009.0,1007.0,16.0,16.0,16.0,14.0,16.0,16.0,2.0,16.0,16.0,24.0,16.0,23.0,8.0,8.0,11.0,13.0,0.0,0.0,27.5,22.0,17.5,68.5,65.0,59.5,97.0,79.5,61.5,1022.5,1019.0,1016.0,16.0,11.0,2.0,23.5,8.0,15.0,-12.041594578792296,-7.905694150420948,-5.385164807134504,-7.810249675906654,-7.106335201775948,-3.8078865529319543,7.648529270389178,18.35755975068582,31.945265689926575,4.743416490252569,5.0990195135927845,5.0990195135927845,0.0,-4.47213595499958,-9.899494936611665,5.612486080160912,0.0,9.617692030835672,-9.83192080250175,-6.429100507328637,-4.358898943540674,-6.27162924074226,-5.802298395176403,-3.3166247903554,6.0,14.888474289418197,26.025628394590846,4.041451884327381,4.320493798938574,4.320493798938574,0.0,-3.6514837167011076,-8.082903768654761,2.160246899469287,-1.7320508075688772,7.852812659593164
267,22,19.0,36.0,37.0,17.0,27.0,32.0,16.0,19.0,26.0,63.0,74.0,75.0,60.0,70.0,71.0,57.0,62.0,64.0,100.0,94.0,85.0,92.0,67.0,60.0,84.0,39.0,35.0,1024.0,1021.0,1015.0,1022.0,1016.0,1012.0,1019.0,1013.0,1009.0,16.0,16.0,16.0,8.0,14.0,16.0,2.0,2.0,16.0,23.0,24.0,16.0,8.0,8.0,8.0,17.0,13.0,0.0,22.0,19.5,17.0,65.0,62.0,59.5,100.0,89.5,78.5,1024.0,1021.5,1019.0,16.0,10.5,3.5,17.0,5.5,8.5,-11.247221879201993,-6.123724356957945,-1.5811388300841898,-7.245688373094719,-6.48074069840786,0.0,4.242640687119285,17.320508075688775,30.854497241083024,2.1213203435596424,4.183300132670378,4.242640687119285,0.0,-2.345207879911715,2.1213203435596424,-8.514693182963201,-3.5355339059327378,-11.683321445547923,-9.201449161228174,-5.773502691896258,-4.242640687119285,-5.94418483337567,-5.32290647422377,-1.1547005383792515,6.244997998398398,14.708274315273473,25.298221281347036,3.872983346207417,4.123105625617661,4.163331998932265,0.0,-2.23606797749979,-7.895146188218008,-5.196152422706632,-2.886751345948129,-5.887840577551898
268,26,25.0,19.0,36.0,22.0,17.0,27.0,18.0,16.0,19.0,67.0,63.0,74.0,64.0,60.0,70.0,62.0,57.0,62.0,100.0,100.0,94.0,87.0,92.0,67.0,73.0,84.0,39.0,1024.0,1024.0,1021.0,1021.0,1022.0,1016.0,1019.0,1019.0,1013.0,16.0,16.0,16.0,13.0,8.0,14.0,5.0,2.0,2.0,11.0,23.0,24.0,3.0,8.0,8.0,0.0,17.0,13.0,28.0,24.0,19.5,68.5,66.0,64.5,98.5,81.5,64.0,1022.0,1020.0,1018.0,16.0,13.5,7.5,12.0,3.0,0.0,6.0,4.527692569068709,2.5495097567963922,3.5355339059327378,4.0,5.0,-2.1213203435596424,-8.54400374531753,-14.916433890176299,-2.8284271247461903,-1.5811388300841898,-1.4142135623730951,0.0,3.605551275463989,4.123105625617661,-8.366600265340756,-3.5355339059327378,-12.020815280171307,-8.504900548115382,-4.43471156521669,1.1547005383792515,-5.656854249492381,-4.760952285695233,2.886751345948129,3.0,12.635927614016577,22.949219304078007,-1.5275252316519468,3.2145502536643185,3.265986323710904,0.0,-1.8257418583505538,3.366501646120693,-6.855654600401044,-2.886751345948129,-9.539392014169456
269,29,31.0,25.0,19.0,26.0,22.0,17.0,21.0,18.0,16.0,70.0,67.0,63.0,68.0,64.0,60.0,67.0,62.0,57.0,97.0,100.0,100.0,76.0,87.0,92.0,55.0,73.0,84.0,1020.0,1024.0,1024.0,1019.0,1021.0,1022.0,1017.0,1019.0,1019.0,16.0,16.0,16.0,14.0,13.0,8.0,10.0,5.0,2.0,13.0,11.0,23.0,3.0,3.0,8.0,0.0,0.0,17.0,32.5,27.5,22.0,72.0,70.0,68.0,95.5,73.0,50.5,1019.0,1017.5,1015.0,16.0,15.0,10.0,21.0,4.0,0.5,4.743416490252569,3.5355339059327378,2.5495097567963922,3.5355339059327378,4.0,3.8078865529319543,-3.0,-8.860022573334675,-14.230249470757707,-3.1622776601683795,-2.5495097567963922,-3.1622776601683795,0.0,1.5811388300841898,3.5355339059327378,11.40175425099138,1.4142135623730951,0.7071067811865476,5.196152422706632,4.08248290463863,2.3804761428476167,3.696845502136472,4.0,4.242640687119285,-2.449489742783178,-7.788880963698615,-13.241349377360804,-2.581988897471611,-2.160246899469287,-2.581988897471611,0.0,3.1622776601683795,3.366501646120693,6.2182527020592095,-2.6457513110645907,-9.797958971132712
270,28,34.0,31.0,25.0,29.0,26.0,22.0,23.0,21.0,18.0,74.0,70.0,67.0,72.0,68.0,64.0,69.0,67.0,62.0,94.0,97.0,100.0,70.0,76.0,87.0,46.0,55.0,73.0,1018.0,1020.0,1024.0,1016.0,1019.0,1021.0,1013.0,1017.0,1019.0,16.0,16.0,16.0,16.0,14.0,13.0,10.0,10.0,5.0,29.0,13.0,11.0,5.0,3.0,3.0,1.0,0.0,0.0,33.5,28.5,23.5,74.5,73.0,70.0,94.0,72.5,51.0,1017.5,1015.0,1011.0,16.0,15.0,6.5,26.0,5.0,5.0,2.0,2.0,1.5811388300841898,2.9154759474226504,3.1622776601683795,2.0,-2.1213203435596424,-2.345207879911715,3.082207001484488,-1.5811388300841898,-2.5495097567963922,-4.0,0.0,0.0,-4.949747468305833,10.488088481701515,1.4142135623730951,5.70087712549569,3.8297084310253524,2.8284271247461903,2.160246899469287,2.943920288775949,3.4641016151377544,3.3166247903554,-2.449489742783178,-6.6332495807108,-10.082988974836116,-2.6457513110645907,-2.3804761428476167,-3.4641016151377544,0.0,0.5773502691896257,-2.8284271247461903,8.640987597877148,1.1547005383792515,4.654746681256314
271,27,33.0,34.0,31.0,28.0,29.0,26.0,24.0,23.0,21.0,75.0,74.0,70.0,74.0,72.0,68.0,71.0,69.0,67.0,94.0,94.0,97.0,75.0,70.0,76.0,56.0,46.0,55.0,1017.0,1018.0,1020.0,1014.0,1016.0,1019.0,1009.0,1013.0,1017.0,16.0,16.0,16.0,14.0,16.0,14.0,3.0,10.0,10.0,23.0,29.0,13.0,5.0,5.0,3.0,9.0,1.0,0.0,32.5,27.5,23.0,75.0,73.5,70.5,97.0,76.5,56.0,1015.5,1013.0,1009.0,16.0,12.5,1.5,31.5,4.0,51.0,-1.0,-1.0,-1.224744871391589,0.7071067811865476,1.224744871391589,1.224744871391589,4.242640687119285,4.123105625617661,7.0710678118654755,-2.23606797749979,-2.0,-2.8284271247461903,0.0,-2.5495097567963922,-5.385164807134504,11.247221879201993,-1.4142135623730951,59.665735560705194,1.5275252316519468,1.5275252316519468,0.5773502691896257,2.3804761428476167,2.516611478423583,1.5275252316519468,3.0,-0.816496580927726,2.516611478423583,-2.160246899469287,-2.3804761428476167,-3.265986323710904,0.0,-1.7320508075688772,-4.396968652757639,13.025615788386615,0.0,48.72029009218507
272,27,32.0,33.0,34.0,27.0,28.0,29.0,22.0,24.0,23.0,75.0,75.0,74.0,73.0,74.0,72.0,70.0,71.0,69.0,100.0,94.0,94.0,78.0,75.0,70.0,56.0,56.0,46.0,1014.0,1017.0,1018.0,1012.0,1014.0,1016.0,1009.0,1009.0,1013.0,16.0,16.0,16.0,11.0,14.0,16.0,0.0,3.0,10.0,40.0,23.0,29.0,3.0,5.0,5.0,93.0,9.0,1.0,31.0,27.0,22.5,75.0,73.5,70.5,100.0,81.5,62.5,1014.0,1012.0,1009.5,16.0,12.0,1.5,28.0,4.0,48.0,-1.5811388300841898,-0.7071067811865476,-1.224744871391589,0.0,0.0,0.0,4.242640687119285,5.385164807134504,9.192388155425117,-2.1213203435596424,-1.4142135623730951,0.7071067811865476,0.0,-1.5811388300841898,0.0,-11.979148550710939,0.0,-22.847319317591726,-1.4142135623730951,-0.816496580927726,-0.816496580927726,0.5773502691896257,1.1547005383792515,1.1547005383792515,3.4641016151377544,5.259911279353167,9.46924847422786,-1.8257418583505538,-1.632993161855452,-2.23606797749979,0.0,-1.7320508075688772,-4.041451884327381,-10.376254944182254,0.0,-18.07392228230128
273,28,30.0,32.0,33.0,27.0,27.0,28.0,23.0,22.0,24.0,75.0,75.0,75.0,74.0,73.0,74.0,71.0,70.0,71.0,100.0,100.0,94.0,85.0,78.0,75.0,69.0,56.0,56.0,1014.0,1014.0,1017.0,1012.0,1012.0,1014.0,1010.0,1009.0,1009.0,16.0,16.0,16.0,13.0,11.0,14.0,3.0,0.0,3.0,16.0,40.0,23.0,5.0,3.0,5.0,3.0,93.0,9.0,31.0,27.5,23.0,75.0,73.5,70.5,100.0,81.5,62.0,1015.0,1013.0,1011.0,16.0,13.5,2.5,15.0,5.0,4.0,0.0,0.7071067811865476,0.7071067811865476,0.0,0.0,0.0,0.0,0.0,-3.6742346141747673,1.4142135623730951,1.4142135623730951,1.5811388300841898,0.0,1.5811388300841898,2.0,-17.029386365926403,1.4142135623730951,-63.623894882347464,-0.5773502691896257,0.0,-1.0,0.0,-0.5773502691896257,-0.5773502691896257,3.4641016151377544,1.7320508075688772,-3.0,-1.2909944487358056,0.0,1.2909944487358056,0.0,-1.1547005383792515,-0.5773502691896257,-9.848857801796104,0.0,-18.618986725025255
274,27,32.0,30.0,32.0,28.0,27.0,27.0,23.0,23.0,22.0,75.0,75.0,75.0,73.0,74.0,73.0,70.0,71.0,70.0,100.0,100.0,100.0,78.0,85.0,78.0,55.0,69.0,56.0,1016.0,1014.0,1014.0,1014.0,1012.0,1012.0,1012.0,1010.0,1009.0,16.0,16.0,16.0,14.0,13.0,11.0,2.0,3.0,0.0,14.0,16.0,40.0,5.0,5.0,3.0,5.0,3.0,93.0,32.0,27.5,22.5,74.0,71.5,67.0,97.0,74.5,51.0,1017.0,1015.0,1013.5,16.0,15.0,9.0,15.0,5.0,2.5,1.4142135623730951,0.0,-0.7071067811865476,-1.4142135623730951,-2.23606797749979,-4.301162633521313,-4.242640687119285,-7.0,-11.40175425099138,2.0,2.0,2.5495097567963922,0.0,1.5811388300841898,9.874208829065749,0.0,0.0,-3.24037034920393,0.0,0.0,0.0,-1.1547005383792515,-1.7320508075688772,-3.4641016151377544,-3.4641016151377544,-4.041451884327381,-5.507570547286102,1.632993161855452,1.632993161855452,2.160246899469287,0.0,1.7320508075688772,8.246211251235321,-13.856406460551018,1.1547005383792515,-52.028838157314254
275,27,32.0,32.0,30.0,27.0,28.0,27.0,22.0,23.0,23.0,73.0,75.0,75.0,70.0,73.0,74.0,64.0,70.0,71.0,94.0,100.0,100.0,71.0,78.0,85.0,47.0,55.0,69.0,1018.0,1016.0,1014.0,1016.0,1014.0,1012.0,1015.0,1012.0,1010.0,16.0,16.0,16.0,16.0,14.0,13.0,16.0,2.0,3.0,16.0,14.0,16.0,5.0,5.0,5.0,0.0,5.0,3.0,32.5,27.0,21.5,71.5,69.0,65.0,92.0,70.0,47.0,1019.0,1017.0,1015.5,16.0,16.0,16.0,15.0,5.5,0.0,0.7071067811865476,-0.7071067811865476,-1.0,-2.5495097567963922,-2.5495097567963922,-4.0,-5.0990195135927845,-5.1478150704935,-5.656854249492381,2.0,2.0,2.23606797749979,0.0,1.4142135623730951,9.899494936611665,0.0,0.7071067811865476,-3.5355339059327378,1.2909944487358056,0.0,-0.816496580927726,-2.0816659994661326,-2.160246899469287,-3.3166247903554,-4.163331998932265,-5.830951894845301,-9.309493362512628,2.0,2.0,2.160246899469287,0.0,1.2909944487358056,8.06225774829855,-1.1547005383792515,0.5773502691896257,-2.6457513110645907
276,24,33.0,32.0,32.0,27.0,27.0,28.0,21.0,22.0,23.0,70.0,73.0,75.0,68.0,70.0,73.0,66.0,64.0,70.0,90.0,94.0,100.0,69.0,71.0,78.0,47.0,47.0,55.0,1020.0,1018.0,1016.0,1018.0,1016.0,1014.0,1016.0,1015.0,1012.0,16.0,16.0,16.0,16.0,16.0,14.0,16.0,16.0,2.0,14.0,16.0,14.0,6.0,5.0,5.0,0.0,0.0,5.0,31.0,25.5,20.0,68.0,63.0,60.5,82.0,63.0,43.5,1020.5,1018.5,1016.5,16.0,16.0,16.0,13.5,5.5,0.0,-2.7386127875258306,-2.1213203435596424,-1.5811388300841898,-3.5355339059327378,-7.211102550927978,-7.648529270389178,-11.661903789690601,-8.602325267042627,-4.949747468305833,1.5811388300841898,1.5811388300841898,1.0,0.0,0.0,0.0,-1.5811388300841898,0.0,0.0,-2.23606797749979,-1.8257418583505538,-1.4142135623730951,-3.1091263510296048,-6.137317546507322,-7.14142842854285,-10.132456102380443,-8.103497187428813,-6.137317546507322,1.7320508075688772,1.7320508075688772,1.9148542155126762,0.0,1.1547005383792515,8.082903768654761,-0.5773502691896257,0.0,-2.886751345948129
277,22,29.0,33.0,32.0,24.0,27.0,27.0,19.0,21.0,22.0,66.0,70.0,73.0,58.0,68.0,70.0,55.0,66.0,64.0,74.0,90.0,94.0,57.0,69.0,71.0,40.0,47.0,47.0,1021.0,1020.0,1018.0,1019.0,1018.0,1016.0,1017.0,1016.0,1015.0,16.0,16.0,16.0,16.0,16.0,16.0,16.0,16.0,16.0,13.0,14.0,16.0,5.0,6.0,5.0,0.0,0.0,0.0,29.0,23.0,17.5,63.0,57.0,53.0,82.0,60.5,38.5,1021.0,1019.0,1017.5,16.0,16.0,16.0,13.5,4.0,0.0,-2.8284271247461903,-2.5495097567963922,-2.5495097567963922,-5.0990195135927845,-7.211102550927978,-8.276472678623424,0.0,-6.892024376045111,-5.385164807134504,0.7071067811865476,0.7071067811865476,1.0,0.0,0.0,0.0,0.0,-1.5811388300841898,0.0,-2.23606797749979,-2.0816659994661326,-2.160246899469287,-4.509249752822894,-6.0,-6.658328118479393,-2.309401076758503,-5.744562646538029,-4.396968652757639,1.2909944487358056,1.2909944487358056,1.0,0.0,0.0,0.0,-1.1547005383792515,-1.1547005383792515,0.0
278,23,29.0,29.0,33.0,22.0,24.0,27.0,16.0,19.0,21.0,60.0,66.0,70.0,56.0,58.0,68.0,51.0,55.0,66.0,90.0,74.0,90.0,64.0,57.0,69.0,37.0,40.0,47.0,1021.0,1021.0,1020.0,1019.0,1019.0,1018.0,1018.0,1017.0,1016.0,16.0,16.0,16.0,16.0,16.0,16.0,16.0,16.0,16.0,14.0,13.0,14.0,3.0,5.0,6.0,0.0,0.0,0.0,28.5,22.5,16.5,63.0,59.0,54.0,90.0,69.0,47.5,1021.0,1019.0,1018.0,16.0,16.0,14.5,17.5,4.0,0.0,-0.7071067811865476,-1.224744871391589,-2.0,0.0,4.0,3.1622776601683795,11.313708498984761,8.631338250816034,14.696938456699069,0.0,0.0,0.7071067811865476,0.0,0.0,-2.1213203435596424,5.0,0.0,0.0,-2.3804761428476167,-2.0,-2.0,-2.309401076758503,-4.760952285695233,-5.802298395176403,0.0,1.2909944487358056,11.298967504452195,0.5773502691896257,0.5773502691896257,0.816496580927726,0.0,0.0,-1.7320508075688772,4.041451884327381,-0.5773502691896257,0.0
279,24,28.0,29.0,29.0,23.0,22.0,24.0,17.0,16.0,19.0,66.0,60.0,66.0,62.0,56.0,58.0,57.0,51.0,55.0,90.0,90.0,74.0,74.0,64.0,57.0,58.0,37.0,40.0,1021.0,1021.0,1021.0,1019.0,1019.0,1019.0,1018.0,1018.0,1017.0,16.0,16.0,16.0,16.0,16.0,16.0,13.0,16.0,16.0,21.0,14.0,13.0,5.0,3.0,5.0,0.0,0.0,0.0,28.5,23.5,18.0,66.5,63.0,60.0,88.5,72.5,56.0,1021.0,1018.5,1017.0,16.0,16.0,14.5,18.5,5.0,0.0,0.0,1.0,1.5811388300841898,4.301162633521313,4.47213595499958,6.0,-2.1213203435596424,6.745368781616021,14.577379737113251,0.0,-0.7071067811865476,-1.4142135623730951,0.0,0.0,0.0,3.4641016151377544,1.4142135623730951,0.0,0.0,-0.816496580927726,-1.1547005383792515,0.5773502691896257,3.4641016151377544,4.320493798938574,9.073771725877465,6.831300510639732,11.775681155103795,0.0,-0.5773502691896257,-1.0,0.0,0.0,0.0,2.886751345948129,0.0,0.0
280,23,29.0,28.0,29.0,24.0,23.0,22.0,19.0,17.0,16.0,67.0,66.0,60.0,64.0,62.0,56.0,63.0,57.0,51.0,87.0,90.0,90.0,71.0,74.0,64.0,54.0,58.0,37.0,1021.0,1021.0,1021.0,1018.0,1019.0,1019.0,1016.0,1018.0,1018.0,16.0,16.0,16.0,16.0,16.0,16.0,16.0,13.0,16.0,16.0,21.0,14.0,5.0,5.0,3.0,0.0,0.0,0.0,28.0,23.5,19.5,68.0,65.0,63.5,90.0,74.5,58.0,1019.5,1017.0,1015.0,16.0,16.0,14.5,15.0,4.0,0.0,-1.224744871391589,0.0,1.5811388300841898,1.5811388300841898,2.0,4.301162633521313,3.6742346141747673,4.47213595499958,4.898979485566356,-2.1213203435596424,-1.5811388300841898,-2.0,0.0,0.0,0.0,-3.8078865529319543,-1.4142135623730951,0.0,-1.1547005383792515,0.5773502691896257,1.4142135623730951,3.696845502136472,3.8297084310253524,4.932882862316247,3.0,6.831300510639732,12.767145334803704,-1.7320508075688772,-1.2909944487358056,-1.632993161855452,0.0,0.0,-1.7320508075688772,2.581988897471611,0.0,0.0
281,25,27.0,29.0,28.0,23.0,24.0,23.0,20.0,19.0,17.0,69.0,67.0,66.0,66.0,64.0,62.0,64.0,63.0,57.0,93.0,87.0,90.0,78.0,71.0,74.0,62.0,54.0,58.0,1018.0,1021.0,1021.0,1016.0,1018.0,1019.0,1014.0,1016.0,1018.0,16.0,16.0,16.0,16.0,16.0,16.0,13.0,16.0,13.0,14.0,16.0,21.0,3.0,5.0,5.0,0.0,0.0,0.0,29.0,24.0,19.5,68.0,65.5,63.0,96.5,75.0,52.5,1017.5,1015.5,1013.5,16.0,14.5,9.0,16.5,4.0,0.0,2.449489742783178,1.224744871391589,0.0,0.0,1.224744871391589,-1.224744871391589,6.519202405202649,2.5495097567963922,-12.186057606953941,-2.23606797749979,-1.5811388300841898,-1.5811388300841898,0.0,-2.1213203435596424,-6.041522986797286,3.24037034920393,0.0,0.0,2.0816659994661326,1.1547005383792515,1.1547005383792515,0.5773502691896257,1.5275252316519468,3.3166247903554,5.033222956847166,1.1547005383792515,-10.214368964029708,-1.8257418583505538,-1.4142135623730951,-1.7320508075688772,0.0,-1.7320508075688772,-4.618802153517006,-1.1547005383792515,0.0,0.0
282,26,31.0,27.0,29.0,25.0,23.0,24.0,19.0,20.0,19.0,67.0,69.0,67.0,65.0,66.0,64.0,62.0,64.0,63.0,100.0,93.0,87.0,72.0,78.0,71.0,43.0,62.0,54.0,1017.0,1018.0,1021.0,1015.0,1016.0,1018.0,1013.0,1014.0,1016.0,16.0,16.0,16.0,13.0,16.0,16.0,5.0,13.0,16.0,19.0,14.0,16.0,5.0,3.0,5.0,0.0,0.0,0.0,31.5,25.5,19.0,67.5,64.5,61.5,96.5,70.0,43.0,1016.5,1014.0,1012.5,16.0,14.5,10.5,16.0,4.0,0.0,2.9154759474226504,1.5811388300841898,-0.7071067811865476,-1.224744871391589,-1.0,-1.5811388300841898,0.0,-5.0990195135927845,-13.435028842544403,-1.0,-1.5811388300841898,-1.0,0.0,0.0,5.338539126015656,-2.345207879911715,0.0,0.0,2.0816659994661326,1.1547005383792515,0.0,0.5773502691896257,0.816496580927726,-1.1547005383792515,3.4641016151377544,-1.0,-9.9498743710662,-1.9148542155126762,-1.7320508075688772,-1.4142135623730951,0.0,0.0,4.0,-2.23606797749979,-1.1547005383792515,0.0
283,26,32.0,31.0,27.0,26.0,25.0,23.0,19.0,19.0,20.0,68.0,67.0,69.0,64.0,65.0,66.0,61.0,62.0,64.0,93.0,100.0,93.0,68.0,72.0,78.0,43.0,43.0,62.0,1016.0,1017.0,1018.0,1013.0,1015.0,1016.0,1012.0,1013.0,1014.0,16.0,16.0,16.0,16.0,13.0,16.0,16.0,5.0,13.0,13.0,19.0,14.0,3.0,5.0,3.0,0.0,0.0,0.0,32.0,26.0,18.5,69.0,64.5,62.0,93.0,69.0,45.0,1014.0,1011.5,1009.5,16.0,16.0,16.0,13.5,3.0,0.0,0.7071067811865476,0.7071067811865476,-0.7071067811865476,1.5811388300841898,0.0,1.224744871391589,-4.949747468305833,-2.449489742783178,2.8284271247461903,-2.9154759474226504,-2.5495097567963922,-3.605551275463989,0.0,2.1213203435596424,7.7781745930520225,-4.183300132670378,-1.4142135623730951,0.0,2.3804761428476167,1.2909944487358056,-0.816496580927726,0.5773502691896257,-0.5773502691896257,-0.5773502691896257,0.0,-4.0,-10.723805294763608,-2.449489742783178,-2.160246899469287,-3.0,0.0,0.0,4.358898943540674,-1.8257418583505538,0.0,0.0
284,29,32.0,32.0,31.0,26.0,26.0,25.0,18.0,19.0,19.0,70.0,68.0,67.0,65.0,64.0,65.0,63.0,61.0,62.0,93.0,93.0,100.0,70.0,68.0,72.0,47.0,43.0,43.0,1012.0,1016.0,1017.0,1010.0,1013.0,1015.0,1007.0,1012.0,1013.0,16.0,16.0,16.0,16.0,16.0,13.0,16.0,16.0,5.0,14.0,13.0,19.0,3.0,3.0,5.0,0.0,0.0,0.0,32.5,27.5,21.0,71.5,67.5,63.0,90.5,69.0,47.0,1012.0,1009.5,1006.5,16.0,16.0,16.0,15.0,5.5,0.0,0.7071067811865476,2.1213203435596424,4.183300132670378,2.5495097567963922,3.605551275463989,1.4142135623730951,-3.5355339059327378,0.0,2.8284271247461903,-2.8284271247461903,-2.23606797749979,-3.605551275463989,0.0,0.0,0.0,1.5811388300841898,3.5355339059327378,0.0,0.816496580927726,1.8257418583505538,3.415650255319866,2.160246899469287,2.886751345948129,1.0,-4.96655480858378,-2.309401076758503,2.309401076758503,-2.3804761428476167,-2.160246899469287,-3.0,0.0,1.7320508075688772,6.3508529610858835,-3.2145502536643185,2.6457513110645907,0.0
285,29,33.0,32.0,32.0,29.0,26.0,26.0,24.0,18.0,19.0,73.0,70.0,68.0,70.0,65.0,64.0,63.0,63.0,61.0,88.0,93.0,93.0,68.0,70.0,68.0,47.0,47.0,43.0,1012.0,1012.0,1016.0,1009.0,1010.0,1013.0,1006.0,1007.0,1012.0,16.0,16.0,16.0,16.0,16.0,16.0,16.0,16.0,16.0,16.0,14.0,13.0,8.0,3.0,3.0,0.0,0.0,0.0,33.0,29.0,24.0,74.0,71.0,61.0,89.5,70.0,49.5,1013.0,1009.5,1006.5,16.0,15.0,11.0,19.5,9.5,0.5,0.7071067811865476,2.1213203435596424,4.242640687119285,2.5495097567963922,3.8078865529319543,-2.8284271247461903,-2.8284271247461903,2.449489742783178,3.5355339059327378,1.4142135623730951,0.0,0.0,0.0,-1.4142135623730951,-7.0710678118654755,5.1478150704935,4.123105625617661,0.7071067811865476,0.5773502691896257,1.7320508075688772,3.415650255319866,2.3804761428476167,3.1622776601683795,-2.0,-2.309401076758503,2.309401076758503,3.696845502136472,-2.0,-1.7320508075688772,-2.886751345948129,0.0,-1.1547005383792515,-5.773502691896258,4.242640687119285,3.366501646120693,0.5773502691896257
286,24,33.0,33.0,32.0,29.0,29.0,26.0,24.0,24.0,18.0,75.0,73.0,70.0,72.0,70.0,65.0,59.0,63.0,63.0,91.0,88.0,93.0,72.0,68.0,70.0,52.0,47.0,47.0,1014.0,1012.0,1012.0,1010.0,1009.0,1010.0,1007.0,1006.0,1007.0,16.0,16.0,16.0,14.0,16.0,16.0,6.0,16.0,16.0,23.0,16.0,14.0,11.0,8.0,3.0,1.0,0.0,0.0,31.0,26.5,21.0,67.0,61.5,52.0,77.0,58.0,38.5,1018.0,1014.0,1010.5,16.0,15.0,11.0,23.0,11.0,0.5,-2.8284271247461903,-3.5355339059327378,-4.242640687119285,-11.224972160321824,-14.781745499094482,-10.295630140987,-19.685019685029527,-19.595917942265423,-18.76166303929372,5.830951894845301,5.70087712549569,5.0,0.0,0.0,0.0,4.949747468305833,2.1213203435596424,0.0,-2.23606797749979,-2.309401076758503,0.0,-9.0,-11.718930554164631,-8.406346808612328,-16.32993161855452,-16.041612554021285,-15.31883372410141,4.760952285695233,4.618802153517006,4.041451884327381,0.0,0.0,0.0,4.203173404306164,3.366501646120693,0.0
287,21,29.0,33.0,33.0,24.0,29.0,29.0,18.0,24.0,24.0,59.0,75.0,73.0,51.0,72.0,70.0,45.0,59.0,63.0,63.0,91.0,88.0,44.0,72.0,68.0,25.0,52.0,47.0,1022.0,1014.0,1012.0,1018.0,1010.0,1009.0,1014.0,1007.0,1006.0,16.0,16.0,16.0,16.0,14.0,16.0,16.0,6.0,16.0,23.0,23.0,16.0,11.0,11.0,8.0,0.0,1.0,0.0,28.0,22.5,16.5,56.0,49.5,43.0,67.5,47.5,27.0,1023.0,1019.0,1014.5,16.0,16.0,16.0,18.5,8.5,0.0,-3.1622776601683795,-4.123105625617661,-4.743416490252569,-12.083045973594572,-15.0,-10.295630140987,-18.748333259252675,-19.170289512680814,-18.881207588499205,5.830951894845301,5.830951894845301,5.0,0.0,1.4142135623730951,7.0710678118654755,-6.363961030678928,-3.5355339059327378,-0.7071067811865476,-2.581988897471611,-3.366501646120693,-3.872983346207417,-9.797958971132712,-12.192894105447921,-8.717797887081348,-15.209646062066446,-15.481171359644161,-15.14375558880073,4.898979485566356,4.795831523312719,4.123105625617661,0.0,0.0,0.0,-3.265986323710904,-2.309401076758503,0.0
288,24,27.0,29.0,33.0,21.0,24.0,29.0,15.0,18.0,24.0,53.0,59.0,75.0,48.0,51.0,72.0,41.0,45.0,59.0,72.0,63.0,91.0,51.0,44.0,72.0,29.0,25.0,52.0,1024.0,1022.0,1014.0,1020.0,1018.0,1010.0,1015.0,1014.0,1007.0,16.0,16.0,16.0,16.0,16.0,14.0,16.0,16.0,6.0,14.0,23.0,23.0,6.0,11.0,11.0,0.0,0.0,1.0,29.0,22.5,16.0,60.0,55.0,48.5,82.5,60.0,36.5,1019.5,1016.5,1012.0,16.0,16.0,16.0,18.5,8.0,0.0,2.449489742783178,0.0,-1.5811388300841898,8.94427190999916,9.669539802906858,10.222524150130436,16.15549442140351,13.656500283747663,10.977249200050075,-6.2048368229954285,-4.743416490252569,-4.183300132670378,0.0,0.0,0.0,0.0,-2.1213203435596424,0.0,-1.1547005383792515,-2.886751345948129,-3.696845502136472,-5.656854249492381,-9.201449161228174,2.0816659994661326,-9.345230512584124,-11.704699910719626,-12.754084313139327,-2.0816659994661326,2.516611478423583,2.160246899469287,0.0,1.1547005383792515,5.773502691896258,0.0,-1.7320508075688772,-0.5773502691896257
289,27,31.0,27.0,29.0,24.0,21.0,24.0,17.0,15.0,18.0,67.0,53.0,59.0,62.0,48.0,51.0,56.0,41.0,45.0,93.0,72.0,63.0,69.0,51.0,44.0,44.0,29.0,25.0,1015.0,1024.0,1022.0,1013.0,1020.0,1018.0,1009.0,1015.0,1014.0,16.0,16.0,16.0,16.0,16.0,16.0,16.0,16.0,16.0,23.0,14.0,23.0,10.0,6.0,11.0,0.0,0.0,0.0,31.5,25.5,19.5,69.0,65.5,61.0,93.0,71.0,48.5,1014.5,1012.0,1009.5,16.0,16.0,16.0,22.0,10.0,0.0,2.9154759474226504,3.0,3.8078865529319543,10.295630140987,11.067971810589327,12.747548783981962,14.849242404917497,13.038404810405298,12.36931687685298,-6.4031242374328485,-5.1478150704935,-4.183300132670378,0.0,0.0,0.0,6.2048368229954285,2.8284271247461903,0.0,2.0816659994661326,1.7320508075688772,2.581988897471611,7.659416862050705,8.86942313043338,10.14889156509222,13.19090595827292,11.387127235025815,10.36018017861337,-5.0990195135927845,-4.041451884327381,-3.366501646120693,0.0,0.0,0.0,-1.1547005383792515,-1.7320508075688772,0.0
290,28,32.0,31.0,27.0,27.0,24.0,21.0,22.0,17.0,15.0,71.0,67.0,53.0,69.0,62.0,48.0,66.0,56.0,41.0,93.0,93.0,72.0,73.0,69.0,51.0,53.0,44.0,29.0,1014.0,1015.0,1024.0,1011.0,1013.0,1020.0,1010.0,1009.0,1015.0,16.0,16.0,16.0,16.0,16.0,16.0,16.0,16.0,16.0,21.0,23.0,14.0,10.0,10.0,6.0,0.0,0.0,0.0,33.0,27.5,22.0,72.0,69.5,65.0,93.0,70.0,47.0,1015.0,1012.0,1010.5,16.0,15.0,12.0,21.0,9.0,0.0,1.5811388300841898,2.23606797749979,3.5355339059327378,3.1622776601683795,5.0,6.928203230275509,0.0,-3.1622776601683795,-5.612486080160912,1.224744871391589,0.0,1.0,0.0,-1.4142135623730951,-5.656854249492381,-1.4142135623730951,-1.4142135623730951,0.0,2.6457513110645907,2.516611478423583,3.1091263510296048,8.48528137423857,9.055385138137417,10.344080432788601,12.12435565298214,10.066445913694333,7.3484692283495345,-5.0990195135927845,-4.041451884327381,-3.366501646120693,0.0,-1.1547005383792515,-4.618802153517006,5.066228051190222,2.0,0.0
291,28,34.0,32.0,31.0,28.0,27.0,24.0,22.0,22.0,17.0,73.0,71.0,67.0,70.0,69.0,62.0,64.0,66.0,56.0,93.0,93.0,93.0,67.0,73.0,69.0,41.0,53.0,44.0,1016.0,1014.0,1015.0,1013.0,1011.0,1013.0,1011.0,1010.0,1009.0,16.0,16.0,16.0,14.0,16.0,16.0,8.0,16.0,16.0,21.0,21.0,23.0,8.0,10.0,10.0,0.0,0.0,0.0,33.0,28.0,22.5,72.5,70.0,64.5,93.0,68.5,43.5,1017.0,1014.0,1012.0,16.0,15.0,12.0,22.5,9.0,0.0,0.0,0.7071067811865476,0.7071067811865476,1.224744871391589,0.7071067811865476,-1.224744871391589,0.0,-3.6742346141747673,-7.713624310270756,2.0,2.0,1.5811388300841898,0.0,0.0,0.0,2.1213203435596424,0.0,0.0,0.5773502691896257,1.8257418583505538,2.943920288775949,2.516611478423583,4.08248290463863,5.686240703077327,0.0,-1.9148542155126762,-3.559026084010437,1.5275252316519468,1.1547005383792515,1.4142135623730951,0.0,0.0,0.0,1.2909944487358056,0.0,0.0
292,29,32.0,34.0,32.0,28.0,28.0,27.0,23.0,22.0,22.0,72.0,73.0,71.0,70.0,70.0,69.0,65.0,64.0,66.0,93.0,93.0,93.0,70.0,67.0,73.0,46.0,41.0,53.0,1018.0,1016.0,1014.0,1015.0,1013.0,1011.0,1013.0,1011.0,1010.0,16.0,16.0,16.0,16.0,14.0,16.0,16.0,8.0,16.0,24.0,21.0,21.0,10.0,8.0,10.0,0.0,0.0,0.0,32.5,28.5,23.5,72.5,70.5,65.5,93.5,69.5,45.0,1017.0,1014.5,1011.5,16.0,16.0,15.0,23.5,10.5,0.0,-1.224744871391589,0.7071067811865476,1.0,0.0,0.7071067811865476,1.0,0.7071067811865476,2.0,3.24037034920393,0.0,1.224744871391589,-1.5811388300841898,0.0,1.4142135623730951,5.477225575051661,2.0,1.5811388300841898,0.0,0.5773502691896257,0.816496580927726,0.816496580927726,1.1547005383792515,0.816496580927726,-0.816496580927726,0.5773502691896257,-3.0550504633038935,-6.4031242374328485,1.1547005383792515,1.5275252316519468,-1.1547005383792515,0.0,0.0,-1.1547005383792515,1.632993161855452,0.5773502691896257,0.0
293,29,33.0,32.0,34.0,29.0,28.0,28.0,24.0,23.0,22.0,73.0,72.0,73.0,71.0,70.0,70.0,66.0,65.0,64.0,94.0,93.0,93.0,69.0,70.0,67.0,44.0,46.0,41.0,1016.0,1018.0,1016.0,1014.0,1015.0,1013.0,1010.0,1013.0,1011.0,16.0,16.0,16.0,16.0,16.0,14.0,14.0,16.0,8.0,23.0,24.0,21.0,11.0,10.0,8.0,0.0,0.0,0.0,33.0,29.0,24.0,73.0,70.5,65.5,90.5,67.5,44.0,1015.0,1013.0,1009.5,16.0,16.0,15.0,23.0,11.0,0.0,0.7071067811865476,0.7071067811865476,0.7071067811865476,0.7071067811865476,0.0,0.0,-4.898979485566356,-2.23606797749979,-1.4142135623730951,-2.0,-1.5811388300841898,-2.23606797749979,0.0,0.0,0.0,-0.7071067811865476,0.7071067811865476,0.0,-1.0,0.5773502691896257,0.816496580927726,0.0,0.0,0.5773502691896257,-4.0,-0.5773502691896257,2.6457513110645907,-1.1547005383792515,-0.5773502691896257,-1.4142135623730951,0.0,1.1547005383792515,4.618802153517006,1.632993161855452,1.2909944487358056,0.0
294,21,33.0,33.0,32.0,29.0,29.0,28.0,24.0,24.0,23.0,73.0,73.0,72.0,70.0,71.0,70.0,65.0,66.0,65.0,87.0,94.0,93.0,66.0,69.0,70.0,44.0,44.0,46.0,1014.0,1016.0,1018.0,1012.0,1014.0,1015.0,1009.0,1010.0,1013.0,16.0,16.0,16.0,16.0,16.0,16.0,16.0,14.0,16.0,23.0,23.0,24.0,11.0,11.0,10.0,0.0,0.0,0.0,29.5,25.0,19.5,72.5,66.0,60.0,92.0,75.5,58.5,1017.0,1014.5,1010.5,16.0,13.5,8.0,23.0,9.5,18.0,-4.949747468305833,-5.656854249492381,-6.363961030678928,-0.7071067811865476,-5.70087712549569,-7.106335201775948,5.049752469181039,13.2664991614216,20.506096654409877,4.0,3.24037034920393,2.0,0.0,-3.5355339059327378,-11.224972160321824,0.0,-2.1213203435596424,25.45584412271571,-4.0,-4.58257569495584,-5.163977794943222,0.0,-4.618802153517006,-5.773502691896258,4.163331998932265,10.816653826391969,16.703293088490067,3.0550504633038935,2.581988897471611,-0.5773502691896257,0.0,-2.886751345948129,-9.237604307034012,-0.5773502691896257,-1.632993161855452,20.784609690826528
295,21,26.0,33.0,33.0,21.0,29.0,29.0,15.0,24.0,24.0,72.0,73.0,73.0,62.0,70.0,71.0,55.0,65.0,66.0,97.0,87.0,94.0,85.0,66.0,69.0,73.0,44.0,44.0,1020.0,1014.0,1016.0,1017.0,1012.0,1014.0,1012.0,1009.0,1010.0,16.0,16.0,16.0,11.0,16.0,16.0,0.0,16.0,14.0,23.0,23.0,23.0,8.0,11.0,11.0,36.0,0.0,0.0,25.5,21.0,15.5,72.0,62.5,55.0,95.0,85.5,75.5,1018.5,1014.5,1009.0,16.0,12.5,5.5,22.0,5.5,18.0,-5.0,-5.656854249492381,-6.324555320336759,-0.7071067811865476,-5.612486080160912,-7.0710678118654755,6.48074069840786,13.45362404707371,20.808652046684813,3.6742346141747673,0.0,-3.6742346141747673,0.0,-2.8284271247461903,-8.215838362577491,-1.4142135623730951,-4.123105625617661,0.0,-4.08248290463863,-4.618802153517006,-5.163977794943222,-0.5773502691896257,-4.618802153517006,-5.802298395176403,3.415650255319866,10.847426730181986,16.990193249832878,2.7688746209726918,-1.1547005383792515,-3.0550504633038935,0.0,-2.309401076758503,-6.60807586719967,-1.1547005383792515,-3.366501646120693,0.0
296,21,25.0,26.0,33.0,21.0,21.0,29.0,16.0,15.0,24.0,72.0,72.0,73.0,63.0,62.0,70.0,55.0,55.0,65.0,93.0,97.0,87.0,86.0,85.0,66.0,78.0,73.0,44.0,1017.0,1020.0,1014.0,1012.0,1017.0,1012.0,1006.0,1012.0,1009.0,16.0,16.0,16.0,14.0,11.0,16.0,11.0,0.0,16.0,21.0,23.0,23.0,3.0,8.0,11.0,0.0,36.0,0.0,24.5,21.0,16.0,72.0,61.0,50.5,90.0,74.5,58.0,1017.0,1010.5,1005.0,16.0,15.0,7.0,26.5,9.5,1.0,-1.0,0.0,0.7071067811865476,0.0,-2.7386127875258306,-6.363961030678928,-5.0990195135927845,-16.24807680927192,-28.062430400804562,-2.1213203435596424,-4.123105625617661,-4.47213595499958,0.0,2.5495097567963922,5.338539126015656,7.648529270389178,8.48528137423857,-25.41653005427767,-4.123105625617661,-4.618802153517006,-5.163977794943222,-0.5773502691896257,-5.131601439446884,-7.767453465154029,4.0,-7.461009761866464,-15.641824275533422,3.0,-1.7320508075688772,-3.2145502536643185,0.0,-2.0,-8.144527815247077,6.244997998398398,6.708203932499369,1.1547005383792515
297,19,24.0,25.0,26.0,21.0,21.0,21.0,16.0,16.0,15.0,72.0,72.0,72.0,59.0,63.0,62.0,46.0,55.0,55.0,87.0,93.0,97.0,63.0,86.0,85.0,38.0,78.0,73.0,1017.0,1017.0,1020.0,1009.0,1012.0,1017.0,1004.0,1006.0,1012.0,16.0,16.0,16.0,16.0,14.0,11.0,3.0,11.0,0.0,32.0,21.0,23.0,16.0,3.0,8.0,2.0,0.0,36.0,25.5,20.0,13.5,60.0,51.0,41.5,82.0,56.0,29.5,1019.5,1014.0,1010.5,16.0,16.0,9.5,27.5,12.0,1.0,2.0,-1.4142135623730951,-3.5355339059327378,-16.97056274847714,-11.661903789690601,-9.0,-8.246211251235321,-19.03943276465977,-30.732718721258617,3.5355339059327378,6.745368781616021,9.082951062292475,0.0,1.4142135623730951,7.245688373094719,4.47213595499958,7.245688373094719,0.0,1.5275252316519468,-1.1547005383792515,-2.8284271247461903,-13.856406460551018,-9.504384952922168,-7.3484692283495345,-7.118052168020874,-15.534906930308058,-24.926558794453225,2.309401076758503,4.69041575982343,6.557438524302,0.0,2.0816659994661326,8.679477710861024,3.4641016151377544,5.163977794943222,-20.784609690826528
298,22,27.0,24.0,25.0,19.0,21.0,21.0,11.0,16.0,16.0,48.0,72.0,72.0,43.0,59.0,63.0,37.0,46.0,55.0,77.0,87.0,93.0,49.0,63.0,86.0,21.0,38.0,78.0,1022.0,1017.0,1017.0,1019.0,1009.0,1012.0,1017.0,1004.0,1006.0,16.0,16.0,16.0,16.0,16.0,14.0,16.0,3.0,11.0,23.0,32.0,21.0,8.0,16.0,3.0,0.0,2.0,0.0,29.0,20.5,12.0,49.5,44.5,38.5,74.5,47.5,20.5,1021.0,1018.5,1016.5,16.0,16.0,16.0,18.5,5.5,0.0,3.5355339059327378,1.5811388300841898,-3.24037034920393,-16.837458240482736,-11.113055385446435,-6.0,-7.905694150420948,-10.124228365658293,-12.041594578792296,3.24037034920393,7.035623639735144,9.16515138991168,0.0,0.0,9.192388155425117,-9.0,-6.670832032063167,-1.4142135623730951,2.8284271247461903,1.2909944487358056,-2.6457513110645907,-13.74772708486752,-9.363047936792093,-7.14142842854285,-7.32575365861197,-15.641824275533422,-25.099800796022265,2.6457513110645907,5.477225575051661,7.393691004272944,0.0,1.1547005383792515,5.916079783099616,-3.696845502136472,5.163977794943222,0.0
299,22,31.0,27.0,24.0,22.0,19.0,21.0,13.0,11.0,16.0,51.0,48.0,72.0,46.0,43.0,59.0,40.0,37.0,46.0,72.0,77.0,87.0,46.0,49.0,63.0,20.0,21.0,38.0,1020.0,1022.0,1017.0,1018.0,1019.0,1009.0,1016.0,1017.0,1004.0,16.0,16.0,16.0,16.0,16.0,16.0,16.0,16.0,3.0,14.0,23.0,32.0,3.0,8.0,16.0,0.0,0.0,2.0,30.5,22.0,13.5,52.5,47.5,42.0,72.0,48.0,23.5,1018.0,1016.0,1014.0,16.0,16.0,16.0,17.5,4.5,0.0,2.7386127875258306,2.1213203435596424,1.5811388300841898,3.0,3.0,3.5355339059327378,-3.5355339059327378,1.8708286933869707,4.898979485566356,-3.1622776601683795,-2.9154759474226504,-2.9154759474226504,0.0,0.0,0.0,-4.0,-2.8284271247461903,0.0,2.8284271247461903,1.2909944487358056,-2.581988897471611,-13.638181696985855,-8.906926143924924,-4.320493798938574,-6.454972243679028,-7.937253933193772,-8.962886439832502,1.2909944487358056,5.259911279353167,7.118052168020874,0.0,0.0,7.505553499465135,-6.137317546507322,-5.163977794943222,-1.1547005383792515
300,23,30.0,31.0,27.0,22.0,22.0,19.0,14.0,13.0,11.0,54.0,51.0,48.0,49.0,46.0,43.0,44.0,40.0,37.0,72.0,72.0,77.0,50.0,46.0,49.0,27.0,20.0,21.0,1016.0,1020.0,1022.0,1014.0,1018.0,1019.0,1012.0,1016.0,1017.0,16.0,16.0,16.0,16.0,16.0,16.0,16.0,16.0,16.0,21.0,14.0,23.0,6.0,3.0,8.0,0.0,0.0,0.0,30.5,22.5,15.0,59.0,54.5,49.0,84.5,59.5,33.5,1015.0,1013.5,1011.5,16.0,16.0,16.0,21.0,5.5,0.0,0.0,0.7071067811865476,1.5811388300841898,7.3824115301167,8.06225774829855,7.615773105863909,17.67766952966369,13.729530217745982,10.44030650891055,-3.1622776601683795,-2.9154759474226504,-2.9154759474226504,0.0,0.0,0.0,4.949747468305833,2.0,0.0,2.309401076758503,1.8257418583505538,1.7320508075688772,6.27162924074226,6.8068592855540455,6.454972243679028,14.142135623730951,11.075498483890767,8.504900548115382,-2.8284271247461903,-2.449489742783178,-2.449489742783178,0.0,0.0,0.0,-3.265986323710904,-2.3804761428476167,0.0
301,24,31.0,30.0,31.0,23.0,22.0,22.0,16.0,14.0,13.0,64.0,54.0,51.0,60.0,49.0,46.0,54.0,44.0,40.0,97.0,72.0,72.0,69.0,50.0,46.0,40.0,27.0,20.0,1014.0,1016.0,1020.0,1013.0,1014.0,1018.0,1011.0,1012.0,1016.0,16.0,16.0,16.0,16.0,16.0,16.0,16.0,16.0,16.0,21.0,21.0,14.0,5.0,6.0,3.0,0.0,0.0,0.0,30.5,23.5,17.5,66.5,62.0,57.0,93.5,68.0,42.0,1016.0,1014.5,1012.5,16.0,16.0,12.0,17.5,4.0,0.0,0.0,1.0,2.5495097567963922,7.905694150420948,8.276472678623424,8.246211251235321,16.97056274847714,13.360389215887388,9.617692030835672,2.449489742783178,2.0,2.0,0.0,0.0,-5.656854249492381,-4.949747468305833,-1.5811388300841898,0.0,-0.5773502691896257,0.816496580927726,2.160246899469287,6.683312551921141,6.97614984548545,7.118052168020874,13.856406460551018,11.150485789118488,8.831760866327848,-1.1547005383792515,-1.632993161855452,-1.632993161855452,0.0,0.0,-4.618802153517006,0.0,1.1547005383792515,0.0
302,23,30.0,31.0,30.0,24.0,23.0,22.0,19.0,16.0,14.0,69.0,64.0,54.0,64.0,60.0,49.0,60.0,54.0,44.0,90.0,97.0,72.0,67.0,69.0,50.0,44.0,40.0,27.0,1018.0,1014.0,1016.0,1016.0,1013.0,1014.0,1014.0,1011.0,1012.0,16.0,16.0,16.0,16.0,16.0,16.0,8.0,16.0,16.0,14.0,21.0,21.0,3.0,5.0,6.0,0.0,0.0,0.0,29.0,23.5,18.5,67.5,63.5,60.5,91.5,70.5,49.0,1019.0,1017.0,1015.0,16.0,16.0,9.0,13.5,3.0,0.0,-1.5811388300841898,0.0,2.0,2.8284271247461903,2.7386127875258306,4.301162633521313,-4.47213595499958,4.743416490252569,7.615773105863909,3.1622776601683795,2.5495097567963922,2.5495097567963922,0.0,0.0,-5.477225575051661,-5.0,-1.4142135623730951,0.0,-1.1547005383792515,0.5773502691896257,2.0,6.2182527020592095,6.733003292241386,6.757711644237764,13.96424004376894,11.633285577743433,9.746794344808963,2.309401076758503,2.0,2.0,0.0,0.0,-4.47213595499958,-4.08248290463863,-1.2909944487358056,0.0
303,23,28.0,30.0,31.0,23.0,24.0,23.0,18.0,19.0,16.0,66.0,69.0,64.0,63.0,64.0,60.0,61.0,60.0,54.0,93.0,90.0,97.0,74.0,67.0,69.0,54.0,44.0,40.0,1020.0,1018.0,1014.0,1018.0,1016.0,1013.0,1016.0,1014.0,1011.0,16.0,16.0,16.0,16.0,16.0,16.0,10.0,8.0,16.0,13.0,14.0,21.0,3.0,3.0,5.0,0.0,0.0,0.0,28.0,23.0,17.5,65.0,62.0,59.5,96.5,73.5,49.5,1019.5,1017.5,1015.5,16.0,15.0,8.0,13.0,3.0,0.0,-1.4142135623730951,-0.7071067811865476,-1.0,-2.5495097567963922,-1.5811388300841898,-2.0,5.385164807134504,4.898979485566356,3.082207001484488,1.224744871391589,1.224744871391589,1.224744871391589,0.0,-1.4142135623730951,-2.449489742783178,-0.7071067811865476,0.0,0.0,-1.2909944487358056,0.0,1.5275252316519468,2.0,1.9148542155126762,3.0550504633038935,1.7320508075688772,3.8297084310253524,3.415650255319866,2.516611478423583,2.0,2.0,0.0,-1.1547005383792515,-5.033222956847166,-4.08248290463863,-1.1547005383792515,0.0
304,22,28.0,28.0,30.0,23.0,23.0,24.0,17.0,18.0,19.0,64.0,66.0,69.0,61.0,63.0,64.0,58.0,61.0,60.0,100.0,93.0,90.0,73.0,74.0,67.0,45.0,54.0,44.0,1019.0,1020.0,1018.0,1017.0,1018.0,1016.0,1015.0,1016.0,1014.0,16.0,16.0,16.0,14.0,16.0,16.0,6.0,10.0,8.0,13.0,13.0,14.0,3.0,3.0,3.0,0.0,0.0,0.0,28.0,22.5,15.5,62.5,58.0,52.0,96.5,67.0,36.5,1019.0,1017.0,1015.0,16.0,14.0,8.0,14.5,4.0,0.0,0.0,-0.7071067811865476,-2.23606797749979,-2.5495097567963922,-4.47213595499958,-8.74642784226795,0.0,-8.514693182963201,-13.601470508735444,-0.7071067811865476,-0.7071067811865476,-0.7071067811865476,0.0,-1.4142135623730951,0.0,2.1213203435596424,1.4142135623730951,0.0,-1.1547005383792515,-0.816496580927726,-1.9148542155126762,-2.70801280154532,-3.696845502136472,-7.118052168020874,1.7320508075688772,-5.656854249492381,-9.486832980505138,1.0,1.0,1.0,0.0,-1.1547005383792515,1.1547005383792515,1.632993161855452,1.1547005383792515,0.0
305,22,28.0,28.0,28.0,22.0,23.0,23.0,14.0,17.0,18.0,61.0,64.0,66.0,55.0,61.0,63.0,46.0,58.0,61.0,93.0,100.0,93.0,61.0,73.0,74.0,28.0,45.0,54.0,1019.0,1019.0,1020.0,1017.0,1017.0,1018.0,1015.0,1015.0,1016.0,16.0,16.0,16.0,14.0,14.0,16.0,10.0,6.0,10.0,16.0,13.0,13.0,5.0,3.0,3.0,0.0,0.0,0.0,28.0,22.0,15.0,61.5,57.0,51.0,88.5,64.0,38.5,1019.5,1017.5,1016.0,16.0,15.0,13.0,15.0,4.0,0.0,0.0,-0.7071067811865476,-1.5811388300841898,-2.0,-3.1622776601683795,-4.69041575982343,-8.06225774829855,-7.3484692283495345,8.717797887081348,0.7071067811865476,0.7071067811865476,1.4142135623730951,0.0,1.4142135623730951,5.0990195135927845,1.5811388300841898,0.0,0.0,0.0,-0.5773502691896257,-1.4142135623730951,-2.0,-2.8284271247461903,-4.203173404306164,-5.196152422706632,-6.027713773341708,4.864839839775475,0.0,0.0,1.0,0.0,0.0,3.4641016151377544,1.2909944487358056,0.0,0.0
306,24,28.0,28.0,28.0,22.0,22.0,23.0,16.0,14.0,17.0,62.0,61.0,64.0,59.0,55.0,61.0,56.0,46.0,58.0,84.0,93.0,100.0,67.0,61.0,73.0,49.0,28.0,45.0,1020.0,1019.0,1019.0,1018.0,1017.0,1017.0,1017.0,1015.0,1015.0,16.0,16.0,16.0,16.0,14.0,14.0,16.0,10.0,6.0,14.0,16.0,13.0,3.0,5.0,3.0,0.0,0.0,0.0,28.0,23.0,17.5,62.0,59.0,56.5,82.5,65.5,47.5,1020.5,1018.5,1017.0,16.0,16.0,16.0,13.5,3.0,0.0,0.0,1.4142135623730951,2.5495097567963922,0.7071067811865476,2.8284271247461903,7.106335201775948,-6.708203932499369,3.6742346141747673,14.696938456699069,1.0,1.0,1.4142135623730951,0.0,1.4142135623730951,4.242640687119285,-1.5811388300841898,-1.4142135623730951,0.0,0.0,1.0,1.1547005383792515,-1.632993161855452,-2.581988897471611,-3.7859388972001824,-6.8068592855540455,-6.244997998398398,6.904105059069326,0.816496580927726,0.816496580927726,1.1547005383792515,0.0,1.1547005383792515,4.163331998932265,1.1547005383792515,0.0,0.0
307,23,28.0,28.0,28.0,24.0,22.0,22.0,19.0,16.0,14.0,62.0,62.0,61.0,59.0,59.0,55.0,57.0,56.0,46.0,81.0,84.0,93.0,64.0,67.0,61.0,46.0,49.0,28.0,1021.0,1020.0,1019.0,1019.0,1018.0,1017.0,1017.0,1017.0,1015.0,16.0,16.0,16.0,16.0,16.0,14.0,16.0,16.0,10.0,13.0,14.0,16.0,3.0,3.0,5.0,0.0,0.0,0.0,28.5,23.5,17.5,61.5,59.0,56.5,82.5,64.0,45.0,1021.5,1019.5,1017.5,16.0,16.0,16.0,12.0,3.0,0.0,0.7071067811865476,1.224744871391589,0.0,-0.7071067811865476,0.0,0.0,0.0,-2.1213203435596424,-2.5495097567963922,1.0,1.0,0.7071067811865476,0.0,0.0,0.0,-1.5811388300841898,0.0,0.0,0.5773502691896257,1.0,1.1547005383792515,0.0,2.309401076758503,5.773502691896258,-5.196152422706632,3.0,11.944315244779277,1.0,1.0,1.2909944487358056,0.0,1.1547005383792515,3.4641016151377544,-1.7320508075688772,-1.1547005383792515,0.0
308,24,29.0,28.0,28.0,23.0,24.0,22.0,16.0,19.0,16.0,61.0,62.0,62.0,59.0,59.0,59.0,56.0,57.0,56.0,84.0,81.0,84.0,64.0,64.0,67.0,44.0,46.0,49.0,1022.0,1021.0,1020.0,1020.0,1019.0,1018.0,1018.0,1017.0,1017.0,16.0,16.0,16.0,16.0,16.0,16.0,16.0,16.0,16.0,11.0,13.0,14.0,3.0,3.0,3.0,0.0,0.0,0.0,30.0,23.5,16.5,61.0,59.0,56.5,84.0,63.0,41.5,1022.0,1020.0,1018.0,16.0,16.0,16.0,12.0,3.0,0.0,1.5811388300841898,0.0,-2.0,-0.7071067811865476,0.0,0.0,2.1213203435596424,-1.4142135623730951,-3.8078865529319543,0.7071067811865476,0.7071067811865476,0.7071067811865476,0.0,0.0,0.0,0.0,0.0,0.0,1.2909944487358056,1.1547005383792515,0.5773502691896257,-0.5773502691896257,0.0,0.5773502691896257,0.0,-2.0816659994661326,-3.559026084010437,0.816496580927726,0.816496580927726,0.5773502691896257,0.0,0.0,0.0,-0.5773502691896257,0.0,0.0
309,23,31.0,29.0,28.0,24.0,23.0,24.0,17.0,16.0,19.0,61.0,61.0,62.0,59.0,59.0,59.0,57.0,56.0,57.0,84.0,84.0,81.0,62.0,64.0,64.0,39.0,44.0,46.0,1022.0,1022.0,1021.0,1020.0,1020.0,1019.0,1018.0,1018.0,1017.0,16.0,16.0,16.0,16.0,16.0,16.0,16.0,16.0,16.0,13.0,11.0,13.0,3.0,3.0,3.0,0.0,0.0,0.0,30.5,23.5,16.5,61.0,58.5,54.5,87.0,62.0,36.5,1020.0,1017.5,1015.5,16.0,16.0,14.5,16.0,4.5,0.0,1.224744871391589,0.0,0.0,0.0,-0.7071067811865476,-3.4641016151377544,4.242640687119285,-1.4142135623730951,-5.0,-2.8284271247461903,-3.5355339059327378,-3.5355339059327378,0.0,0.0,-2.1213203435596424,4.47213595499958,2.1213203435596424,0.0,1.1547005383792515,-0.5773502691896257,-1.7320508075688772,-0.5773502691896257,-0.5773502691896257,-2.886751345948129,3.872983346207417,-1.1547005383792515,-4.242640687119285,-2.23606797749979,-2.8284271247461903,-2.8284271247461903,0.0,0.0,-1.7320508075688772,3.4641016151377544,1.7320508075688772,0.0
310,23,30.0,31.0,29.0,23.0,24.0,23.0,16.0,17.0,16.0,61.0,61.0,61.0,58.0,59.0,59.0,52.0,57.0,56.0,90.0,84.0,84.0,62.0,62.0,64.0,34.0,39.0,44.0,1018.0,1022.0,1022.0,1015.0,1020.0,1020.0,1013.0,1018.0,1018.0,16.0,16.0,16.0,16.0,16.0,16.0,13.0,16.0,16.0,19.0,13.0,11.0,6.0,3.0,3.0,0.0,0.0,0.0,30.0,23.0,16.5,63.0,59.5,55.0,91.5,64.5,37.0,1016.0,1013.5,1011.0,16.0,16.0,14.5,21.0,8.0,0.0,-0.7071067811865476,-0.7071067811865476,0.0,2.8284271247461903,2.0,2.345207879911715,4.743416490252569,3.5355339059327378,2.345207879911715,-4.0,-4.123105625617661,-4.527692569068709,0.0,0.0,0.0,5.0990195135927845,3.5355339059327378,0.0,1.0,0.0,0.5773502691896257,2.309401076758503,1.632993161855452,2.0,3.872983346207417,2.6457513110645907,-2.160246899469287,-3.265986323710904,-3.366501646120693,-3.696845502136472,0.0,0.0,0.0,4.320493798938574,2.886751345948129,0.0
311,24,30.0,30.0,31.0,23.0,23.0,24.0,17.0,16.0,17.0,65.0,61.0,61.0,61.0,58.0,59.0,58.0,52.0,57.0,93.0,90.0,84.0,67.0,62.0,62.0,40.0,34.0,39.0,1014.0,1018.0,1022.0,1012.0,1015.0,1020.0,1009.0,1013.0,1018.0,16.0,16.0,16.0,16.0,16.0,16.0,16.0,13.0,16.0,23.0,19.0,13.0,10.0,6.0,3.0,0.0,0.0,0.0,29.5,23.5,17.5,66.5,63.0,60.5,93.0,70.5,47.5,1016.0,1014.0,1010.5,16.0,16.0,16.0,18.0,6.5,0.0,-0.7071067811865476,0.7071067811865476,1.0,3.5355339059327378,3.5355339059327378,5.522680508593631,2.1213203435596424,6.082762530298219,11.423659658795863,0.0,1.8708286933869707,-1.8708286933869707,0.0,0.0,2.1213203435596424,-6.48074069840786,-4.06201920231798,0.0,-0.816496580927726,0.0,0.5773502691896257,2.886751345948129,2.8284271247461903,3.4641016151377544,3.872983346207417,4.96655480858378,8.86942313043338,-2.309401076758503,-2.449489742783178,-3.265986323710904,0.0,0.0,0.0,-4.0,-2.8284271247461903,0.0
312,23,29.0,30.0,30.0,24.0,23.0,23.0,18.0,17.0,16.0,68.0,65.0,61.0,65.0,61.0,58.0,63.0,58.0,52.0,93.0,93.0,90.0,74.0,67.0,62.0,55.0,40.0,34.0,1018.0,1014.0,1018.0,1016.0,1012.0,1015.0,1012.0,1009.0,1013.0,16.0,16.0,16.0,16.0,16.0,16.0,16.0,16.0,13.0,13.0,23.0,19.0,3.0,10.0,6.0,0.0,0.0,0.0,28.0,23.5,18.0,65.5,63.5,61.5,87.0,71.0,54.5,1019.5,1017.5,1015.0,16.0,16.0,16.0,14.5,4.0,0.0,-1.5811388300841898,0.0,0.7071067811865476,-2.8284271247461903,1.8708286933869707,2.8284271247461903,-8.48528137423857,2.5495097567963922,10.583005244258363,3.5355339059327378,3.5355339059327378,4.743416490252569,0.0,0.0,0.0,-6.745368781616021,-4.743416490252569,0.0,-1.2909944487358056,0.0,0.816496580927726,0.0,2.309401076758503,4.163331998932265,-6.708203932499369,3.559026084010437,9.309493362512628,1.7320508075688772,2.309401076758503,3.1091263510296048,0.0,0.0,1.7320508075688772,-5.0,-3.1091263510296048,0.0
313,23,27.0,29.0,30.0,23.0,24.0,23.0,18.0,18.0,17.0,63.0,68.0,65.0,62.0,65.0,61.0,60.0,63.0,58.0,81.0,93.0,93.0,68.0,74.0,67.0,54.0,55.0,40.0,1021.0,1018.0,1014.0,1019.0,1016.0,1012.0,1018.0,1012.0,1009.0,16.0,16.0,16.0,16.0,16.0,16.0,16.0,16.0,16.0,16.0,13.0,23.0,5.0,3.0,10.0,0.0,0.0,0.0,27.5,23.0,17.5,62.0,60.5,57.0,87.0,70.0,52.5,1021.5,1019.0,1017.5,16.0,16.0,15.0,14.5,4.0,0.0,-1.224744871391589,-0.7071067811865476,-0.7071067811865476,-3.8078865529319543,-3.0,-4.743416490252569,0.0,-3.1622776601683795,-2.23606797749979,2.23606797749979,2.1213203435596424,4.183300132670378,0.0,0.0,-1.4142135623730951,0.0,0.0,0.0,-1.1547005383792515,0.0,0.0,-2.581988897471611,-0.816496580927726,-2.581988897471611,0.0,3.1091263510296048,8.465616732800196,2.943920288775949,2.886751345948129,3.8297084310253524,0.0,0.0,-1.1547005383792515,-5.773502691896258,-4.041451884327381,0.0
314,19,28.0,27.0,29.0,23.0,23.0,24.0,17.0,18.0,18.0,61.0,63.0,68.0,59.0,62.0,65.0,54.0,60.0,63.0,93.0,81.0,93.0,72.0,68.0,74.0,51.0,54.0,55.0,1022.0,1021.0,1018.0,1019.0,1019.0,1016.0,1017.0,1018.0,1012.0,16.0,16.0,16.0,16.0,16.0,16.0,14.0,16.0,16.0,13.0,16.0,13.0,3.0,5.0,3.0,0.0,0.0,0.0,26.0,21.0,15.0,61.0,54.0,46.5,93.0,66.0,39.0,1024.5,1021.0,1018.5,16.0,15.0,8.5,19.5,7.0,4.0,-2.7386127875258306,-2.8284271247461903,-2.9154759474226504,-1.4142135623730951,-7.3824115301167,-11.423659658795863,8.48528137423857,-8.0,-17.10263137648707,3.605551275463989,2.8284271247461903,2.0,0.0,-1.4142135623730951,-7.905694150420948,8.94427190999916,5.477225575051661,5.656854249492381,-2.516611478423583,-2.3804761428476167,-2.3804761428476167,-3.1091263510296048,-6.27162924074226,-9.486832980505138,0.0,-7.393691004272944,-13.976170195491086,3.415650255319866,2.886751345948129,3.8297084310253524,0.0,-1.1547005383792515,-6.454972243679028,7.505553499465135,4.618802153517006,4.618802153517006
315,14,24.0,28.0,27.0,19.0,23.0,23.0,13.0,17.0,18.0,61.0,61.0,63.0,49.0,59.0,62.0,39.0,54.0,60.0,93.0,93.0,81.0,60.0,72.0,68.0,27.0,51.0,54.0,1027.0,1022.0,1021.0,1023.0,1019.0,1019.0,1020.0,1017.0,1018.0,16.0,16.0,16.0,14.0,16.0,16.0,3.0,14.0,16.0,26.0,13.0,16.0,11.0,3.0,5.0,8.0,0.0,0.0,22.0,16.5,10.5,52.0,44.0,38.0,82.0,57.0,32.0,1028.5,1025.0,1022.5,16.0,15.0,9.5,20.0,9.5,4.0,-4.0,-4.527692569068709,-4.527692569068709,-12.727922061357855,-10.0,-10.700467279516348,-15.556349186104045,-9.486832980505138,-15.427248620541512,4.123105625617661,4.0,4.123105625617661,0.0,0.0,4.898979485566356,3.5355339059327378,5.244044240850758,0.0,-3.2145502536643185,-3.696845502136472,-3.7416573867739413,-10.456258094238748,-8.34665601703261,-9.39858145324779,-10.64581294844754,-7.393691004272944,-12.7148207485071,3.415650255319866,3.265986323710904,3.3166247903554,0.0,0.0,3.8297084310253524,2.309401076758503,4.123105625617661,0.0
316,17,20.0,24.0,28.0,14.0,19.0,23.0,8.0,13.0,17.0,43.0,61.0,61.0,39.0,49.0,59.0,37.0,39.0,54.0,71.0,93.0,93.0,54.0,60.0,72.0,37.0,27.0,51.0,1030.0,1027.0,1022.0,1027.0,1023.0,1019.0,1025.0,1020.0,1017.0,16.0,16.0,16.0,16.0,14.0,16.0,16.0,3.0,14.0,14.0,26.0,13.0,8.0,11.0,3.0,0.0,8.0,0.0,22.0,15.5,8.5,47.5,42.0,38.0,75.5,57.5,39.0,1028.5,1026.0,1023.5,16.0,16.0,16.0,19.0,9.0,0.0,0.0,-2.8284271247461903,-3.4641016151377544,-11.022703842524301,-5.656854249492381,0.0,-14.19506956657839,2.5495097567963922,7.615773105863909,0.0,2.449489742783178,2.8284271247461903,0.0,1.4142135623730951,9.192388155425117,-4.69041575982343,-1.5811388300841898,-5.656854249492381,-2.309401076758503,-3.265986323710904,-3.6514837167011076,-9.0,-7.393691004272944,-8.660254037844387,-11.590225767142474,-6.60807586719967,-12.382783747337808,2.886751345948129,3.0550504633038935,2.886751345948129,0.0,0.0,4.0,6.454972243679028,4.43471156521669,0.0
317,20,24.0,20.0,24.0,17.0,14.0,19.0,9.0,8.0,13.0,52.0,43.0,61.0,45.0,39.0,49.0,39.0,37.0,39.0,80.0,71.0,93.0,61.0,54.0,60.0,41.0,37.0,27.0,1027.0,1030.0,1027.0,1025.0,1027.0,1023.0,1022.0,1025.0,1020.0,16.0,16.0,16.0,16.0,16.0,14.0,16.0,16.0,3.0,24.0,14.0,26.0,10.0,8.0,11.0,0.0,0.0,8.0,24.0,18.5,12.0,57.5,52.0,45.5,82.0,66.5,50.5,1024.5,1022.5,1020.0,16.0,16.0,16.0,23.5,10.0,0.0,2.8284271247461903,3.0,4.301162633521313,10.04987562112089,10.770329614269007,9.300537618869138,6.96419413859206,9.219544457292887,13.729530217745982,-4.123105625617661,-3.8078865529319543,-3.5355339059327378,0.0,0.0,0.0,7.035623639735144,1.4142135623730951,0.0,0.0,-1.5275252316519468,2.0,-6.377042156569663,6.6332495807108,7.505553499465135,-11.357816691600547,6.683312551921141,12.609520212918492,-2.886751345948129,-2.0816659994661326,0.0,0.0,1.1547005383792515,7.505553499465135,-3.872983346207417,-1.2909944487358056,-4.618802153517006
318,19,24.0,24.0,20.0,20.0,17.0,14.0,15.0,9.0,8.0,63.0,52.0,43.0,59.0,45.0,39.0,52.0,39.0,37.0,84.0,80.0,71.0,72.0,61.0,54.0,60.0,41.0,37.0,1022.0,1027.0,1030.0,1020.0,1025.0,1027.0,1018.0,1022.0,1025.0,16.0,16.0,16.0,16.0,16.0,16.0,16.0,16.0,16.0,23.0,24.0,14.0,10.0,10.0,8.0,0.0,0.0,0.0,24.0,19.5,14.5,66.0,61.0,54.5,92.0,79.5,66.5,1022.0,1019.5,1017.0,16.0,14.5,9.5,25.0,9.0,7.0,0.0,2.0,4.183300132670378,8.860022573334675,10.295630140987,9.848857801796104,11.661903789690601,13.152946437965905,16.278820596099706,-3.5355339059327378,-3.605551275463989,-3.1622776601683795,0.0,-2.1213203435596424,-9.192388155425117,2.7386127875258306,-1.4142135623730951,9.899494936611665,2.309401076758503,2.3804761428476167,3.4641016151377544,8.906926143924924,9.092121131323903,8.12403840463596,10.847426730181986,11.474609652039003,13.490737563232042,-3.366501646120693,-3.1622776601683795,-3.1091263510296048,0.0,-1.7320508075688772,-7.505553499465135,6.191391873668904,0.0,8.082903768654761
319,14,24.0,24.0,24.0,19.0,20.0,17.0,14.0,15.0,9.0,69.0,63.0,52.0,63.0,59.0,45.0,57.0,52.0,39.0,100.0,84.0,80.0,87.0,72.0,61.0,73.0,60.0,41.0,1022.0,1022.0,1027.0,1019.0,1020.0,1025.0,1016.0,1018.0,1022.0,16.0,16.0,16.0,13.0,16.0,16.0,3.0,16.0,16.0,27.0,23.0,24.0,8.0,10.0,10.0,14.0,0.0,0.0,19.5,16.5,13.5,63.5,59.5,55.5,100.0,92.0,83.0,1023.0,1020.0,1017.5,16.0,11.5,3.0,24.0,9.0,26.0,-6.363961030678928,-3.605551275463989,-1.0,-6.519202405202649,-4.06201920231798,2.8284271247461903,11.313708498984761,12.747548783981962,16.867127793433,1.4142135623730951,1.224744871391589,1.5811388300841898,0.0,-3.0,-9.192388155425117,-3.1622776601683795,0.0,19.6468827043885,-5.196152422706632,-2.3804761428476167,3.366501646120693,3.4641016151377544,7.371114795831994,7.852812659593164,9.521904571390467,12.192894105447921,17.60681686165901,-2.6457513110645907,-2.70801280154532,-1.9148542155126762,0.0,-2.449489742783178,-7.505553499465135,-2.6457513110645907,0.0,16.041612554021285
320,15,15.0,24.0,24.0,14.0,19.0,20.0,13.0,14.0,15.0,58.0,69.0,63.0,56.0,63.0,59.0,54.0,57.0,52.0,100.0,100.0,84.0,97.0,87.0,72.0,93.0,73.0,60.0,1024.0,1022.0,1022.0,1021.0,1019.0,1020.0,1019.0,1016.0,1018.0,16.0,16.0,16.0,10.0,13.0,16.0,3.0,3.0,16.0,21.0,27.0,23.0,10.0,8.0,10.0,38.0,14.0,0.0,16.0,14.5,13.0,57.0,53.5,50.0,96.5,86.0,74.5,1026.0,1023.0,1021.0,16.0,13.0,5.5,18.5,8.0,19.5,-6.2048368229954285,-3.4641016151377544,-0.7071067811865476,-7.905694150420948,-6.082762530298219,-6.041522986797286,-4.949747468305833,-13.856406460551018,-22.01136070305514,3.1622776601683795,3.1622776601683795,3.5355339059327378,0.0,3.6742346141747673,3.5355339059327378,-5.522680508593631,-2.449489742783178,-19.912307751739878,-5.066228051190222,-2.886751345948129,-0.816496580927726,-5.446711546122731,-4.396968652757639,-4.0,8.306623862918075,-7.280109889280518,-16.32993161855452,2.581988897471611,2.516611478423583,2.6457513110645907,0.0,2.449489742783178,-6.928203230275509,-3.872983346207417,-2.309401076758503,-14.106735979665885
321,16,17.0,15.0,24.0,15.0,14.0,19.0,13.0,13.0,14.0,56.0,58.0,69.0,51.0,56.0,63.0,46.0,54.0,57.0,93.0,100.0,100.0,75.0,97.0,87.0,56.0,93.0,73.0,1028.0,1024.0,1022.0,1025.0,1021.0,1019.0,1023.0,1019.0,1016.0,16.0,16.0,16.0,16.0,10.0,13.0,8.0,3.0,3.0,16.0,21.0,27.0,6.0,10.0,8.0,1.0,38.0,14.0,19.5,15.5,11.0,52.5,46.0,40.0,86.5,64.0,41.0,1027.0,1023.5,1020.5,16.0,16.0,12.0,13.5,4.5,0.5,3.8078865529319543,1.0,-2.8284271247461903,-5.1478150704935,-7.905694150420948,-10.198039027185569,-10.44030650891055,-22.0,-33.68233958619858,2.449489742783178,1.8708286933869707,-2.1213203435596424,0.0,4.242640687119285,6.670832032063167,-5.0,-3.5355339059327378,-26.1725046566048,-4.163331998932265,-2.7688746209726918,-2.3804761428476167,-7.615773105863909,-7.615773105863909,-8.504900548115382,-8.524474568362947,-17.009801096230763,-24.95996794869737,2.309401076758503,1.9148542155126762,0.0,0.0,3.0,5.446711546122731,-5.354126134736337,-2.6457513110645907,-16.268579122549905
322,17,22.0,17.0,15.0,16.0,15.0,14.0,9.0,13.0,13.0,49.0,56.0,58.0,41.0,51.0,56.0,34.0,46.0,54.0,80.0,93.0,100.0,53.0,75.0,97.0,26.0,56.0,93.0,1026.0,1028.0,1024.0,1022.0,1025.0,1021.0,1018.0,1023.0,1019.0,16.0,16.0,16.0,16.0,16.0,10.0,16.0,8.0,3.0,11.0,16.0,21.0,3.0,6.0,10.0,0.0,1.0,38.0,23.0,16.5,9.0,50.5,44.0,37.5,86.5,60.0,33.5,1024.0,1020.5,1017.5,16.0,16.0,16.0,17.5,4.5,0.0,3.8078865529319543,1.0,-2.8284271247461903,-4.47213595499958,-5.656854249492381,-6.892024376045111,0.0,-12.0,-18.371173070873837,-3.1622776601683795,-3.0,-3.605551275463989,0.0,0.0,5.656854249492381,8.48528137423857,0.0,-0.7071067811865476,3.3166247903554,1.0,-2.309401076758503,-3.8297084310253524,-5.446711546122731,-7.280109889280518,-4.041451884327381,-16.041612554021285,-26.102362600602525,-1.1547005383792515,-0.816496580927726,-1.8257418583505538,0.0,3.4641016151377544,5.446711546122731,6.298147875897061,-2.309401076758503,-21.36976056643281
323,16,24.0,22.0,17.0,17.0,16.0,15.0,9.0,9.0,13.0,52.0,49.0,56.0,47.0,41.0,51.0,41.0,34.0,46.0,93.0,80.0,93.0,67.0,53.0,75.0,41.0,26.0,56.0,1022.0,1026.0,1028.0,1019.0,1022.0,1025.0,1017.0,1018.0,1023.0,16.0,16.0,16.0,16.0,16.0,16.0,16.0,16.0,8.0,24.0,11.0,16.0,6.0,3.0,6.0,0.0,0.0,1.0,23.5,16.5,8.5,48.5,45.0,40.5,89.5,63.0,36.0,1022.0,1018.5,1015.0,16.0,16.0,16.0,18.5,5.5,0.0,1.224744871391589,0.0,-0.7071067811865476,-4.47213595499958,3.1622776601683795,4.898979485566356,7.745966692414834,8.12403840463596,7.905694150420948,-2.8284271247461903,-2.23606797749979,-2.9154759474226504,0.0,0.0,0.0,4.898979485566356,2.0,0.0,3.0550504633038935,0.5773502691896257,-2.3804761428476167,-5.446711546122731,-5.163977794943222,-5.656854249492381,-4.041451884327381,-10.83205120618128,-16.072751268321593,-2.581988897471611,-2.516611478423583,-3.7416573867739413,0.0,0.0,4.618802153517006,2.7688746209726918,-0.5773502691896257,-0.5773502691896257
324,17,23.0,24.0,22.0,16.0,17.0,16.0,8.0,9.0,9.0,45.0,52.0,49.0,43.0,47.0,41.0,40.0,41.0,34.0,86.0,93.0,80.0,59.0,67.0,53.0,31.0,41.0,26.0,1022.0,1022.0,1026.0,1018.0,1019.0,1022.0,1013.0,1017.0,1018.0,16.0,16.0,16.0,16.0,16.0,16.0,16.0,16.0,16.0,13.0,24.0,11.0,5.0,6.0,3.0,0.0,0.0,0.0,23.5,16.5,8.5,53.0,48.0,41.5,89.5,64.5,38.5,1017.5,1014.0,1010.0,16.0,16.0,16.0,20.0,7.5,0.0,0.0,0.0,0.0,10.173494974687902,6.48074069840786,2.0,0.0,5.338539126015656,7.905694150420948,-6.363961030678928,-5.70087712549569,-5.0990195135927845,0.0,0.0,0.0,6.123724356957945,3.4641016151377544,0.0,1.1547005383792515,0.5773502691896257,0.0,8.48528137423857,6.324555320336759,4.358898943540674,7.505553499465135,9.183318209303941,10.801234497346433,-5.686240703077327,-4.96655480858378,-4.203173404306164,0.0,0.0,0.0,9.018499505645789,3.3166247903554,0.0
325,12,24.0,23.0,24.0,17.0,16.0,17.0,9.0,8.0,9.0,61.0,45.0,52.0,53.0,43.0,47.0,43.0,40.0,41.0,93.0,86.0,93.0,70.0,59.0,67.0,46.0,31.0,41.0,1013.0,1022.0,1022.0,1010.0,1018.0,1019.0,1007.0,1013.0,1017.0,16.0,16.0,16.0,16.0,16.0,16.0,16.0,16.0,16.0,27.0,13.0,24.0,10.0,5.0,6.0,0.0,0.0,0.0,21.0,14.5,7.5,61.5,47.0,36.0,93.0,68.5,43.0,1018.5,1013.5,1007.5,16.0,16.0,15.0,27.0,10.5,0.0,-4.183300132670378,-3.4641016151377544,-2.0,11.335784048754634,-4.69041575982343,-9.669539802906858,4.949747468305833,7.483314773547883,9.72111104761179,4.47213595499958,-2.7386127875258306,-4.183300132670378,0.0,0.0,-1.4142135623730951,9.899494936611665,3.605551275463989,0.0,-3.4641016151377544,-2.886751345948129,-1.7320508075688772,8.32666399786453,-4.47213595499958,-7.916228058025278,0.0,4.0,5.446711546122731,3.6514837167011076,-2.309401076758503,-4.123105625617661,0.0,0.0,-1.1547005383792515,5.0,2.886751345948129,0.0
326,7,18.0,24.0,23.0,12.0,17.0,16.0,6.0,9.0,8.0,62.0,61.0,45.0,41.0,53.0,43.0,29.0,43.0,40.0,93.0,93.0,86.0,67.0,70.0,59.0,40.0,46.0,31.0,1024.0,1013.0,1022.0,1017.0,1010.0,1018.0,1008.0,1007.0,1013.0,16.0,16.0,16.0,16.0,16.0,16.0,14.0,16.0,16.0,27.0,27.0,13.0,11.0,10.0,5.0,0.0,0.0,0.0,14.5,9.5,4.0,45.5,32.0,22.5,78.5,58.5,38.0,1027.5,1022.0,1016.0,16.0,16.0,15.0,26.5,12.5,0.0,-6.519202405202649,-5.0,-3.5355339059327378,-23.323807579381203,-15.297058540778355,-13.509256086106296,-20.506096654409877,-12.206555615733702,-5.0990195135927845,9.219544457292887,8.631338250816034,11.335784048754634,0.0,0.0,0.0,-0.7071067811865476,2.23606797749979,0.0,-5.291502622129181,-4.041451884327381,-2.8284271247461903,-16.65332799572906,-11.075498483890767,-10.893423092245461,-16.24807680927192,-7.681145747868608,7.593857166596345,5.446711546122731,5.32290647422377,8.582928793055823,0.0,0.0,0.0,8.06225774829855,3.415650255319866,0.0
327,2,11.0,18.0,24.0,7.0,12.0,17.0,2.0,6.0,9.0,29.0,62.0,61.0,23.0,41.0,53.0,16.0,29.0,43.0,64.0,93.0,93.0,50.0,67.0,70.0,36.0,40.0,46.0,1031.0,1024.0,1013.0,1027.0,1017.0,1010.0,1024.0,1008.0,1007.0,16.0,16.0,16.0,16.0,16.0,16.0,16.0,14.0,16.0,26.0,27.0,27.0,14.0,11.0,10.0,0.0,0.0,0.0,8.0,4.5,0.5,23.0,18.0,12.5,61.0,46.5,31.5,1033.5,1030.5,1027.5,16.0,16.0,16.0,26.5,13.5,0.0,-6.519202405202649,-5.0,-3.5355339059327378,-24.829418035870273,-14.560219778561036,-10.44030650891055,-20.940391591371924,-13.0,-6.96419413859206,6.082762530298219,8.631338250816034,12.349089035228468,0.0,0.0,1.4142135623730951,0.0,2.0,0.0,-6.3508529610858835,-5.0,-3.366501646120693,-20.264912204760886,-13.759844960366863,-11.74734012447073,-17.09775813764288,-10.754843869934453,-6.658328118479393,8.06225774829855,8.12403840463596,10.099504938362077,0.0,0.0,0.0,0.0,1.7320508075688772,0.0
328,3,5.0,11.0,18.0,2.0,7.0,12.0,-1.0,2.0,6.0,17.0,29.0,62.0,13.0,23.0,41.0,9.0,16.0,29.0,58.0,64.0,93.0,43.0,50.0,67.0,27.0,36.0,40.0,1036.0,1031.0,1024.0,1034.0,1027.0,1017.0,1031.0,1024.0,1008.0,16.0,16.0,16.0,16.0,16.0,16.0,16.0,16.0,14.0,27.0,26.0,27.0,13.0,14.0,11.0,0.0,0.0,0.0,6.0,2.5,-1.0,20.0,15.0,10.5,58.0,43.5,28.5,1034.5,1031.5,1028.5,16.0,16.0,16.0,20.0,9.0,0.0,-4.0,-3.4641016151377544,-2.1213203435596424,-7.3484692283495345,-6.48074069840786,-4.47213595499958,-4.242640687119285,-4.898979485566356,-6.0,2.8284271247461903,3.4641016151377544,3.4641016151377544,0.0,0.0,0.0,-9.874208829065749,-5.70087712549569,0.0,-5.196152422706632,-4.041451884327381,-2.886751345948129,-19.974984355438178,-11.661903789690601,-8.34665601703261,-17.09775813764288,-10.598742063723098,-5.41602560309064,4.654746681256314,6.429100507328637,9.66091783079296,0.0,0.0,1.1547005383792515,-8.082903768654761,-4.320493798938574,0.0
329,7,7.0,5.0,11.0,3.0,2.0,7.0,-1.0,-1.0,2.0,23.0,17.0,29.0,17.0,13.0,23.0,12.0,9.0,16.0,58.0,58.0,64.0,44.0,43.0,50.0,30.0,27.0,36.0,1033.0,1036.0,1031.0,1029.0,1034.0,1027.0,1026.0,1031.0,1024.0,16.0,16.0,16.0,16.0,16.0,16.0,16.0,16.0,16.0,13.0,27.0,26.0,5.0,13.0,14.0,0.0,0.0,0.0,8.0,5.0,1.5,35.0,28.0,17.5,79.0,58.0,36.5,1029.0,1025.0,1021.5,16.0,12.0,9.0,14.5,5.5,0.5,2.0,2.9154759474226504,3.5355339059327378,17.4928556845359,15.811388300841896,8.06225774829855,29.698484809834994,19.81161275615895,9.433981132056603,-6.041522986797286,-6.670832032063167,-7.280109889280518,0.0,-5.656854249492381,-9.899494936611665,-9.669539802906858,-5.612486080160912,0.7071067811865476,-3.0550504633038935,-1.632993161855452,2.309401076758503,12.489995996796797,11.547005383792516,5.196152422706632,24.0,15.663120165960974,5.686240703077327,-4.0,-3.6514837167011076,-4.358898943540674,0.0,-4.618802153517006,-8.082903768654761,-7.874007874011811,-4.618802153517006,0.5773502691896257
330,6,9.0,7.0,5.0,7.0,3.0,2.0,4.0,-1.0,-1.0,47.0,23.0,17.0,39.0,17.0,13.0,23.0,12.0,9.0,100.0,58.0,58.0,72.0,44.0,43.0,43.0,30.0,27.0,1025.0,1033.0,1036.0,1021.0,1029.0,1034.0,1017.0,1026.0,1031.0,16.0,16.0,16.0,8.0,16.0,16.0,2.0,16.0,16.0,16.0,13.0,27.0,6.0,5.0,13.0,1.0,0.0,0.0,9.5,6.5,2.5,48.0,42.0,25.5,100.0,81.5,62.5,1024.5,1018.5,1015.0,16.0,7.0,1.0,21.5,8.0,0.5,1.5811388300841898,2.7386127875258306,2.8284271247461903,17.029386365926403,16.1245154965971,8.54400374531753,29.698484809834994,23.926972228010797,29.068883707497267,-5.70087712549569,-6.670832032063167,-6.96419413859206,0.0,-5.830951894845301,-10.0,8.06225774829855,2.9154759474226504,0.0,1.7320508075688772,2.309401076758503,2.309401076758503,14.329456840136451,13.366625103842281,7.187952884282608,24.24871130596428,19.544820285692065,23.79775899813538,-4.96655480858378,-6.164414002968976,-6.377042156569663,0.0,-4.760952285695233,-8.16496580927726,-4.69041575982343,-3.958114029012639,0.0
331,6,10.0,9.0,7.0,6.0,7.0,3.0,1.0,4.0,-1.0,49.0,47.0,23.0,45.0,39.0,17.0,28.0,23.0,12.0,100.0,100.0,58.0,91.0,72.0,44.0,82.0,43.0,30.0,1024.0,1025.0,1033.0,1016.0,1021.0,1029.0,1013.0,1017.0,1026.0,16.0,16.0,16.0,6.0,8.0,16.0,0.0,2.0,16.0,27.0,16.0,13.0,10.0,6.0,5.0,0.0,1.0,0.0,11.0,6.0,0.0,38.0,33.0,21.0,91.0,71.5,52.0,1028.5,1022.5,1018.5,16.0,11.0,8.0,26.5,10.0,0.0,1.5811388300841898,-0.7071067811865476,-2.5495097567963922,-15.491933384829668,-16.431676725154983,-9.246621004453464,-12.727922061357855,-24.08318915758459,-32.24127789030702,6.324555320336759,8.48528137423857,7.245688373094719,0.0,6.928203230275509,11.224972160321824,7.745966692414834,2.8284271247461903,-0.7071067811865476,1.7320508075688772,2.23606797749979,2.0,5.656854249492381,-4.320493798938574,-4.08248290463863,21.908902300206645,-11.195237082497776,-25.232254490367417,2.309401076758503,5.163977794943222,2.8284271247461903,0.0,3.265986323710904,4.320493798938574,6.557438524302,2.3804761428476167,0.0
332,6,12.0,10.0,9.0,6.0,6.0,7.0,-1.0,1.0,4.0,27.0,49.0,47.0,21.0,45.0,39.0,14.0,28.0,23.0,82.0,100.0,100.0,52.0,91.0,72.0,22.0,82.0,43.0,1033.0,1024.0,1025.0,1029.0,1016.0,1021.0,1024.0,1013.0,1017.0,16.0,16.0,16.0,16.0,6.0,8.0,16.0,0.0,2.0,26.0,27.0,16.0,10.0,10.0,6.0,0.0,0.0,1.0,12.5,6.0,-1.0,27.0,22.0,16.5,80.0,51.5,23.0,1034.0,1030.5,1027.0,16.0,16.0,10.5,21.0,6.5,0.0,1.5811388300841898,0.0,-1.4142135623730951,-15.556349186104045,-16.911534525287763,-9.246621004453464,-13.038404810405298,-27.586228448267445,-42.40283009422838,6.519202405202649,9.433981132056603,8.860022573334675,0.0,7.0710678118654755,8.215838362577491,-7.106335201775948,-4.949747468305833,0.0,1.4142135623730951,-0.5773502691896257,-2.0816659994661326,-12.649110640673518,-13.366625103842281,-6.97614984548545,-10.64581294844754,-19.672315572906,-26.299556396765833,5.291502622129181,7.14142842854285,6.855654600401044,0.0,5.656854249492381,6.60807586719967,2.581988897471611,-3.3166247903554,-0.5773502691896257
333,11,13.0,12.0,10.0,6.0,6.0,6.0,-1.0,-1.0,1.0,27.0,27.0,49.0,23.0,21.0,45.0,19.0,14.0,28.0,78.0,82.0,100.0,51.0,52.0,91.0,24.0,22.0,82.0,1035.0,1033.0,1024.0,1032.0,1029.0,1016.0,1030.0,1024.0,1013.0,16.0,16.0,16.0,16.0,16.0,6.0,5.0,16.0,0.0,16.0,26.0,27.0,3.0,10.0,10.0,0.0,0.0,0.0,17.0,8.5,0.0,36.0,30.5,21.0,82.0,57.5,33.0,1032.0,1028.5,1026.0,16.0,16.0,10.5,18.5,4.0,0.0,5.70087712549569,3.5355339059327378,1.4142135623730951,12.727922061357855,10.700467279516348,4.527692569068709,4.898979485566356,9.16515138991168,12.806248474865697,-4.0,-4.47213595499958,-3.7416573867739413,0.0,0.0,0.0,-6.123724356957945,-4.743416490252569,0.0,4.795831523312719,2.886751345948129,0.0,-7.302967433402215,-10.754843869934453,-7.187952884282608,-9.591663046625438,-21.236760581595302,-33.0252428706689,4.041451884327381,6.557438524302,5.5677643628300215,0.0,5.773502691896258,9.237604307034012,-5.033222956847166,-3.872983346207417,0.0
334,14,21.0,13.0,12.0,11.0,6.0,6.0,1.0,-1.0,-1.0,45.0,27.0,27.0,38.0,23.0,21.0,23.0,19.0,14.0,86.0,78.0,82.0,64.0,51.0,52.0,42.0,24.0,22.0,1029.0,1035.0,1033.0,1025.0,1032.0,1029.0,1022.0,1030.0,1024.0,16.0,16.0,16.0,16.0,16.0,16.0,16.0,5.0,16.0,21.0,16.0,26.0,5.0,3.0,10.0,0.0,0.0,0.0,21.0,12.5,4.0,54.0,47.5,33.0,93.0,74.5,56.0,1025.5,1022.0,1019.5,16.0,14.5,8.0,20.0,5.0,0.0,5.656854249492381,4.123105625617661,4.47213595499958,18.0,17.11724276862369,14.422205101855956,11.40175425099138,17.46424919657298,23.53720459187964,-6.519202405202649,-6.519202405202649,-6.670832032063167,0.0,-2.1213203435596424,-8.215838362577491,3.24037034920393,1.4142135623730951,0.0,4.654746681256314,3.366501646120693,3.6514837167011076,14.696938456699069,14.023789311975086,12.12435565298214,9.018499505645789,14.247806848775006,19.252705437591537,-5.196152422706632,-5.033222956847166,-4.203173404306164,0.0,-1.7320508075688772,-9.237604307034012,-5.131601439446884,-3.872983346207417,0.0
335,20,21.0,21.0,13.0,14.0,11.0,6.0,7.0,1.0,-1.0,63.0,45.0,27.0,57.0,38.0,23.0,43.0,23.0,19.0,100.0,86.0,78.0,85.0,64.0,51.0,70.0,42.0,24.0,1022.0,1029.0,1035.0,1019.0,1025.0,1032.0,1017.0,1022.0,1030.0,16.0,16.0,16.0,13.0,16.0,16.0,0.0,16.0,5.0,19.0,21.0,16.0,5.0,5.0,3.0,0.0,0.0,0.0,22.0,17.0,12.0,66.0,61.0,52.5,100.0,87.5,74.5,1021.0,1018.5,1016.5,16.0,11.5,0.0,20.0,6.5,4.0,1.4142135623730951,4.743416490252569,8.246211251235321,13.416407864998739,14.577379737113251,19.50640920313116,9.899494936611665,15.264337522473747,20.796634343085422,-5.1478150704935,-4.301162633521313,-3.605551275463989,0.0,-3.0,-11.313708498984761,0.0,2.1213203435596424,5.656854249492381,4.760952285695233,4.83045891539648,6.831300510639732,15.0996688705415,14.719601443879744,16.09347693943108,9.309493362512628,14.548768561863463,19.908122295518815,-5.446711546122731,-5.354126134736337,-5.477225575051661,0.0,-2.449489742783178,-6.708203932499369,2.886751345948129,2.0816659994661326,4.618802153517006
336,17,23.0,21.0,21.0,20.0,14.0,11.0,17.0,7.0,1.0,69.0,63.0,45.0,65.0,57.0,38.0,62.0,43.0,23.0,100.0,100.0,86.0,90.0,85.0,64.0,79.0,70.0,42.0,1020.0,1022.0,1029.0,1018.0,1019.0,1025.0,1016.0,1017.0,1022.0,16.0,16.0,16.0,10.0,13.0,16.0,0.0,0.0,16.0,21.0,19.0,21.0,8.0,5.0,5.0,8.0,0.0,0.0,21.0,18.5,15.5,66.5,63.5,59.0,100.0,93.5,86.0,1019.0,1014.5,1011.0,16.0,10.0,0.0,26.5,9.5,46.5,-2.449489742783178,3.6742346141747673,6.745368781616021,2.345207879911715,5.244044240850758,12.747548783981962,0.0,6.082762530298219,11.76860229593982,-2.0,-5.0,-7.106335201775948,0.0,-2.1213203435596424,0.0,7.905694150420948,3.0,54.740295943664755,-2.0,3.4641016151377544,6.506407098647712,10.567244989431572,11.775681155103795,15.545631755148024,8.082903768654761,13.102162671355696,18.806027402582043,-4.358898943540674,-5.354126134736337,-6.48074069840786,0.0,-2.449489742783178,-9.237604307034012,6.3508529610858835,2.449489742783178,44.695264476974145
337,19,19.0,23.0,21.0,17.0,20.0,14.0,14.0,17.0,7.0,64.0,69.0,63.0,62.0,65.0,57.0,56.0,62.0,43.0,100.0,100.0,100.0,97.0,90.0,85.0,93.0,79.0,70.0,1018.0,1020.0,1022.0,1011.0,1018.0,1019.0,1006.0,1016.0,1017.0,16.0,16.0,16.0,10.0,10.0,13.0,0.0,0.0,0.0,32.0,21.0,19.0,11.0,8.0,5.0,85.0,8.0,0.0,23.0,18.0,13.0,60.5,55.0,47.5,100.0,79.5,58.0,1014.0,1007.5,1002.5,16.0,13.0,8.0,29.0,9.5,42.5,4.898979485566356,-1.5811388300841898,-2.5495097567963922,-6.082762530298219,-10.124228365658293,-12.747548783981962,0.0,-24.24871130596428,-48.49742261192856,-5.830951894845301,-7.0,-8.631338250816034,0.0,4.242640687119285,11.313708498984761,6.519202405202649,0.0,-25.45584412271571,4.163331998932265,3.2145502536643185,5.385164807134504,-3.559026084010437,-6.855654600401044,3.4641016151377544,0.0,-19.587410923005283,-39.25557285278104,-4.898979485566356,-5.744562646538029,-7.0710678118654755,0.0,3.0,9.237604307034012,5.446711546122731,1.7320508075688772,-20.264912204760886
338,12,27.0,19.0,23.0,19.0,17.0,20.0,12.0,14.0,17.0,57.0,64.0,69.0,48.0,62.0,65.0,39.0,56.0,62.0,100.0,100.0,100.0,62.0,97.0,90.0,23.0,93.0,79.0,1010.0,1018.0,1020.0,1004.0,1011.0,1018.0,999.0,1006.0,1016.0,16.0,16.0,16.0,16.0,10.0,10.0,16.0,0.0,0.0,26.0,32.0,21.0,8.0,11.0,8.0,0.0,85.0,8.0,23.0,15.5,8.0,48.0,40.0,29.0,88.0,54.5,20.5,1016.5,1011.0,1005.5,16.0,16.0,16.0,25.0,8.0,0.0,0.0,-4.743416490252569,-5.830951894845301,-13.656500283747663,-15.033296378372908,-18.560711193270585,-16.97056274847714,-26.92582403567252,-49.62358310319802,7.245688373094719,8.573214099741124,7.745966692414834,0.0,4.242640687119285,11.313708498984761,-4.47213595499958,-2.1213203435596424,-60.10407640085654,-2.309401076758503,-4.242640687119285,-5.066228051190222,-11.51810169544733,-12.396235987858034,-15.545631755148024,-13.856406460551018,-21.61018278497431,-39.70306453327417,5.802298395176403,5.715476066494082,2.581988897471611,0.0,3.4641016151377544,9.237604307034012,5.196152422706632,0.0,-20.784609690826528
339,12,19.0,27.0,19.0,12.0,19.0,17.0,4.0,12.0,14.0,39.0,57.0,64.0,32.0,48.0,62.0,19.0,39.0,56.0,76.0,100.0,100.0,47.0,62.0,97.0,18.0,23.0,93.0,1023.0,1010.0,1018.0,1018.0,1004.0,1011.0,1012.0,999.0,1006.0,16.0,16.0,16.0,16.0,16.0,10.0,16.0,16.0,0.0,24.0,26.0,32.0,8.0,8.0,11.0,0.0,0.0,85.0,19.0,12.0,3.5,38.5,32.5,22.0,80.5,50.0,19.0,1025.5,1021.5,1017.5,16.0,16.0,16.0,19.0,6.5,0.0,-5.656854249492381,-4.949747468305833,-5.70087712549569,-12.747548783981962,-11.291589790636214,-13.490737563232042,-15.732132722552274,-9.72111104761179,-3.24037034920393,9.848857801796104,11.067971810589327,12.041594578792296,0.0,0.0,0.0,-7.211102550927978,-2.1213203435596424,0.0,0.0,-3.872983346207417,-4.795831523312719,-11.16542281629615,-12.26104943849968,-14.753530650887152,-12.84523257866513,-21.710212650578374,-40.5010287935175,6.582805886043833,8.082903768654761,8.962886439832502,0.0,3.4641016151377544,9.237604307034012,-6.831300510639732,-2.449489742783178,-49.07477288111819
340,16,19.0,19.0,27.0,12.0,12.0,19.0,3.0,4.0,12.0,38.0,39.0,57.0,33.0,32.0,48.0,25.0,19.0,39.0,85.0,76.0,100.0,53.0,47.0,62.0,20.0,18.0,23.0,1028.0,1023.0,1010.0,1025.0,1018.0,1004.0,1023.0,1012.0,999.0,16.0,16.0,16.0,16.0,16.0,16.0,16.0,16.0,16.0,14.0,24.0,26.0,5.0,8.0,8.0,0.0,0.0,0.0,22.0,14.0,4.5,37.5,33.0,26.0,73.5,46.5,19.0,1028.0,1024.0,1022.0,16.0,16.0,16.0,15.0,5.0,0.0,4.242640687119285,2.8284271247461903,2.0,-1.0,0.7071067811865476,4.47213595499958,-14.966629547095765,-8.154753215150045,0.0,3.5355339059327378,4.743416490252569,7.648529270389178,0.0,0.0,0.0,-6.928203230275509,-2.1213203435596424,0.0,-3.0550504633038935,-3.3166247903554,-4.320493798938574,-10.424330514074594,-9.219544457292887,-10.954451150103322,-18.475208614068023,-10.923979738782625,-2.886751345948129,8.04155872120988,8.962886439832502,9.763879010584539,0.0,0.0,0.0,-5.773502691896258,-1.7320508075688772,0.0
341,12,25.0,19.0,19.0,16.0,12.0,12.0,6.0,3.0,4.0,37.0,38.0,39.0,33.0,33.0,32.0,27.0,25.0,19.0,62.0,85.0,76.0,40.0,53.0,47.0,18.0,20.0,18.0,1028.0,1028.0,1023.0,1023.0,1025.0,1018.0,1021.0,1023.0,1012.0,16.0,16.0,16.0,16.0,16.0,16.0,16.0,16.0,16.0,16.0,14.0,24.0,5.0,5.0,8.0,0.0,0.0,0.0,21.5,14.0,6.0,37.0,33.0,27.0,69.0,46.0,22.5,1031.5,1027.0,1024.5,16.0,16.0,16.0,16.0,5.5,0.0,-2.5495097567963922,0.0,2.1213203435596424,-0.7071067811865476,0.0,1.4142135623730951,-12.90348790056394,-3.5355339059327378,6.2048368229954285,4.949747468305833,5.477225575051661,4.743416490252569,0.0,0.0,0.0,1.4142135623730951,0.7071067811865476,0.0,-2.0816659994661326,0.0,1.632993161855452,-0.816496580927726,0.5773502691896257,3.6514837167011076,-9.16515138991168,1.9148542155126762,5.196152422706632,4.96655480858378,6.027713773341708,7.438637868140466,0.0,0.0,0.0,-5.656854249492381,-1.632993161855452,0.0
342,14,18.0,25.0,19.0,12.0,16.0,12.0,6.0,6.0,3.0,37.0,37.0,38.0,33.0,33.0,33.0,27.0,27.0,25.0,76.0,62.0,85.0,52.0,40.0,53.0,27.0,18.0,20.0,1035.0,1028.0,1028.0,1031.0,1023.0,1025.0,1028.0,1021.0,1023.0,16.0,16.0,16.0,16.0,16.0,16.0,16.0,16.0,16.0,16.0,16.0,14.0,6.0,5.0,5.0,0.0,0.0,0.0,20.0,13.0,6.0,45.5,39.0,31.0,79.0,57.0,34.0,1032.0,1027.5,1023.5,16.0,16.0,16.0,19.5,6.0,0.0,-4.06201920231798,-2.449489742783178,0.0,12.020815280171307,8.48528137423857,5.656854249492381,10.770329614269007,11.045361017187261,11.76860229593982,2.5495097567963922,2.7386127875258306,-4.0,0.0,0.0,0.0,4.949747468305833,0.7071067811865476,0.0,1.0,1.1547005383792515,1.7320508075688772,9.797958971132712,6.928203230275509,4.760952285695233,-9.9498743710662,5.0,9.539392014169456,2.0816659994661326,1.9148542155126762,-3.4641016151377544,0.0,0.0,0.0,4.203173404306164,0.5773502691896257,0.0
343,18,22.0,18.0,25.0,14.0,12.0,16.0,6.0,6.0,6.0,54.0,37.0,37.0,45.0,33.0,33.0,35.0,27.0,27.0,82.0,76.0,62.0,62.0,52.0,40.0,41.0,27.0,18.0,1029.0,1035.0,1028.0,1024.0,1031.0,1023.0,1019.0,1028.0,1021.0,16.0,16.0,16.0,16.0,16.0,16.0,16.0,16.0,16.0,23.0,16.0,16.0,6.0,6.0,5.0,0.0,0.0,0.0,22.5,16.0,9.5,57.5,51.0,43.5,87.5,68.5,49.0,1023.5,1020.5,1016.5,16.0,16.0,16.0,24.5,8.5,0.0,2.9154759474226504,3.1622776601683795,4.949747468305833,13.0,12.0,13.285330255586423,8.860022573334675,11.597413504743201,15.033296378372908,-8.860022573334675,-7.0,-7.280109889280518,0.0,0.0,0.0,5.385164807134504,3.5355339059327378,0.0,-3.265986323710904,1.1547005383792515,4.041451884327381,10.614455552060438,9.797958971132712,10.847426730181986,10.847426730181986,11.73314393786536,13.32916601542147,-6.0,-3.366501646120693,-4.358898943540674,0.0,0.0,0.0,4.396968652757639,2.943920288775949,0.0
344,22,23.0,22.0,18.0,18.0,14.0,12.0,13.0,6.0,6.0,61.0,54.0,37.0,57.0,45.0,33.0,52.0,35.0,27.0,93.0,82.0,76.0,75.0,62.0,52.0,57.0,41.0,27.0,1018.0,1029.0,1035.0,1017.0,1024.0,1031.0,1014.0,1019.0,1028.0,16.0,16.0,16.0,16.0,16.0,16.0,16.0,16.0,16.0,26.0,23.0,16.0,11.0,6.0,6.0,0.0,0.0,0.0,24.5,20.0,15.5,62.0,59.5,55.5,90.0,73.0,55.5,1019.0,1017.0,1014.5,16.0,16.0,16.0,25.0,11.0,0.0,2.23606797749979,4.0,6.082762530298219,5.1478150704935,9.192388155425117,13.0,6.519202405202649,8.74642784226795,11.113055385446435,-7.648529270389178,-4.949747468305833,-3.4641016151377544,0.0,0.0,0.0,1.5811388300841898,3.5355339059327378,0.0,2.943920288775949,3.4641016151377544,4.96655480858378,10.677078252031311,10.214368964029708,11.575836902790225,6.3508529610858835,9.183318209303941,12.151817422372122,-7.14142842854285,-5.715476066494082,-5.916079783099616,0.0,0.0,0.0,4.242640687119285,2.886751345948129,0.0
345,12,26.0,23.0,22.0,22.0,18.0,14.0,18.0,13.0,6.0,63.0,61.0,54.0,62.0,57.0,45.0,59.0,52.0,35.0,87.0,93.0,82.0,71.0,75.0,62.0,54.0,57.0,41.0,1020.0,1018.0,1029.0,1017.0,1017.0,1024.0,1015.0,1014.0,1019.0,16.0,16.0,16.0,16.0,16.0,16.0,16.0,16.0,16.0,24.0,26.0,23.0,11.0,11.0,6.0,0.0,0.0,0.0,22.5,17.0,11.5,63.0,52.0,40.5,90.0,70.0,49.5,1026.0,1021.5,1017.5,16.0,16.0,14.5,25.5,10.5,0.0,-4.47213595499958,-6.48074069840786,-8.48528137423857,1.4142135623730951,-13.693063937629153,-25.69046515733026,0.0,-3.1622776601683795,-6.708203932499369,8.602325267042627,6.363961030678928,3.605551275463989,0.0,0.0,-2.1213203435596424,1.5811388300841898,-0.7071067811865476,0.0,-3.605551275463989,-4.760952285695233,-5.627314338711377,4.203173404306164,-8.774964387392123,-18.538248748645778,6.3508529610858835,7.047458170621991,7.438637868140466,3.0,3.265986323710904,0.5773502691896257,0.0,0.0,-1.7320508075688772,2.160246899469287,2.8284271247461903,0.0
346,7,19.0,26.0,23.0,12.0,22.0,18.0,5.0,18.0,13.0,63.0,63.0,61.0,42.0,62.0,57.0,22.0,59.0,52.0,93.0,87.0,93.0,69.0,71.0,75.0,45.0,54.0,57.0,1032.0,1020.0,1018.0,1026.0,1017.0,1017.0,1020.0,1015.0,1014.0,16.0,16.0,16.0,16.0,16.0,16.0,13.0,16.0,16.0,27.0,24.0,26.0,10.0,11.0,11.0,0.0,0.0,0.0,14.5,9.5,4.5,53.0,37.0,23.0,86.5,66.0,45.0,1031.5,1026.5,1021.5,16.0,16.0,14.5,21.5,8.0,0.0,-8.06225774829855,-7.905694150420948,-9.219544457292887,-14.142135623730951,-15.811388300841896,-26.124700955226263,-8.154753215150045,-4.47213595499958,-6.363961030678928,8.455767262643882,6.4031242374328485,4.123105625617661,0.0,0.0,0.0,-7.483314773547883,-2.9154759474226504,0.0,-6.3508529610858835,-6.027713773341708,-6.95221787153807,-11.489125293076057,-12.583057392117917,-20.944370763206678,-7.505553499465135,-4.320493798938574,-5.477225575051661,7.0,5.228129047119374,3.415650255319866,0.0,0.0,0.0,-6.2182527020592095,-2.3804761428476167,0.0
347,12,10.0,19.0,26.0,7.0,12.0,22.0,4.0,5.0,18.0,43.0,63.0,63.0,32.0,42.0,62.0,24.0,22.0,59.0,80.0,93.0,87.0,63.0,69.0,71.0,45.0,45.0,54.0,1031.0,1032.0,1020.0,1027.0,1026.0,1017.0,1023.0,1020.0,1015.0,16.0,16.0,16.0,16.0,16.0,16.0,16.0,13.0,16.0,16.0,27.0,24.0,6.0,10.0,11.0,0.0,0.0,0.0,12.5,9.5,6.5,49.0,41.0,33.5,90.0,75.5,60.0,1027.5,1024.5,1022.0,16.0,13.5,9.5,13.5,4.0,0.0,-5.291502622129181,0.0,3.4641016151377544,-11.313708498984761,10.583005244258363,13.509256086106296,10.747092630102339,17.161002301730512,21.213203435596427,-5.0,-3.4641016151377544,1.5811388300841898,0.0,-3.5355339059327378,-8.94427190999916,-8.54400374531753,-4.0,0.0,-5.916079783099616,-5.773502691896258,-6.95221787153807,-9.237604307034012,-7.659416862050705,-18.29389697868299,9.433981132056603,13.96424004376894,16.522711641858304,5.597618541248888,4.358898943540674,3.1622776601683795,0.0,-2.886751345948129,-7.505553499465135,-6.757711644237764,-3.3166247903554,0.0
348,17,15.0,10.0,19.0,12.0,7.0,12.0,9.0,4.0,5.0,55.0,43.0,63.0,50.0,32.0,42.0,43.0,24.0,22.0,100.0,80.0,93.0,88.0,63.0,69.0,75.0,45.0,45.0,1024.0,1031.0,1032.0,1022.0,1027.0,1026.0,1021.0,1023.0,1020.0,16.0,16.0,16.0,11.0,16.0,16.0,3.0,16.0,13.0,11.0,16.0,27.0,2.0,6.0,10.0,0.0,0.0,0.0,17.0,14.5,11.5,60.0,55.5,49.0,100.0,91.0,81.0,1023.5,1021.0,1019.0,16.0,8.0,2.5,15.0,3.5,1.0,4.527692569068709,5.0,5.0,11.045361017187261,14.916433890176299,15.890248582070704,14.142135623730951,18.179658962697843,22.847319317591726,-5.0,-3.8078865529319543,-3.1622776601683795,0.0,-5.522680508593631,-9.219544457292887,4.415880433163924,-1.8708286933869707,1.4142135623730951,-3.6514837167011076,2.886751345948129,4.041451884327381,-7.211102550927978,10.723805294763608,13.025615788386615,8.774964387392123,14.433756729740644,18.65475810617763,-4.123105625617661,-3.0550504633038935,-1.9148542155126762,0.0,-4.509249752822894,-7.32575365861197,-5.228129047119374,-2.7688746209726918,1.1547005383792515
349,21,19.0,15.0,10.0,17.0,12.0,7.0,14.0,9.0,4.0,65.0,55.0,43.0,61.0,50.0,32.0,55.0,43.0,24.0,100.0,100.0,80.0,94.0,88.0,63.0,87.0,75.0,45.0,1023.0,1024.0,1031.0,1020.0,1022.0,1027.0,1017.0,1021.0,1023.0,16.0,16.0,16.0,5.0,11.0,16.0,2.0,3.0,16.0,19.0,11.0,16.0,5.0,2.0,6.0,2.0,0.0,0.0,21.5,19.0,15.5,65.5,62.5,57.0,100.0,88.0,75.5,1022.5,1019.5,1017.0,16.0,9.0,2.5,19.0,6.5,1.0,4.527692569068709,4.527692569068709,4.123105625617661,7.106335201775948,8.06225774829855,8.94427190999916,0.0,-7.3484692283495345,-13.874436925511608,-1.0,-1.5811388300841898,-2.8284271247461903,0.0,3.7416573867739413,0.0,5.656854249492381,3.0,0.0,4.69041575982343,4.69041575982343,4.43471156521669,9.03696114115064,12.30176139149729,13.178264933847197,11.547005383792516,13.12757911167681,13.102162671355696,-4.123105625617661,-3.1622776601683795,-2.581988897471611,0.0,1.0,-7.505553499465135,3.605551275463989,0.816496580927726,0.0
350,17,24.0,19.0,15.0,21.0,17.0,12.0,17.0,14.0,9.0,66.0,65.0,55.0,64.0,61.0,50.0,59.0,55.0,43.0,100.0,100.0,100.0,82.0,94.0,88.0,64.0,87.0,75.0,1022.0,1023.0,1024.0,1019.0,1020.0,1022.0,1017.0,1017.0,1021.0,16.0,16.0,16.0,13.0,5.0,11.0,3.0,2.0,3.0,19.0,19.0,11.0,8.0,5.0,2.0,0.0,2.0,0.0,22.5,19.0,15.0,62.0,57.5,53.5,95.0,77.0,58.5,1025.5,1023.0,1019.5,16.0,14.5,8.5,20.0,9.0,0.0,2.8284271247461903,0.0,-1.8708286933869707,-5.612486080160912,-8.94427190999916,-7.245688373094719,-7.0710678118654755,-11.045361017187261,-18.027756377319946,4.898979485566356,5.612486080160912,3.5355339059327378,0.0,6.041522986797286,7.810249675906654,1.4142135623730951,2.5495097567963922,-1.4142135623730951,3.265986323710904,2.886751345948129,2.449489742783178,3.5118845842842465,-3.605551275463989,3.605551275463989,-5.773502691896258,-8.32666399786453,-12.987173159185437,3.958114029012639,4.43471156521669,1.7320508075688772,0.0,3.5118845842842465,6.3508529610858835,4.760952285695233,2.70801280154532,0.0
351,12,21.0,24.0,19.0,17.0,21.0,17.0,13.0,17.0,14.0,58.0,66.0,65.0,51.0,64.0,61.0,48.0,59.0,55.0,90.0,100.0,100.0,72.0,82.0,94.0,53.0,64.0,87.0,1029.0,1022.0,1023.0,1027.0,1019.0,1020.0,1022.0,1017.0,1017.0,16.0,16.0,16.0,16.0,13.0,5.0,14.0,3.0,2.0,21.0,19.0,19.0,10.0,8.0,5.0,0.0,0.0,2.0,17.0,14.5,12.0,54.0,49.5,47.0,89.5,77.5,65.0,1029.0,1027.0,1023.5,16.0,16.0,14.0,17.5,8.0,0.0,-6.041522986797286,-4.527692569068709,-3.1622776601683795,-8.0,-9.433981132056603,-7.905694150420948,-7.106335201775948,3.24037034920393,15.083103128998356,4.949747468305833,5.656854249492381,4.123105625617661,0.0,2.1213203435596424,7.7781745930520225,-4.743416490252569,-2.449489742783178,0.0,-4.0,-2.886751345948129,-1.9148542155126762,-6.506407098647712,-7.505553499465135,-6.027713773341708,-5.802298395176403,-6.4031242374328485,-4.96655480858378,4.0,4.58257569495584,3.366501646120693,0.0,4.932882862316247,6.377042156569663,-3.872983346207417,-1.0,-1.1547005383792515
352,14,13.0,21.0,24.0,12.0,17.0,21.0,11.0,13.0,17.0,50.0,58.0,66.0,48.0,51.0,64.0,46.0,48.0,59.0,89.0,90.0,100.0,83.0,72.0,82.0,77.0,53.0,64.0,1029.0,1029.0,1022.0,1027.0,1027.0,1019.0,1025.0,1022.0,1017.0,16.0,16.0,16.0,16.0,16.0,13.0,14.0,14.0,3.0,14.0,21.0,19.0,6.0,10.0,8.0,0.0,0.0,0.0,16.0,13.0,10.0,49.5,47.0,45.5,87.5,76.0,64.5,1029.0,1027.0,1025.0,16.0,16.0,13.5,14.0,5.5,0.0,-3.7416573867739413,-3.24037034920393,-2.0,-5.70087712549569,-2.5495097567963922,-1.5811388300841898,-2.23606797749979,-6.123724356957945,-4.949747468305833,0.0,0.0,2.1213203435596424,0.0,0.0,-0.7071067811865476,-4.949747468305833,-2.9154759474226504,0.0,-3.5118845842842465,-3.5118845842842465,-2.8284271247461903,-6.557438524302,-7.788880963698615,-6.48074069840786,-6.0553007081949835,-7.637626158259733,-7.52772652709081,4.041451884327381,4.618802153517006,3.366501646120693,0.0,1.7320508075688772,6.324555320336759,-3.872983346207417,-2.0816659994661326,0.0
353,13,19.0,13.0,21.0,14.0,12.0,17.0,9.0,11.0,13.0,49.0,50.0,58.0,46.0,48.0,51.0,45.0,46.0,48.0,86.0,89.0,90.0,69.0,83.0,72.0,52.0,77.0,53.0,1029.0,1029.0,1029.0,1027.0,1027.0,1027.0,1025.0,1025.0,1022.0,16.0,16.0,16.0,16.0,16.0,16.0,13.0,14.0,14.0,14.0,14.0,21.0,5.0,6.0,10.0,0.0,0.0,0.0,20.0,13.5,7.5,49.0,45.5,43.5,93.0,69.5,45.5,1029.0,1026.5,1024.5,16.0,14.5,8.0,13.5,3.5,0.0,4.47213595499958,1.224744871391589,-2.5495097567963922,-0.7071067811865476,-1.5811388300841898,-2.23606797749979,9.669539802906858,-9.874208829065749,-19.924858845171276,0.0,-0.7071067811865476,-0.7071067811865476,0.0,-2.1213203435596424,-7.106335201775948,-0.7071067811865476,-2.23606797749979,0.0,-2.8284271247461903,-2.70801280154532,-2.3804761428476167,-4.654746681256314,-2.160246899469287,-2.160246899469287,7.874007874011811,-4.96655480858378,-8.524474568362947,0.0,-0.5773502691896257,1.632993161855452,0.0,-1.7320508075688772,-5.802298395176403,-4.08248290463863,-2.943920288775949,0.0
354,14,21.0,19.0,13.0,13.0,14.0,12.0,6.0,9.0,11.0,49.0,49.0,50.0,45.0,46.0,48.0,42.0,45.0,46.0,100.0,86.0,89.0,70.0,69.0,83.0,39.0,52.0,77.0,1029.0,1029.0,1029.0,1026.0,1027.0,1027.0,1024.0,1025.0,1025.0,16.0,16.0,16.0,13.0,16.0,16.0,3.0,13.0,14.0,13.0,14.0,14.0,2.0,5.0,6.0,0.0,0.0,0.0,20.0,13.5,7.0,53.0,47.5,43.5,96.5,72.5,47.5,1027.0,1024.5,1022.5,16.0,13.5,6.5,13.0,2.0,0.5,0.0,0.0,-1.5811388300841898,5.656854249492381,3.4641016151377544,0.0,8.573214099741124,3.605551275463989,7.745966692414834,-2.8284271247461903,-2.23606797749979,-2.23606797749979,0.0,-2.0,-5.049752469181039,-0.7071067811865476,-2.1213203435596424,0.7071067811865476,3.4641016151377544,1.1547005383792515,-1.7320508075688772,4.58257569495584,2.581988897471611,-0.5773502691896257,6.782329983125268,-7.52772652709081,-12.974333637352377,-2.309401076758503,-1.8257418583505538,-1.8257418583505538,0.0,-1.632993161855452,-4.163331998932265,-0.5773502691896257,-1.8257418583505538,0.5773502691896257
355,17,19.0,21.0,19.0,14.0,13.0,14.0,8.0,6.0,9.0,57.0,49.0,49.0,50.0,45.0,46.0,45.0,42.0,45.0,93.0,100.0,86.0,75.0,70.0,69.0,56.0,39.0,52.0,1025.0,1029.0,1029.0,1023.0,1026.0,1027.0,1021.0,1024.0,1025.0,16.0,16.0,16.0,14.0,13.0,16.0,10.0,3.0,13.0,13.0,13.0,14.0,2.0,2.0,5.0,1.0,0.0,0.0,19.0,15.5,11.0,58.0,53.5,50.0,95.0,80.0,64.5,1024.5,1022.5,1021.0,16.0,12.5,6.5,13.5,5.0,1.0,-1.4142135623730951,2.23606797749979,4.47213595499958,5.830951894845301,6.082762530298219,7.3824115301167,-4.06201920231798,7.905694150420948,17.0,-2.9154759474226504,-2.23606797749979,-2.1213203435596424,0.0,-2.0,0.0,0.7071067811865476,4.242640687119285,0.7071067811865476,0.0,1.7320508075688772,3.2145502536643185,4.760952285695233,4.932882862316247,5.773502691896258,7.371114795831994,6.48074069840786,11.67618659209133,-2.3804761428476167,-1.9148542155126762,-1.8257418583505538,0.0,-2.3804761428476167,-5.773502691896258,0.0,3.0,0.5773502691896257
356,18,19.0,19.0,21.0,17.0,14.0,13.0,14.0,8.0,6.0,59.0,57.0,49.0,57.0,50.0,45.0,55.0,45.0,42.0,97.0,93.0,100.0,85.0,75.0,70.0,73.0,56.0,39.0,1024.0,1025.0,1029.0,1022.0,1023.0,1026.0,1021.0,1021.0,1024.0,16.0,16.0,16.0,11.0,14.0,13.0,3.0,10.0,3.0,14.0,13.0,13.0,8.0,2.0,2.0,1.0,1.0,0.0,20.5,17.5,14.5,58.5,57.0,55.5,93.5,81.5,69.5,1025.0,1023.0,1021.5,16.0,13.5,8.5,16.5,8.0,1.0,2.1213203435596424,2.23606797749979,4.301162633521313,1.224744871391589,4.949747468305833,7.106335201775948,-4.06201920231798,5.049752469181039,10.954451150103322,1.224744871391589,1.224744871391589,0.7071067811865476,0.0,2.8284271247461903,6.0,3.605551275463989,4.242640687119285,0.0,1.2909944487358056,1.9148542155126762,3.696845502136472,4.725815626252608,4.96655480858378,6.0553007081949835,-5.228129047119374,5.033222956847166,13.279056191361393,-2.0816659994661326,-1.4142135623730951,-1.632993161855452,0.0,2.3804761428476167,6.3508529610858835,2.943920288775949,3.4641016151377544,0.5773502691896257
357,18,22.0,19.0,19.0,18.0,17.0,14.0,15.0,14.0,8.0,58.0,59.0,57.0,57.0,57.0,50.0,56.0,55.0,45.0,90.0,97.0,93.0,78.0,85.0,75.0,66.0,73.0,56.0,1026.0,1024.0,1025.0,1024.0,1022.0,1023.0,1022.0,1021.0,1021.0,16.0,16.0,16.0,16.0,11.0,14.0,14.0,3.0,10.0,19.0,14.0,13.0,8.0,8.0,2.0,1.0,1.0,1.0,22.5,18.0,14.0,58.5,57.0,55.0,95.0,78.5,61.5,1025.0,1022.5,1020.0,16.0,15.0,11.0,21.0,8.0,0.5,2.23606797749979,0.7071067811865476,-1.224744871391589,0.0,0.0,-1.224744871391589,5.049752469181039,-4.898979485566356,-8.06225774829855,0.0,-1.5811388300841898,-2.7386127875258306,0.0,3.24037034920393,6.519202405202649,4.527692569068709,0.0,-0.7071067811865476,1.8257418583505538,1.8257418583505538,3.3166247903554,1.1547005383792515,4.041451884327381,5.686240703077327,4.725815626252608,4.163331998932265,7.280109889280518,-0.5773502691896257,-1.4142135623730951,-2.23606797749979,0.0,2.0,3.4641016151377544,3.7416573867739413,3.4641016151377544,-0.5773502691896257
358,20,23.0,22.0,19.0,18.0,18.0,17.0,13.0,15.0,14.0,59.0,58.0,59.0,57.0,57.0,57.0,54.0,56.0,55.0,100.0,90.0,97.0,79.0,78.0,85.0,57.0,66.0,73.0,1024.0,1026.0,1024.0,1021.0,1024.0,1022.0,1018.0,1022.0,1021.0,16.0,16.0,16.0,14.0,16.0,11.0,8.0,14.0,3.0,23.0,19.0,14.0,8.0,8.0,8.0,0.0,1.0,1.0,23.0,19.0,14.5,61.5,59.5,56.5,100.0,80.5,60.5,1021.0,1017.5,1014.0,16.0,14.0,8.0,23.0,9.0,1.0,0.7071067811865476,1.4142135623730951,1.5811388300841898,3.605551275463989,3.5355339059327378,3.24037034920393,7.0710678118654755,2.23606797749979,-4.0,-4.47213595499958,-5.385164807134504,-6.324555320336759,0.0,-1.4142135623730951,-4.242640687119285,2.8284271247461903,1.4142135623730951,1.224744871391589,1.8257418583505538,1.2909944487358056,1.4142135623730951,2.886751345948129,2.886751345948129,2.70801280154532,4.123105625617661,-3.605551275463989,-5.196152422706632,-3.4641016151377544,-4.242640687119285,-5.131601439446884,0.0,2.6457513110645907,5.32290647422377,3.696845502136472,1.1547005383792515,1.0
359,17,23.0,23.0,22.0,20.0,18.0,18.0,16.0,13.0,15.0,64.0,59.0,58.0,62.0,57.0,57.0,59.0,54.0,56.0,100.0,100.0,90.0,82.0,79.0,78.0,64.0,57.0,66.0,1018.0,1024.0,1026.0,1014.0,1021.0,1024.0,1010.0,1018.0,1022.0,16.0,16.0,16.0,14.0,14.0,16.0,8.0,8.0,14.0,23.0,23.0,19.0,10.0,8.0,8.0,2.0,0.0,1.0,23.0,18.5,13.5,64.0,56.5,45.5,96.5,70.0,43.5,1020.5,1015.0,1011.0,16.0,15.0,9.5,21.0,9.0,1.0,0.0,-1.5811388300841898,-2.8284271247461903,3.5355339059327378,-6.928203230275509,-18.76166303929372,-4.949747468305833,-16.837458240482736,-28.5657137141714,-2.345207879911715,-4.743416490252569,-5.477225575051661,0.0,1.4142135623730951,2.1213203435596424,-2.8284271247461903,0.0,0.0,0.5773502691896257,-1.2909944487358056,-2.581988897471611,2.943920288775949,-5.656854249492381,-15.362291495737216,4.123105625617661,-13.73559851869101,-23.895606290697042,-2.23606797749979,-4.242640687119285,-5.033222956847166,0.0,0.0,-3.0,0.0,0.0,-0.5773502691896257
360,13,23.0,23.0,23.0,17.0,20.0,18.0,11.0,16.0,13.0,64.0,64.0,59.0,51.0,62.0,57.0,32.0,59.0,54.0,93.0,100.0,100.0,58.0,82.0,79.0,23.0,64.0,57.0,1023.0,1018.0,1024.0,1016.0,1014.0,1021.0,1012.0,1010.0,1018.0,16.0,16.0,16.0,16.0,14.0,14.0,11.0,8.0,8.0,19.0,23.0,23.0,8.0,10.0,8.0,0.0,2.0,0.0,20.0,15.0,9.5,50.0,42.5,32.0,76.5,52.5,28.5,1025.5,1020.5,1017.0,16.0,16.0,13.5,21.0,8.0,0.0,-4.242640687119285,-3.5355339059327378,-4.123105625617661,-19.79898987322333,-14.317821063276353,-19.091883092036785,-23.853720883753127,-18.66815470259447,-27.92848008753788,5.0,6.519202405202649,7.211102550927978,0.0,1.4142135623730951,4.123105625617661,0.0,-1.4142135623730951,-1.4142135623730951,-3.4641016151377544,-2.6457513110645907,-2.886751345948129,-15.905973720586866,-11.32843031197762,-15.31883372410141,-19.476481543988722,-15.14375558880073,-22.442519169350547,2.160246899469287,3.4641016151377544,3.6514837167011076,0.0,1.1547005383792515,3.366501646120693,0.0,0.0,0.0
361,11,17.0,23.0,23.0,13.0,17.0,20.0,8.0,11.0,16.0,36.0,64.0,64.0,34.0,51.0,62.0,32.0,32.0,59.0,60.0,93.0,100.0,47.0,58.0,82.0,34.0,23.0,64.0,1028.0,1023.0,1018.0,1025.0,1016.0,1014.0,1022.0,1012.0,1010.0,16.0,16.0,16.0,16.0,16.0,14.0,16.0,11.0,8.0,23.0,19.0,23.0,8.0,8.0,10.0,0.0,0.0,2.0,14.5,12.0,8.5,43.5,39.0,33.5,78.0,61.0,44.0,1026.5,1023.0,1020.0,16.0,14.5,9.5,23.5,7.0,1.5,-5.522680508593631,-3.1622776601683795,-2.0,-16.718253497300488,-9.72111104761179,2.1213203435596424,10.173494974687902,18.207141456033124,16.140012391568973,2.8284271247461903,5.70087712549569,6.48074069840786,0.0,-2.1213203435596424,-8.48528137423857,2.9154759474226504,-1.4142135623730951,2.1213203435596424,-4.509249752822894,-3.1091263510296048,-3.3166247903554,-13.650396819628847,-10.16530045465127,-15.491933384829668,7.2571803523590805,5.385164807134504,-19.6638416050035,3.696845502136472,4.795831523312719,5.41602560309064,0.0,-1.2909944487358056,-6.708203932499369,0.5773502691896257,-1.632993161855452,1.2909944487358056
362,13,12.0,17.0,23.0,11.0,13.0,17.0,9.0,8.0,11.0,51.0,36.0,64.0,44.0,34.0,51.0,35.0,32.0,32.0,96.0,60.0,93.0,75.0,47.0,58.0,54.0,34.0,23.0,1025.0,1028.0,1023.0,1021.0,1025.0,1016.0,1018.0,1022.0,1012.0,16.0,16.0,16.0,13.0,16.0,16.0,3.0,16.0,11.0,24.0,23.0,19.0,6.0,8.0,8.0,3.0,0.0,0.0,14.0,12.0,9.0,53.5,47.5,41.5,98.0,83.5,69.0,1023.0,1020.0,1018.0,16.0,9.5,2.5,21.5,5.5,3.0,-2.1213203435596424,0.0,0.7071067811865476,11.180339887498949,8.631338250816034,9.433981132056603,25.612496949731394,23.16246964380094,25.495097567963924,-3.5355339059327378,-3.1622776601683795,-2.8284271247461903,0.0,-5.385164807134504,-9.219544457292887,-3.4641016151377544,-1.5811388300841898,2.1213203435596424,-3.872983346207417,-2.309401076758503,-1.632993161855452,-13.341664064126334,-6.831300510639732,7.702813338860896,8.621678104251709,17.813852287849848,21.763884457207237,0.0,4.509249752822894,5.291502622129181,0.0,-4.396968652757639,-6.95221787153807,-1.632993161855452,-1.2909944487358056,1.7320508075688772
363,12,16.0,12.0,17.0,13.0,11.0,13.0,9.0,9.0,8.0,56.0,51.0,36.0,51.0,44.0,34.0,48.0,35.0,32.0,100.0,96.0,60.0,92.0,75.0,47.0,84.0,54.0,34.0,1021.0,1025.0,1028.0,1019.0,1021.0,1025.0,1018.0,1018.0,1022.0,16.0,16.0,16.0,6.0,13.0,16.0,2.0,3.0,16.0,19.0,24.0,23.0,5.0,6.0,8.0,3.0,3.0,0.0,15.0,12.5,9.0,53.0,49.5,46.0,100.0,90.5,80.5,1022.0,1019.5,1018.0,16.0,8.5,2.0,20.0,8.0,9.0,2.449489742783178,1.224744871391589,0.0,-2.345207879911715,4.47213595499958,8.74642784226795,2.8284271247461903,11.832159566199232,20.627651344736268,-2.449489742783178,-1.224744871391589,0.0,0.0,-3.4641016151377544,-0.7071067811865476,-3.24037034920393,4.183300132670378,8.48528137423857,-2.0816659994661326,-0.5773502691896257,0.5773502691896257,8.445906306213285,6.831300510639732,7.3484692283495345,20.912516188477497,18.83259585576738,20.42057785666214,-2.6457513110645907,-2.516611478423583,-2.309401076758503,0.0,-3.3166247903554,-7.52772652709081,-2.581988897471611,3.2145502536643185,7.14142842854285
364,11,14.0,16.0,12.0,12.0,13.0,11.0,9.0,9.0,9.0,50.0,56.0,51.0,48.0,51.0,44.0,44.0,48.0,35.0,100.0,100.0,96.0,89.0,92.0,75.0,77.0,84.0,54.0,1023.0,1021.0,1025.0,1020.0,1019.0,1021.0,1018.0,1018.0,1018.0,16.0,16.0,16.0,11.0,6.0,13.0,2.0,2.0,3.0,21.0,19.0,24.0,11.0,5.0,6.0,15.0,3.0,3.0,13.0,11.5,9.0,48.5,46.5,44.0,93.0,85.5,74.5,1024.0,1021.5,1019.5,16.0,12.5,5.0,17.0,8.0,7.5,-2.0,-1.0,0.0,-4.743416490252569,-3.0,-2.8284271247461903,-9.899494936611665,-5.385164807134504,-6.082762530298219,2.0,2.23606797749979,2.1213203435596424,0.0,4.123105625617661,4.242640687119285,-5.477225575051661,0.0,-6.363961030678928,1.632993161855452,0.816496580927726,0.0,-2.581988897471611,3.2145502536643185,7.14142842854285,-7.745966692414834,8.774964387392123,16.593171286204857,-1.632993161855452,1.4142135623730951,1.7320508075688772,0.0,-2.23606797749979,3.415650255319866,-5.32290647422377,-0.5773502691896257,-5.196152422706632
365,12,12.0,14.0,16.0,11.0,12.0,13.0,9.0,9.0,9.0,47.0,50.0,56.0,45.0,48.0,51.0,44.0,44.0,48.0,86.0,100.0,100.0,82.0,89.0,92.0,72.0,77.0,84.0,1025.0,1023.0,1021.0,1023.0,1020.0,1019.0,1021.0,1018.0,1018.0,16.0,16.0,16.0,14.0,11.0,6.0,8.0,2.0,2.0,13.0,21.0,19.0,5.0,11.0,5.0,0.0,15.0,3.0,12.5,11.5,9.5,49.5,47.0,45.0,89.5,82.5,72.0,1023.5,1020.0,1016.0,16.0,14.0,8.0,14.5,6.5,0.0,-1.224744871391589,0.0,0.7071067811865476,2.8284271247461903,1.8708286933869707,1.4142135623730951,-8.573214099741124,-4.898979485566356,-3.5355339059327378,-1.5811388300841898,-3.6742346141747673,-6.745368781616021,0.0,2.1213203435596424,4.242640687119285,-5.244044240850758,-3.6742346141747673,-10.606601717798213,-1.5275252316519468,-0.5773502691896257,0.5773502691896257,-2.581988897471611,-0.816496580927726,-2.0,-7.0,-4.358898943540674,-4.96655480858378,-0.5773502691896257,-2.943920288775949,-5.507570547286102,0.0,3.366501646120693,3.4641016151377544,-4.123105625617661,1.7320508075688772,-5.196152422706632
366,19,13.0,12.0,14.0,12.0,11.0,12.0,10.0,9.0,9.0,52.0,47.0,50.0,49.0,45.0,48.0,46.0,44.0,44.0,93.0,86.0,100.0,83.0,82.0,89.0,72.0,72.0,77.0,1022.0,1025.0,1023.0,1017.0,1023.0,1020.0,1011.0,1021.0,1018.0,16.0,16.0,16.0,14.0,14.0,11.0,8.0,8.0,2.0,16.0,13.0,21.0,8.0,5.0,11.0,0.0,0.0,15.0,19.0,15.5,11.5,54.0,50.5,44.5,93.0,73.0,52.5,1016.0,1011.5,1006.5,16.0,15.0,10.5,17.5,8.0,0.0,8.514693182963201,5.0,2.23606797749979,4.527692569068709,3.5355339059327378,-1.5811388300841898,4.949747468305833,-14.124446891825535,-27.577164466275352,-8.74642784226795,-8.860022573334675,-9.513148795220223,0.0,1.4142135623730951,3.5355339059327378,3.0,2.1213203435596424,0.0,6.855654600401044,4.041451884327381,1.8257418583505538,3.265986323710904,2.309401076758503,-1.2909944487358056,-7.0,-12.220201853215574,-22.700954458641895,-7.047458170621991,-7.023769168568493,-7.571877794400365,0.0,2.0816659994661326,4.509249752822894,-3.9157800414902435,-3.0,-8.660254037844387
367,11,25.0,13.0,12.0,19.0,12.0,11.0,13.0,10.0,9.0,56.0,52.0,47.0,52.0,49.0,45.0,43.0,46.0,44.0,93.0,93.0,86.0,63.0,83.0,82.0,33.0,72.0,72.0,1010.0,1022.0,1025.0,1006.0,1017.0,1023.0,1002.0,1011.0,1021.0,16.0,16.0,16.0,16.0,14.0,14.0,13.0,8.0,8.0,19.0,16.0,13.0,8.0,8.0,5.0,0.0,0.0,0.0,20.0,15.0,9.5,50.0,46.0,38.5,85.0,64.5,44.0,1013.5,1007.5,1002.5,16.0,16.0,14.5,24.0,10.5,0.0,4.69041575982343,-2.7386127875258306,-4.47213595499958,-8.0,-8.215838362577491,-6.708203932499369,-11.313708498984761,-13.982131454109563,-22.7705950734714,-6.892024376045111,-7.483314773547883,-6.324555320336759,0.0,1.4142135623730951,4.123105625617661,7.3824115301167,3.5355339059327378,0.0,3.872983346207417,-2.160246899469287,-3.605551275463989,-5.8594652770823155,-6.298147875897061,-5.354126134736337,-8.306623862918075,-11.40175425099138,-18.59211302317912,-5.887840577551898,-7.023769168568493,-7.745966692414834,0.0,1.1547005383792515,3.366501646120693,6.27162924074226,3.366501646120693,0.0
368,8,15.0,25.0,13.0,11.0,19.0,12.0,6.0,13.0,10.0,44.0,56.0,52.0,40.0,52.0,49.0,34.0,43.0,46.0,77.0,93.0,93.0,66.0,63.0,83.0,55.0,33.0,72.0,1017.0,1010.0,1022.0,1009.0,1006.0,1017.0,1003.0,1002.0,1011.0,16.0,16.0,16.0,16.0,16.0,14.0,16.0,13.0,8.0,29.0,19.0,16.0,13.0,8.0,8.0,0.0,0.0,0.0,14.5,9.5,4.0,39.5,36.0,32.0,81.0,64.0,46.5,1019.0,1014.5,1010.0,16.0,16.0,16.0,27.5,11.5,0.0,-7.106335201775948,-6.041522986797286,-5.70087712549569,-10.606601717798213,-10.198039027185569,-6.96419413859206,-9.797958971132712,-1.8708286933869707,9.874208829065749,5.70087712549569,8.06225774829855,9.924716620639604,0.0,0.0,2.1213203435596424,6.745368781616021,2.8284271247461903,0.0,3.7859388972001824,-2.8284271247461903,-4.320493798938574,-8.34665601703261,-8.144527815247077,-5.94418483337567,-8.0,-11.647603473104098,-21.02379604162864,-5.131601439446884,1.7320508075688772,6.2182527020592095,0.0,1.1547005383792515,3.366501646120693,5.773502691896258,2.309401076758503,0.0
369,9,14.0,15.0,25.0,8.0,11.0,19.0,2.0,6.0,13.0,35.0,44.0,56.0,32.0,40.0,52.0,30.0,34.0,43.0,85.0,77.0,93.0,62.0,66.0,63.0,38.0,55.0,33.0,1021.0,1017.0,1010.0,1020.0,1009.0,1006.0,1017.0,1003.0,1002.0,16.0,16.0,16.0,16.0,16.0,16.0,16.0,16.0,13.0,26.0,29.0,19.0,10.0,13.0,8.0,0.0,0.0,0.0,16.0,8.5,1.5,41.0,32.5,29.0,90.5,61.5,32.0,1020.5,1019.0,1016.0,16.0,16.0,16.0,26.0,10.0,0.0,2.7386127875258306,-2.0,-2.9154759474226504,5.612486080160912,-5.612486080160912,-3.1622776601683795,9.617692030835672,-2.9154759474226504,-14.713938969562161,2.7386127875258306,7.648529270389178,9.797958971132712,0.0,0.0,0.0,-2.1213203435596424,-2.1213203435596424,0.0,-5.32290647422377,-4.898979485566356,-4.69041575982343,-5.196152422706632,-8.306623862918075,-5.802298395176403,-4.864839839775475,-1.632993161855452,4.123105625617661,4.618802153517006,6.48074069840786,8.020806277010642,0.0,0.0,1.7320508075688772,5.507570547286102,2.309401076758503,0.0
370,18,18.0,14.0,15.0,9.0,8.0,11.0,1.0,2.0,6.0,47.0,35.0,44.0,33.0,32.0,40.0,28.0,30.0,34.0,96.0,85.0,77.0,61.0,62.0,66.0,26.0,38.0,55.0,1020.0,1021.0,1017.0,1018.0,1020.0,1009.0,1015.0,1017.0,1003.0,16.0,16.0,16.0,16.0,16.0,16.0,16.0,16.0,16.0,26.0,26.0,29.0,10.0,10.0,13.0,0.0,0.0,0.0,20.5,13.5,6.5,55.0,45.0,38.0,98.0,72.0,46.0,1017.5,1016.0,1013.0,16.0,15.0,10.5,22.5,9.0,0.0,4.527692569068709,6.4031242374328485,7.745966692414834,14.142135623730951,16.98528775146303,14.071247279470288,8.276472678623424,15.540270267920054,26.981475126464083,-3.605551275463989,-3.1622776601683795,-3.1622776601683795,0.0,-1.4142135623730951,-7.7781745930520225,-4.949747468305833,-1.4142135623730951,0.0,3.6514837167011076,4.932882862316247,5.887840577551898,10.311805532172013,13.076696830622021,11.254628677422755,8.18535277187245,12.476644848141934,19.72308292331602,-1.8257418583505538,5.802298395176403,7.659416862050705,0.0,-1.1547005383792515,-6.3508529610858835,-4.396968652757639,-2.0816659994661326,0.0
371,12,23.0,18.0,14.0,18.0,9.0,8.0,12.0,1.0,2.0,63.0,47.0,35.0,57.0,33.0,32.0,48.0,28.0,30.0,100.0,96.0,85.0,83.0,61.0,62.0,66.0,26.0,38.0,1015.0,1020.0,1021.0,1014.0,1018.0,1020.0,1011.0,1015.0,1017.0,16.0,16.0,16.0,14.0,16.0,16.0,5.0,16.0,16.0,19.0,26.0,26.0,8.0,10.0,10.0,0.0,0.0,0.0,21.0,15.0,8.5,63.0,53.0,40.0,96.5,81.0,65.5,1020.5,1016.5,1012.0,16.0,13.5,6.5,22.5,10.5,0.5,2.1213203435596424,4.743416490252569,6.0,11.313708498984761,16.0,8.48528137423857,-4.06201920231798,15.297058540778355,28.275431031197385,6.928203230275509,2.1213203435596424,-2.449489742783178,0.0,-1.5811388300841898,-7.483314773547883,0.0,3.24037034920393,0.7071067811865476,2.886751345948129,3.9157800414902435,4.864839839775475,11.547005383792516,13.076696830622021,6.831300510639732,5.41602560309064,12.476644848141934,22.02271554554524,5.627314338711377,1.2909944487358056,-2.309401076758503,0.0,-1.2909944487358056,-6.110100926607787,0.0,2.6457513110645907,0.5773502691896257
372,4,19.0,23.0,18.0,12.0,18.0,9.0,5.0,12.0,1.0,63.0,63.0,47.0,49.0,57.0,33.0,32.0,48.0,28.0,93.0,100.0,96.0,79.0,83.0,61.0,65.0,66.0,26.0,1026.0,1015.0,1020.0,1019.0,1014.0,1018.0,1013.0,1011.0,1015.0,16.0,16.0,16.0,13.0,14.0,16.0,8.0,5.0,16.0,26.0,19.0,26.0,13.0,8.0,10.0,1.0,0.0,0.0,13.5,8.0,2.5,48.5,39.5,29.0,92.5,75.0,57.0,1026.5,1021.5,1017.5,16.0,14.5,9.5,24.5,9.5,2.0,-8.276472678623424,-7.0710678118654755,-6.082762530298219,-20.506096654409877,-14.577379737113251,-12.083045973594572,-5.0,-6.324555320336759,-11.335784048754634,7.810249675906654,5.0,6.519202405202649,0.0,2.0,3.0,4.47213595499958,-3.4641016151377544,1.5811388300841898,-6.110100926607787,-2.516611478423583,3.958114029012639,-13.96424004376894,7.094598884597588,6.0,-3.366501646120693,11.604596790352806,21.158134763411134,5.686240703077327,3.366501646120693,4.795831523312719,0.0,1.1547005383792515,-5.8594652770823155,-1.7320508075688772,-3.0550504633038935,1.2909944487358056
373,9,8.0,19.0,23.0,4.0,12.0,18.0,0.0,5.0,12.0,34.0,63.0,63.0,30.0,49.0,57.0,26.0,32.0,48.0,92.0,93.0,100.0,71.0,79.0,83.0,49.0,65.0,66.0,1027.0,1026.0,1015.0,1024.0,1019.0,1014.0,1022.0,1013.0,1011.0,16.0,16.0,16.0,16.0,13.0,14.0,11.0,8.0,5.0,23.0,26.0,19.0,6.0,13.0,8.0,3.0,1.0,0.0,13.5,6.5,-0.5,38.0,33.0,27.5,92.0,69.5,46.0,1025.0,1022.5,1020.0,16.0,16.0,13.5,19.5,4.5,1.5,0.0,-4.415880433163924,-3.605551275463989,-19.710403344427025,-12.747548783981962,-3.6742346141747673,-0.7071067811865476,-6.041522986797286,-12.083045973594572,-2.7386127875258306,2.8284271247461903,5.70087712549569,0.0,2.1213203435596424,4.123105625617661,-5.385164807134504,-5.385164807134504,-1.5811388300841898,-2.309401076758503,-5.0,-5.0,-16.09347693943108,-11.387127235025815,-9.71253485622231,-4.08248290463863,-5.446711546122731,-9.882644720249063,5.94418483337567,3.696845502136472,4.795831523312719,0.0,1.632993161855452,3.7859388972001824,-1.7320508075688772,-3.3166247903554,-1.1547005383792515
374,6,19.0,8.0,19.0,9.0,4.0,12.0,-1.0,0.0,5.0,42.0,34.0,63.0,36.0,30.0,49.0,29.0,26.0,32.0,92.0,92.0,93.0,68.0,71.0,79.0,43.0,49.0,65.0,1023.0,1027.0,1026.0,1021.0,1024.0,1019.0,1018.0,1022.0,1013.0,16.0,16.0,16.0,16.0,16.0,13.0,16.0,11.0,8.0,16.0,23.0,26.0,3.0,6.0,13.0,0.0,3.0,1.0,13.5,7.5,1.5,42.5,38.0,30.5,96.0,77.5,58.0,1028.0,1024.5,1020.5,16.0,13.0,8.0,18.5,6.5,0.0,0.0,2.8284271247461903,3.4641016151377544,5.70087712549569,5.0990195135927845,3.0,5.656854249492381,13.2664991614216,20.784609690826528,6.48074069840786,4.47213595499958,2.1213203435596424,0.0,-4.242640687119285,-10.747092630102339,-3.4641016151377544,4.47213595499958,-2.1213203435596424,-6.3508529610858835,-4.0,-0.5773502691896257,-16.08311744241976,-10.14889156509222,-2.449489742783178,4.58257569495584,9.797958971132712,14.236104336041748,5.32290647422377,4.654746681256314,5.477225575051661,0.0,-3.0,-8.602325267042627,-3.3166247903554,-1.7320508075688772,-1.2909944487358056
375,4,8.0,19.0,8.0,6.0,9.0,4.0,4.0,-1.0,0.0,43.0,42.0,34.0,40.0,36.0,30.0,32.0,29.0,26.0,100.0,92.0,92.0,87.0,68.0,71.0,73.0,43.0,49.0,1033.0,1023.0,1027.0,1028.0,1021.0,1024.0,1023.0,1018.0,1022.0,16.0,16.0,16.0,10.0,16.0,16.0,0.0,16.0,11.0,21.0,16.0,23.0,10.0,3.0,6.0,0.0,0.0,3.0,7.0,5.0,3.0,37.0,34.5,29.5,88.0,78.5,68.5,1034.0,1030.0,1026.5,16.0,13.0,7.0,22.0,11.5,0.0,-7.905694150420948,-2.5495097567963922,3.24037034920393,-8.455767262643882,-7.245688373094719,-2.8284271247461903,-16.0,6.0,20.23610634484806,7.211102550927978,5.70087712549569,6.082762530298219,0.0,0.0,-5.477225575051661,3.8078865529319543,5.385164807134504,0.0,-1.1547005383792515,2.0,2.581988897471611,-5.131601439446884,-4.795831523312719,-1.5275252316519468,-13.063945294843617,4.58257569495584,16.15549442140351,5.41602560309064,4.320493798938574,4.396968652757639,0.0,0.0,-3.415650255319866,-2.581988897471611,4.041451884327381,-1.7320508075688772
376,3,6.0,8.0,19.0,4.0,6.0,9.0,2.0,4.0,-1.0,31.0,43.0,42.0,29.0,40.0,36.0,27.0,32.0,29.0,76.0,100.0,92.0,70.0,87.0,68.0,64.0,73.0,43.0,1035.0,1033.0,1023.0,1032.0,1028.0,1021.0,1030.0,1023.0,1018.0,16.0,16.0,16.0,16.0,10.0,16.0,14.0,0.0,16.0,23.0,21.0,16.0,13.0,10.0,3.0,0.0,0.0,0.0,5.0,3.5,1.5,35.0,32.0,28.0,88.0,76.0,64.0,1032.0,1028.0,1025.5,16.0,10.5,8.0,18.5,10.5,8.0,-2.0,-1.5811388300841898,-1.5811388300841898,-6.324555320336759,-6.519202405202649,-3.24037034920393,0.0,-8.514693182963201,-6.363961030678928,-4.0,-4.898979485566356,-4.0,0.0,-6.519202405202649,5.0990195135927845,-6.2048368229954285,-2.8284271247461903,11.313708498984761,-6.557438524302,-2.160246899469287,2.581988897471611,-5.131601439446884,-4.795831523312719,-2.0,4.618802153517006,8.48528137423857,16.522711641858304,4.760952285695233,0.5773502691896257,-1.5275252316519468,0.0,-6.3508529610858835,-8.246211251235321,-4.163331998932265,3.3166247903554,9.237604307034012
377,5,4.0,6.0,8.0,3.0,4.0,6.0,1.0,2.0,4.0,39.0,31.0,43.0,35.0,29.0,40.0,29.0,27.0,32.0,100.0,76.0,100.0,82.0,70.0,87.0,64.0,64.0,73.0,1029.0,1035.0,1033.0,1024.0,1032.0,1028.0,1021.0,1030.0,1023.0,16.0,16.0,16.0,5.0,16.0,10.0,2.0,14.0,0.0,14.0,23.0,21.0,8.0,13.0,10.0,16.0,0.0,0.0,5.0,4.0,2.0,40.0,37.0,33.0,100.0,88.5,76.5,1025.5,1021.5,1018.0,16.0,5.5,2.5,16.5,8.0,10.5,0.0,1.224744871391589,1.224744871391589,5.830951894845301,5.0990195135927845,5.830951894845301,16.97056274847714,12.509996003196804,17.67766952966369,-6.519202405202649,-6.670832032063167,-7.648529270389178,0.0,-7.745966692414834,-8.455767262643882,-5.291502622129181,-3.5355339059327378,8.215838362577491,-1.1547005383792515,-0.5773502691896257,-0.5773502691896257,-5.033222956847166,-4.795831523312719,3.7859388972001824,0.0,2.8284271247461903,13.466006584482772,-5.196152422706632,-4.932882862316247,-4.760952285695233,0.0,-5.291502622129181,4.203173404306164,-4.163331998932265,-2.309401076758503,6.708203932499369
378,11,6.0,4.0,6.0,5.0,3.0,4.0,3.0,1.0,2.0,41.0,39.0,31.0,39.0,35.0,29.0,37.0,29.0,27.0,100.0,100.0,76.0,95.0,82.0,70.0,89.0,64.0,64.0,1022.0,1029.0,1035.0,1019.0,1024.0,1032.0,1015.0,1021.0,1030.0,16.0,16.0,16.0,6.0,5.0,16.0,3.0,2.0,14.0,19.0,14.0,23.0,8.0,8.0,13.0,5.0,16.0,0.0,11.5,8.0,3.5,42.0,39.5,37.5,100.0,84.5,68.5,1021.0,1017.5,1014.0,16.0,9.5,3.0,21.0,6.5,12.0,7.905694150420948,4.47213595499958,1.5811388300841898,2.0,2.9154759474226504,5.70087712549569,0.0,-11.661903789690601,-22.978250586152114,-5.1478150704935,-4.123105625617661,-4.47213595499958,0.0,5.0,0.7071067811865476,4.527692569068709,-2.1213203435596424,6.123724356957945,6.3508529610858835,3.605551275463989,1.1547005383792515,4.898979485566356,4.203173404306164,4.795831523312719,13.856406460551018,-6.531972647421808,-18.76166303929372,-5.446711546122731,-5.715476066494082,-6.3508529610858835,0.0,-4.864839839775475,-6.904105059069326,-3.6514837167011076,-3.366501646120693,10.503967504392486
379,6,17.0,6.0,4.0,11.0,5.0,3.0,4.0,3.0,1.0,43.0,41.0,39.0,40.0,39.0,35.0,38.0,37.0,29.0,100.0,100.0,100.0,74.0,95.0,82.0,48.0,89.0,64.0,1020.0,1022.0,1029.0,1016.0,1019.0,1024.0,1013.0,1015.0,1021.0,16.0,16.0,16.0,13.0,6.0,5.0,3.0,3.0,2.0,23.0,19.0,14.0,5.0,8.0,8.0,19.0,5.0,16.0,14.0,8.5,3.0,42.0,35.0,30.0,100.0,71.5,43.0,1029.5,1024.0,1017.0,16.0,14.5,9.5,24.5,8.0,9.5,6.519202405202649,2.345207879911715,-1.224744871391589,0.0,-7.035623639735144,-11.291589790636214,0.0,-15.264337522473747,-29.841246622753548,13.360389215887388,11.113055385446435,5.477225575051661,0.0,5.385164807134504,9.192388155425117,3.5355339059327378,3.6742346141747673,-9.082951062292475,5.446711546122731,2.23606797749979,0.5773502691896257,1.1547005383792515,-5.259911279353167,-7.979139469057215,0.0,-9.9498743710662,-19.629909152447276,10.132456102380443,8.602325267042627,2.8284271247461903,0.0,4.43471156521669,7.52772652709081,4.08248290463863,3.0,-9.763879010584539
380,5,11.0,17.0,6.0,6.0,11.0,5.0,2.0,4.0,3.0,41.0,43.0,41.0,30.0,40.0,39.0,22.0,38.0,37.0,100.0,100.0,100.0,69.0,74.0,95.0,38.0,48.0,89.0,1039.0,1020.0,1022.0,1032.0,1016.0,1019.0,1021.0,1013.0,1015.0,16.0,16.0,16.0,16.0,13.0,6.0,16.0,3.0,3.0,26.0,23.0,19.0,11.0,5.0,8.0,0.0,19.0,5.0,11.0,5.5,0.0,34.5,26.5,21.0,87.5,61.5,35.0,1040.0,1034.0,1026.0,16.0,16.0,16.0,19.5,8.5,0.0,-4.242640687119285,-3.605551275463989,-3.1622776601683795,-9.300537618869138,-8.631338250816034,-11.40175425099138,-17.67766952966369,-11.180339887498949,-8.246211251235321,13.509256086106296,11.661903789690601,9.055385138137417,0.0,2.1213203435596424,9.192388155425117,-8.94427190999916,2.345207879911715,-13.435028842544403,5.32290647422377,1.8257418583505538,-2.516611478423583,-7.505553499465135,-7.023769168568493,-9.291573243177568,-14.433756729740644,-15.17673658377628,-24.610295948376294,10.969655114602888,9.363047936792093,7.302967433402215,0.0,4.396968652757639,7.505553499465135,-6.928203230275509,0.816496580927726,-7.416198487095663
381,12,11.0,11.0,17.0,5.0,6.0,11.0,-2.0,2.0,4.0,28.0,41.0,43.0,23.0,30.0,40.0,20.0,22.0,38.0,75.0,100.0,100.0,54.0,69.0,74.0,32.0,38.0,48.0,1041.0,1039.0,1020.0,1036.0,1032.0,1016.0,1031.0,1021.0,1013.0,16.0,16.0,16.0,16.0,16.0,13.0,16.0,16.0,3.0,13.0,26.0,23.0,6.0,11.0,5.0,0.0,0.0,19.0,16.5,8.5,0.0,32.5,27.5,24.0,75.5,52.0,27.5,1036.0,1032.5,1028.5,16.0,16.0,16.0,13.5,4.5,0.0,7.7781745930520225,4.898979485566356,0.0,-6.6332495807108,4.0,5.477225575051661,-17.663521732655695,-10.977249200050075,-7.648529270389178,-6.928203230275509,-4.06201920231798,6.123724356957945,0.0,0.0,0.0,-9.16515138991168,-4.123105625617661,0.0,5.32290647422377,2.7688746209726918,-1.1547005383792515,-5.5377492419453835,-4.760952285695233,-8.082903768654761,-14.422205101855956,-9.41629792788369,-8.504900548115382,9.39858145324779,8.621678104251709,6.8068592855540455,0.0,1.7320508075688772,7.505553499465135,-7.280109889280518,0.816496580927726,-10.969655114602888
382,5,22.0,11.0,11.0,12.0,5.0,6.0,2.0,-2.0,2.0,37.0,28.0,41.0,32.0,23.0,30.0,28.0,20.0,22.0,76.0,75.0,100.0,50.0,54.0,69.0,23.0,32.0,38.0,1031.0,1041.0,1039.0,1029.0,1036.0,1032.0,1026.0,1031.0,1021.0,16.0,16.0,16.0,16.0,16.0,16.0,16.0,16.0,16.0,14.0,13.0,26.0,3.0,6.0,11.0,0.0,0.0,0.0,16.5,8.5,0.5,37.5,29.5,18.0,76.0,52.0,27.5,1037.0,1032.5,1026.5,16.0,16.0,16.0,24.0,8.5,0.0,0.0,0.0,1.8708286933869707,6.4031242374328485,5.291502622129181,-12.96148139681572,0.7071067811865476,0.0,0.0,4.69041575982343,0.0,-3.4641016151377544,0.0,0.0,0.0,14.159802258506296,7.483314773547883,0.0,0.0,-0.5773502691896257,-1.7320508075688772,-5.385164807134504,1.5275252316519468,-10.64581294844754,-14.422205101855956,-8.660254037844387,-3.4641016151377544,4.0,2.309401076758503,5.033222956847166,0.0,0.0,0.0,8.793937305515279,5.385164807134504,0.0
383,-1,11.0,22.0,11.0,5.0,12.0,5.0,-1.0,2.0,-2.0,38.0,37.0,28.0,27.0,32.0,23.0,8.0,28.0,20.0,76.0,76.0,75.0,54.0,50.0,54.0,32.0,23.0,32.0,1043.0,1031.0,1041.0,1036.0,1029.0,1036.0,1027.0,1026.0,1031.0,16.0,16.0,16.0,16.0,16.0,16.0,16.0,16.0,16.0,34.0,14.0,13.0,14.0,3.0,6.0,0.0,0.0,0.0,6.5,2.0,-3.0,30.5,19.5,6.5,66.0,51.0,35.5,1043.0,1035.0,1026.5,16.0,16.0,16.0,29.0,11.0,0.0,-10.04987562112089,-6.519202405202649,-3.5355339059327378,-10.583005244258363,-11.180339887498949,-14.300349646075091,-14.142135623730951,-3.1622776601683795,8.06225774829855,8.48528137423857,4.743416490252569,0.0,0.0,0.0,0.0,12.24744871391589,6.519202405202649,0.0,-5.196152422706632,-3.4641016151377544,-1.7320508075688772,-6.904105059069326,-7.505553499465135,-10.723805294763608,-11.532562594670797,-3.4641016151377544,4.041451884327381,3.8297084310253524,-1.1547005383792515,-2.886751345948129,0.0,0.0,0.0,10.016652800877813,5.033222956847166,0.0
384,2,2.0,11.0,22.0,-1.0,5.0,12.0,-5.0,-1.0,2.0,23.0,38.0,37.0,12.0,27.0,32.0,5.0,8.0,28.0,56.0,76.0,76.0,48.0,54.0,50.0,39.0,32.0,23.0,1043.0,1043.0,1031.0,1034.0,1036.0,1029.0,1026.0,1027.0,1026.0,16.0,16.0,16.0,16.0,16.0,16.0,16.0,16.0,16.0,24.0,34.0,14.0,8.0,14.0,3.0,0.0,0.0,0.0,2.5,0.5,-2.0,27.5,19.0,13.0,63.0,55.0,46.5,1039.5,1033.0,1026.0,16.0,16.0,11.0,22.5,9.0,0.5,-6.324555320336759,-3.6742346141747673,3.1622776601683795,-8.48528137423857,-3.8078865529319543,11.113055385446435,-10.099504938362077,8.94427190999916,11.704699910719626,-4.949747468305833,-2.0,-0.7071067811865476,0.0,0.0,-7.0710678118654755,-7.3824115301167,-4.0,0.7071067811865476,-8.18535277187245,-5.033222956847166,1.9148542155126762,-6.904105059069326,-4.242640687119285,-7.14142842854285,-8.246211251235321,7.659416862050705,10.878112581387146,5.627314338711377,3.696845502136472,0.0,0.0,0.0,-5.773502691896258,9.848857801796104,5.446711546122731,0.5773502691896257
385,1,3.0,2.0,11.0,2.0,-1.0,5.0,1.0,-5.0,-1.0,32.0,23.0,38.0,26.0,12.0,27.0,21.0,5.0,8.0,70.0,56.0,76.0,62.0,48.0,54.0,54.0,39.0,32.0,1036.0,1043.0,1043.0,1032.0,1034.0,1036.0,1026.0,1026.0,1027.0,16.0,16.0,16.0,16.0,16.0,16.0,6.0,16.0,16.0,21.0,24.0,34.0,10.0,8.0,14.0,1.0,0.0,0.0,2.5,1.5,0.5,33.0,28.5,20.0,85.0,69.0,53.0,1035.5,1031.0,1026.0,16.0,11.0,4.5,17.0,7.5,4.5,0.0,2.0,4.183300132670378,6.519202405202649,10.51189802081432,11.224972160321824,23.40939982143925,14.0,10.51189802081432,-5.0,-2.0,0.0,0.0,-7.0710678118654755,-7.3824115301167,-6.041522986797286,-3.24037034920393,5.0,-5.196152422706632,-3.0550504633038935,2.516611478423583,-6.831300510639732,-1.1547005383792515,9.0,15.231546211727817,10.893423092245461,9.486832980505138,-4.08248290463863,-2.0,-0.5773502691896257,0.0,-5.773502691896258,-6.027713773341708,-7.593857166596345,-4.358898943540674,4.08248290463863
386,6,2.0,3.0,2.0,1.0,2.0,-1.0,0.0,1.0,-5.0,34.0,32.0,23.0,31.0,26.0,12.0,19.0,21.0,5.0,100.0,70.0,56.0,76.0,62.0,48.0,52.0,54.0,39.0,1035.0,1036.0,1043.0,1030.0,1032.0,1034.0,1026.0,1026.0,1026.0,16.0,16.0,16.0,6.0,16.0,16.0,3.0,6.0,16.0,13.0,21.0,24.0,5.0,10.0,8.0,8.0,1.0,0.0,5.5,3.5,0.5,39.5,35.0,26.0,100.0,83.0,66.0,1030.5,1026.5,1022.5,16.0,8.5,3.0,13.0,5.0,6.0,4.898979485566356,3.4641016151377544,0.0,7.905694150420948,6.670832032063167,9.797958971132712,21.213203435596427,14.0,19.748417658131498,-6.4031242374328485,-5.1478150704935,-4.949747468305833,0.0,-6.123724356957945,-2.1213203435596424,-5.656854249492381,-3.5355339059327378,4.06201920231798,4.041451884327381,3.3166247903554,3.4641016151377544,8.286535263104035,9.746794344808963,12.220201853215574,19.113694915775266,14.0,18.303005217723125,-6.60807586719967,-4.358898943540674,-4.041451884327381,0.0,-5.0,-6.027713773341708,-4.932882862316247,-2.6457513110645907,3.366501646120693
387,6,9.0,2.0,3.0,6.0,1.0,2.0,1.0,0.0,1.0,45.0,34.0,32.0,39.0,31.0,26.0,33.0,19.0,21.0,100.0,100.0,70.0,90.0,76.0,62.0,80.0,52.0,54.0,1026.0,1035.0,1036.0,1023.0,1030.0,1032.0,1019.0,1026.0,1026.0,16.0,16.0,16.0,11.0,6.0,16.0,3.0,3.0,6.0,13.0,13.0,21.0,5.0,5.0,10.0,4.0,8.0,1.0,8.5,6.0,2.5,45.0,40.0,34.5,100.0,89.0,78.0,1028.5,1024.0,1020.0,16.0,9.5,1.5,18.0,6.5,2.0,4.898979485566356,3.5355339059327378,2.23606797749979,7.7781745930520225,5.830951894845301,10.124228365658293,0.0,9.797958971132712,19.595917942265423,-5.291502622129181,-4.743416490252569,-4.743416490252569,0.0,2.8284271247461903,-2.1213203435596424,7.0710678118654755,2.1213203435596424,-4.0,3.958114029012639,2.8284271247461903,1.7320508075688772,6.454972243679028,5.5677643628300215,8.18535277187245,17.320508075688775,11.372481406154654,15.95827893811443,-4.358898943540674,-4.041451884327381,-3.872983346207417,0.0,-5.291502622129181,-2.449489742783178,3.4641016151377544,-2.309401076758503,2.3804761428476167
388,4,8.0,9.0,2.0,6.0,6.0,1.0,4.0,1.0,0.0,45.0,45.0,34.0,41.0,39.0,31.0,36.0,33.0,19.0,100.0,100.0,100.0,88.0,90.0,76.0,76.0,80.0,52.0,1031.0,1026.0,1035.0,1025.0,1023.0,1030.0,1021.0,1019.0,1026.0,16.0,16.0,16.0,8.0,11.0,6.0,0.0,3.0,3.0,23.0,13.0,13.0,8.0,5.0,5.0,0.0,4.0,8.0,7.0,5.0,3.0,41.0,37.0,33.5,96.0,85.5,74.5,1032.5,1027.5,1025.0,16.0,9.5,3.0,21.0,9.5,0.0,-1.5811388300841898,-1.4142135623730951,1.5811388300841898,-5.656854249492381,-5.477225575051661,-2.8284271247461903,-5.656854249492381,-3.8078865529319543,-3.5355339059327378,4.123105625617661,3.8078865529319543,5.830951894845301,0.0,0.0,3.6742346141747673,6.48074069840786,3.0,-2.8284271247461903,3.8297084310253524,2.6457513110645907,1.4142135623730951,4.358898943540674,1.1547005383792515,7.745966692414834,-4.618802153517006,7.461009761866464,15.905973720586866,-3.958114029012639,-2.581988897471611,2.516611478423583,0.0,2.886751345948129,3.0,5.291502622129181,2.449489742783178,-3.265986323710904
389,4,6.0,8.0,9.0,4.0,6.0,6.0,2.0,4.0,1.0,37.0,45.0,45.0,33.0,41.0,39.0,31.0,36.0,33.0,92.0,100.0,100.0,83.0,88.0,90.0,73.0,76.0,80.0,1034.0,1031.0,1026.0,1030.0,1025.0,1023.0,1029.0,1021.0,1019.0,16.0,16.0,16.0,11.0,8.0,11.0,6.0,0.0,3.0,19.0,23.0,13.0,11.0,8.0,5.0,0.0,0.0,4.0,5.0,4.0,2.5,37.5,34.5,32.5,92.0,84.5,76.0,1032.0,1028.5,1027.0,14.5,8.5,4.5,16.5,9.5,0.0,-2.0,-1.4142135623730951,-1.224744871391589,-5.612486080160912,-5.244044240850758,-2.8284271247461903,-5.656854249492381,-2.8284271247461903,3.6742346141747673,-1.8708286933869707,2.8284271247461903,4.898979485566356,-2.1213203435596424,-2.8284271247461903,3.6742346141747673,-4.527692569068709,0.0,0.0,-1.7320508075688772,-1.1547005383792515,1.4142135623730951,-4.58257569495584,-4.123105625617661,-1.5275252316519468,-4.618802153517006,-2.581988897471611,1.9148542155126762,2.449489742783178,2.581988897471611,4.163331998932265,-1.7320508075688772,-2.886751345948129,2.449489742783178,4.43471156521669,1.7320508075688772,-2.309401076758503
390,9,4.0,6.0,8.0,4.0,4.0,6.0,3.0,2.0,4.0,38.0,37.0,45.0,36.0,33.0,41.0,34.0,31.0,36.0,92.0,92.0,100.0,86.0,83.0,88.0,79.0,73.0,76.0,1030.0,1034.0,1031.0,1027.0,1030.0,1025.0,1025.0,1029.0,1021.0,13.0,16.0,16.0,6.0,11.0,8.0,3.0,6.0,0.0,14.0,19.0,23.0,8.0,11.0,8.0,0.0,0.0,0.0,9.5,6.5,3.0,38.0,36.0,34.0,92.0,77.0,61.0,1029.5,1027.0,1025.5,14.5,10.0,6.5,16.5,7.0,0.0,7.648529270389178,3.5355339059327378,0.7071067811865476,0.7071067811865476,2.1213203435596424,2.1213203435596424,0.0,-12.549900398011133,-25.099800796022265,-2.9154759474226504,-2.1213203435596424,-2.7386127875258306,0.0,4.415880433163924,4.47213595499958,0.0,-2.5495097567963922,0.0,6.137317546507322,2.6457513110645907,-1.0,-4.58257569495584,-4.281744192888376,-2.309401076758503,-4.618802153517006,-10.64581294844754,-20.566963801203133,-1.632993161855452,2.309401076758503,4.041451884327381,0.0,4.0,5.033222956847166,-2.309401076758503,-1.1547005383792515,0.0
391,11,15.0,4.0,6.0,9.0,4.0,4.0,3.0,3.0,2.0,38.0,38.0,37.0,36.0,36.0,33.0,34.0,34.0,31.0,92.0,92.0,92.0,68.0,86.0,83.0,43.0,79.0,73.0,1029.0,1030.0,1034.0,1027.0,1027.0,1030.0,1026.0,1025.0,1029.0,16.0,13.0,16.0,14.0,6.0,11.0,10.0,3.0,6.0,19.0,14.0,19.0,6.0,8.0,11.0,0.0,0.0,0.0,16.5,10.0,3.0,39.5,37.0,34.5,92.0,66.0,39.5,1029.0,1026.5,1024.0,16.0,15.0,13.0,16.0,5.5,0.0,8.06225774829855,3.8078865529319543,0.0,2.1213203435596424,1.4142135623730951,0.7071067811865476,0.0,-13.038404810405298,-25.93260495977988,-0.7071067811865476,-0.7071067811865476,-2.7386127875258306,2.1213203435596424,5.830951894845301,6.519202405202649,-2.345207879911715,-1.5811388300841898,0.0,6.48074069840786,3.1091263510296048,0.5773502691896257,1.8257418583505538,2.0816659994661326,1.8257418583505538,0.0,-10.503967504392486,-20.888593378524398,-2.3804761428476167,-1.8257418583505538,-3.2145502536643185,0.0,3.7859388972001824,5.033222956847166,-3.4641016151377544,-2.160246899469287,0.0
392,12,18.0,15.0,4.0,11.0,9.0,4.0,3.0,3.0,3.0,41.0,38.0,38.0,38.0,36.0,36.0,35.0,34.0,34.0,92.0,92.0,92.0,64.0,68.0,86.0,36.0,43.0,79.0,1029.0,1029.0,1030.0,1026.0,1027.0,1027.0,1022.0,1026.0,1025.0,16.0,16.0,13.0,16.0,14.0,6.0,16.0,10.0,3.0,13.0,19.0,14.0,5.0,6.0,8.0,0.0,0.0,0.0,19.5,11.5,3.5,43.5,39.0,34.0,92.0,63.5,35.0,1027.0,1023.0,1019.5,16.0,16.0,13.0,16.0,5.0,0.0,3.0,1.5811388300841898,0.7071067811865476,4.123105625617661,2.0,-1.224744871391589,0.0,-2.9154759474226504,-5.1478150704935,-2.8284271247461903,-4.301162633521313,-4.527692569068709,0.0,1.4142135623730951,0.0,0.0,-0.7071067811865476,0.0,6.8068592855540455,3.1622776601683795,0.5773502691896257,3.366501646120693,1.632993161855452,-1.0,0.0,-10.661457061146317,-21.205345238091898,-2.3804761428476167,-3.5118845842842465,-3.6514837167011076,1.7320508075688772,4.760952285695233,4.041451884327381,2.886751345948129,-1.2909944487358056,0.0
393,15,21.0,18.0,15.0,12.0,11.0,9.0,4.0,3.0,3.0,46.0,41.0,38.0,40.0,38.0,36.0,33.0,35.0,34.0,92.0,92.0,92.0,63.0,64.0,68.0,34.0,36.0,43.0,1025.0,1029.0,1029.0,1020.0,1026.0,1027.0,1017.0,1022.0,1026.0,16.0,16.0,16.0,16.0,16.0,14.0,10.0,16.0,10.0,19.0,13.0,19.0,5.0,5.0,6.0,0.0,0.0,0.0,21.5,13.5,6.0,40.0,35.0,29.5,72.5,50.0,27.0,1027.0,1022.5,1020.0,16.0,16.0,13.0,17.5,5.0,0.0,2.23606797749979,2.23606797749979,2.9154759474226504,-7.713624310270756,-6.928203230275509,-5.1478150704935,-27.577164466275352,-18.398369492974098,-10.0,0.0,-2.345207879911715,2.345207879911715,0.0,0.0,0.0,3.6742346141747673,0.0,0.0,2.516611478423583,2.160246899469287,2.3804761428476167,-6.0553007081949835,-5.5377492419453835,-4.163331998932265,-22.516660498395403,-15.198684153570664,-9.1104335791443,0.0,-2.0,-1.2909944487358056,0.0,1.1547005383792515,3.4641016151377544,-1.7320508075688772,-0.5773502691896257,0.0
394,13,22.0,21.0,18.0,15.0,12.0,11.0,8.0,4.0,3.0,34.0,46.0,41.0,30.0,40.0,38.0,26.0,33.0,35.0,53.0,92.0,92.0,37.0,63.0,64.0,20.0,34.0,36.0,1029.0,1025.0,1029.0,1025.0,1020.0,1026.0,1023.0,1017.0,1022.0,16.0,16.0,16.0,16.0,16.0,16.0,16.0,10.0,16.0,16.0,19.0,13.0,5.0,5.0,5.0,0.0,0.0,0.0,23.0,14.0,5.5,40.5,35.5,27.5,69.0,48.0,26.5,1025.5,1021.0,1018.5,16.0,16.0,16.0,16.0,5.0,0.0,1.5811388300841898,1.5811388300841898,-2.1213203435596424,3.5355339059327378,3.24037034920393,-4.47213595499958,-15.763882770434446,-9.797958971132712,-3.6742346141747673,-4.06201920231798,-4.415880433163924,-4.743416490252569,0.0,0.0,4.242640687119285,-2.1213203435596424,0.0,0.0,2.160246899469287,1.4142135623730951,-1.632993161855452,4.08248290463863,2.886751345948129,-3.8297084310253524,-12.871156384205214,-8.020806277010642,-3.2145502536643185,-4.041451884327381,-5.0,-4.83045891539648,0.0,0.0,0.0,3.0,0.0,0.0
395,16,24.0,22.0,21.0,13.0,15.0,12.0,3.0,8.0,4.0,47.0,34.0,46.0,41.0,30.0,40.0,29.0,26.0,33.0,85.0,53.0,92.0,59.0,37.0,63.0,33.0,20.0,34.0,1022.0,1029.0,1025.0,1017.0,1025.0,1020.0,1014.0,1023.0,1017.0,16.0,16.0,16.0,16.0,16.0,16.0,16.0,16.0,10.0,16.0,16.0,19.0,5.0,5.0,5.0,0.0,0.0,0.0,25.5,14.5,4.0,49.0,42.5,34.0,87.0,59.0,30.5,1019.5,1015.5,1012.5,16.0,16.0,13.5,17.5,5.0,0.0,2.5495097567963922,1.5811388300841898,-3.24037034920393,9.617692030835672,8.06225774829855,7.3824115301167,22.80350850198276,15.556349186104045,8.48528137423857,-6.082762530298219,-6.041522986797286,-6.708203932499369,0.0,0.0,-3.5355339059327378,2.1213203435596424,0.0,0.0,2.160246899469287,2.160246899469287,-1.2909944487358056,3.696845502136472,3.1622776601683795,4.47213595499958,-12.662279942148386,-8.0,-4.163331998932265,-4.396968652757639,-4.0,-4.242640687119285,0.0,0.0,1.9148542155126762,0.0,0.0,0.0
396,12,27.0,24.0,22.0,16.0,13.0,15.0,5.0,3.0,8.0,51.0,47.0,34.0,44.0,41.0,30.0,39.0,29.0,26.0,89.0,85.0,53.0,59.0,59.0,37.0,28.0,33.0,20.0,1017.0,1022.0,1029.0,1014.0,1017.0,1025.0,1011.0,1014.0,1023.0,16.0,16.0,16.0,16.0,16.0,16.0,11.0,16.0,16.0,19.0,16.0,16.0,5.0,5.0,5.0,0.0,0.0,0.0,20.0,14.0,7.5,52.0,47.0,40.5,92.5,71.5,49.5,1019.0,1016.0,1014.0,16.0,12.0,6.5,17.5,7.5,2.0,-9.669539802906858,-1.8708286933869707,3.8078865529319543,3.1622776601683795,4.743416490252569,7.3824115301167,5.70087712549569,17.67766952966369,30.199337741083,-2.1213203435596424,1.8708286933869707,3.6742346141747673,0.0,-5.656854249492381,-7.280109889280518,0.0,3.5355339059327378,2.8284271247461903,-7.810249675906654,-1.9148542155126762,1.1547005383792515,7.937253933193772,7.438637868140466,6.27162924074226,19.05255888325765,19.226717521892983,25.77466456296441,-4.396968652757639,-4.358898943540674,-4.242640687119285,0.0,-4.618802153517006,-5.94418483337567,0.0,2.886751345948129,2.309401076758503
397,8,13.0,27.0,24.0,12.0,16.0,13.0,10.0,5.0,3.0,53.0,51.0,47.0,50.0,44.0,41.0,42.0,39.0,29.0,96.0,89.0,85.0,84.0,59.0,59.0,71.0,28.0,33.0,1021.0,1017.0,1022.0,1018.0,1014.0,1017.0,1017.0,1011.0,1014.0,16.0,16.0,16.0,8.0,16.0,16.0,2.0,11.0,16.0,16.0,19.0,16.0,10.0,5.0,5.0,4.0,0.0,0.0,12.0,10.0,7.5,52.0,48.0,40.0,98.0,87.5,76.5,1023.0,1018.0,1016.0,16.0,7.0,2.0,24.0,13.0,28.5,-10.0,-4.0,0.0,0.0,3.1622776601683795,-1.8708286933869707,5.70087712549569,18.35755975068582,31.38470965295043,4.0,2.8284271247461903,4.0,0.0,-5.830951894845301,-6.363961030678928,11.113055385446435,5.522680508593631,34.763486591537394,-7.979139469057215,-2.7688746209726918,1.1547005383792515,2.309401076758503,3.1091263510296048,5.5677643628300215,5.196152422706632,14.98888477061141,25.462390565956948,1.5275252316519468,1.5275252316519468,2.7688746209726918,0.0,-4.760952285695233,-5.94418483337567,9.237604307034012,4.509249752822894,28.384267943117127
398,7,11.0,13.0,27.0,8.0,12.0,16.0,5.0,10.0,5.0,51.0,53.0,51.0,46.0,50.0,44.0,38.0,42.0,39.0,100.0,96.0,89.0,91.0,84.0,59.0,82.0,71.0,28.0,1025.0,1021.0,1017.0,1018.0,1018.0,1014.0,1015.0,1017.0,1011.0,16.0,16.0,16.0,6.0,8.0,16.0,2.0,2.0,11.0,32.0,16.0,19.0,16.0,10.0,5.0,53.0,4.0,0.0,11.0,7.5,4.0,46.5,42.0,36.5,96.5,84.0,71.5,1026.0,1021.5,1019.0,16.0,9.5,3.5,28.0,13.0,31.5,-1.4142135623730951,-2.9154759474226504,-3.8078865529319543,-6.519202405202649,-6.324555320336759,-3.5355339059327378,-4.06201920231798,-8.573214099741124,-12.649110640673518,3.1622776601683795,4.949747468305833,5.477225575051661,0.0,4.743416490252569,2.1213203435596424,9.797958971132712,0.0,16.61324772583615,-8.16496580927726,-3.3166247903554,-1.1547005383792515,-5.196152422706632,-3.8297084310253524,-2.309401076758503,2.309401076758503,12.622730819174325,22.575798250929395,3.4641016151377544,4.654746681256314,5.656854249492381,0.0,-2.516611478423583,-4.898979485566356,7.810249675906654,2.886751345948129,13.759844960366863
399,10,11.0,11.0,13.0,7.0,8.0,12.0,3.0,5.0,10.0,42.0,51.0,53.0,38.0,46.0,50.0,35.0,38.0,42.0,93.0,100.0,96.0,77.0,91.0,84.0,61.0,82.0,71.0,1027.0,1025.0,1021.0,1025.0,1018.0,1018.0,1023.0,1015.0,1017.0,16.0,16.0,16.0,13.0,6.0,8.0,5.0,2.0,2.0,24.0,32.0,16.0,10.0,16.0,10.0,10.0,53.0,4.0,14.0,8.5,2.5,41.5,37.0,33.0,92.5,69.5,46.5,1026.0,1024.0,1021.0,16.0,14.5,10.5,22.5,8.0,5.0,4.242640687119285,2.0,-1.5811388300841898,-6.4031242374328485,-5.830951894845301,-3.5355339059327378,-5.0,-14.508618128546908,-25.317977802344327,0.0,4.743416490252569,4.898979485566356,0.0,5.385164807134504,8.06225774829855,-6.041522986797286,-5.0990195135927845,-31.216982557575932,3.265986323710904,-1.632993161855452,-3.1622776601683795,-5.354126134736337,-5.291502622129181,-3.696845502136472,-3.366501646120693,-11.135528725660043,-19.672315572906,2.309401076758503,3.872983346207417,3.8297084310253524,0.0,4.242640687119285,6.582805886043833,7.810249675906654,-2.309401076758503,12.274635093014645
400,14,17.0,11.0,11.0,10.0,7.0,8.0,2.0,3.0,5.0,41.0,42.0,51.0,36.0,38.0,46.0,31.0,35.0,38.0,92.0,93.0,100.0,62.0,77.0,91.0,32.0,61.0,82.0,1025.0,1027.0,1025.0,1023.0,1025.0,1018.0,1019.0,1023.0,1015.0,16.0,16.0,16.0,16.0,13.0,6.0,16.0,5.0,2.0,21.0,24.0,32.0,6.0,10.0,16.0,0.0,10.0,53.0,20.0,12.0,3.0,40.5,35.0,30.0,88.5,57.5,26.0,1024.0,1021.5,1018.0,16.0,16.0,16.0,21.0,8.0,0.0,6.0,3.5355339059327378,1.224744871391589,-1.0,-2.0,-3.1622776601683795,-5.0,-12.36931687685298,-22.192341021172147,-2.0,-2.5495097567963922,-3.1622776601683795,0.0,2.1213203435596424,7.7781745930520225,-2.1213203435596424,0.0,-7.0710678118654755,4.898979485566356,2.8284271247461903,-0.5773502691896257,-5.259911279353167,-4.898979485566356,-3.1091263510296048,-5.744562646538029,-12.935738607954837,-21.802140567690444,-1.1547005383792515,3.4641016151377544,3.8297084310253524,0.0,4.396968652757639,6.582805886043833,-4.932882862316247,-3.4641016151377544,-25.48855952514121
401,16,23.0,17.0,11.0,14.0,10.0,7.0,4.0,2.0,3.0,40.0,41.0,42.0,34.0,36.0,38.0,29.0,31.0,35.0,85.0,92.0,93.0,53.0,62.0,77.0,20.0,32.0,61.0,1023.0,1025.0,1027.0,1020.0,1023.0,1025.0,1017.0,1019.0,1023.0,16.0,16.0,16.0,16.0,16.0,13.0,16.0,16.0,5.0,21.0,21.0,24.0,10.0,6.0,10.0,0.0,0.0,10.0,23.0,15.0,6.0,41.5,35.5,30.5,73.0,48.0,22.5,1024.5,1021.5,1019.0,16.0,16.0,16.0,18.5,9.0,0.0,4.242640687119285,3.1622776601683795,3.1622776601683795,2.0,1.5811388300841898,1.5811388300841898,-17.67766952966369,-9.513148795220223,-7.713624310270756,1.5811388300841898,0.0,2.449489742783178,0.0,0.0,0.0,-3.5355339059327378,2.449489742783178,0.0,4.898979485566356,3.1091263510296048,2.516611478423583,1.5275252316519468,0.5773502691896257,-1.9148542155126762,-14.445299120013633,-11.633285577743433,-17.88854381999832,0.5773502691896257,-1.1547005383792515,-1.1547005383792515,0.0,1.7320508075688772,6.3508529610858835,-3.366501646120693,-1.1547005383792515,-5.773502691896258
402,19,23.0,23.0,17.0,16.0,14.0,10.0,8.0,4.0,2.0,43.0,40.0,41.0,37.0,34.0,36.0,32.0,29.0,31.0,61.0,85.0,92.0,43.0,53.0,62.0,25.0,20.0,32.0,1026.0,1023.0,1025.0,1023.0,1020.0,1023.0,1021.0,1017.0,1019.0,16.0,16.0,16.0,16.0,16.0,16.0,16.0,16.0,16.0,16.0,21.0,21.0,8.0,10.0,6.0,0.0,0.0,0.0,25.5,17.5,9.5,44.0,38.5,34.0,66.0,45.0,24.0,1024.5,1022.0,1020.0,16.0,16.0,16.0,19.5,9.0,0.0,3.5355339059327378,2.5495097567963922,3.5355339059327378,2.5495097567963922,3.0,3.5355339059327378,-15.427248620541512,-6.48074069840786,3.24037034920393,0.0,1.5811388300841898,2.449489742783178,0.0,0.0,0.0,3.4641016151377544,0.0,0.0,4.509249752822894,3.1091263510296048,3.1091263510296048,2.0,2.160246899469287,2.6457513110645907,-13.228756555322953,-7.416198487095663,-6.4031242374328485,-1.1547005383792515,-1.1547005383792515,1.632993161855452,0.0,0.0,0.0,2.8284271247461903,2.309401076758503,0.0
403,17,28.0,23.0,23.0,19.0,16.0,14.0,11.0,8.0,4.0,45.0,43.0,40.0,40.0,37.0,34.0,36.0,32.0,29.0,71.0,61.0,85.0,47.0,43.0,53.0,23.0,25.0,20.0,1023.0,1026.0,1023.0,1021.0,1023.0,1020.0,1019.0,1021.0,1017.0,16.0,16.0,16.0,16.0,16.0,16.0,16.0,16.0,16.0,23.0,16.0,21.0,10.0,8.0,10.0,0.0,0.0,0.0,27.5,18.0,8.5,47.0,41.0,36.5,83.5,53.5,23.0,1022.5,1020.5,1018.5,16.0,16.0,16.0,23.0,8.0,0.0,3.4641016151377544,1.5811388300841898,-2.8284271247461903,3.1622776601683795,2.5495097567963922,2.9154759474226504,19.03943276465977,9.617692030835672,-1.4142135623730951,-2.23606797749979,-1.5811388300841898,-1.5811388300841898,0.0,0.0,0.0,4.949747468305833,-2.449489742783178,0.0,2.8284271247461903,1.7320508075688772,0.0,3.1091263510296048,2.70801280154532,2.943920288775949,7.047458170621991,5.32290647422377,2.6457513110645907,-0.5773502691896257,1.1547005383792515,1.9148542155126762,0.0,0.0,0.0,2.8284271247461903,-2.309401076758503,0.0
404,19,27.0,28.0,23.0,17.0,19.0,16.0,6.0,11.0,8.0,49.0,45.0,43.0,42.0,40.0,37.0,37.0,36.0,32.0,96.0,71.0,61.0,60.0,47.0,43.0,23.0,23.0,25.0,1022.0,1023.0,1026.0,1020.0,1021.0,1023.0,1018.0,1019.0,1021.0,16.0,16.0,16.0,16.0,16.0,16.0,16.0,16.0,16.0,23.0,23.0,16.0,6.0,10.0,8.0,0.0,0.0,0.0,26.5,18.0,8.5,52.0,45.5,35.5,98.0,64.0,29.0,1025.5,1021.5,1019.0,16.0,16.0,13.0,24.5,6.0,0.0,-1.0,0.0,0.0,5.0990195135927845,5.1478150704935,-2.0,17.902513789968157,10.793516572461451,8.48528137423857,4.898979485566356,2.0,1.224744871391589,0.0,0.0,-4.242640687119285,2.1213203435596424,-2.8284271247461903,0.0,2.7688746209726918,1.7320508075688772,1.7320508075688772,4.320493798938574,4.546060565661952,1.632993161855452,15.716233645501712,9.1104335791443,6.831300510639732,3.605551275463989,1.1547005383792515,-0.5773502691896257,0.0,0.0,-3.4641016151377544,4.396968652757639,-2.0,0.0
405,12,26.0,27.0,28.0,19.0,17.0,19.0,11.0,6.0,11.0,55.0,49.0,45.0,49.0,42.0,40.0,34.0,37.0,36.0,100.0,96.0,71.0,68.0,60.0,47.0,35.0,23.0,23.0,1029.0,1022.0,1023.0,1023.0,1020.0,1021.0,1020.0,1018.0,1019.0,16.0,16.0,16.0,16.0,16.0,16.0,10.0,16.0,16.0,26.0,23.0,23.0,6.0,6.0,10.0,0.0,0.0,0.0,20.0,15.5,10.0,47.0,42.5,33.5,81.5,60.0,37.5,1030.0,1025.5,1022.5,16.0,16.0,13.0,24.5,8.0,0.0,-8.514693182963201,-4.743416490252569,3.24037034920393,-10.488088481701515,-7.745966692414834,-2.23606797749979,-26.009613607279906,-9.797958971132712,9.192388155425117,5.1478150704935,4.123105625617661,3.8078865529319543,0.0,0.0,0.0,0.0,2.8284271247461903,0.0,-6.97614984548545,-4.041451884327381,-1.1547005383792515,-8.246211251235321,-6.2182527020592095,-1.7320508075688772,-15.57776192739723,-2.7688746209726918,7.505553499465135,4.163331998932265,3.3166247903554,3.0550504633038935,0.0,0.0,0.0,0.0,0.0,0.0
406,13,14.0,26.0,27.0,12.0,19.0,17.0,9.0,11.0,6.0,39.0,55.0,49.0,36.0,49.0,42.0,33.0,34.0,37.0,63.0,100.0,96.0,52.0,68.0,60.0,40.0,35.0,23.0,1031.0,1029.0,1022.0,1028.0,1023.0,1020.0,1025.0,1020.0,1018.0,16.0,16.0,16.0,16.0,16.0,16.0,16.0,10.0,16.0,23.0,26.0,23.0,10.0,6.0,6.0,0.0,0.0,0.0,15.5,12.5,9.0,50.0,43.5,35.0,81.5,66.0,49.5,1028.0,1022.5,1019.0,16.0,12.0,9.0,23.5,8.0,4.0,-8.215838362577491,-4.898979485566356,-1.4142135623730951,10.677078252031311,5.291502622129181,2.7386127875258306,0.0,16.24807680927192,13.892443989449804,-4.0,-6.928203230275509,-7.713624310270756,0.0,-5.656854249492381,-8.94427190999916,-2.0,0.0,5.656854249492381,-6.733003292241386,-3.8297084310253524,2.6457513110645907,9.38083151964686,5.916079783099616,1.4142135623730951,2.309401076758503,14.047538337136986,13.291601358251256,2.3804761428476167,-5.385164807134504,-6.191391873668904,0.0,-4.618802153517006,-8.082903768654761,0.5773502691896257,0.0,4.618802153517006
407,15,17.0,14.0,26.0,13.0,12.0,19.0,9.0,9.0,11.0,61.0,39.0,55.0,51.0,36.0,49.0,37.0,33.0,34.0,100.0,63.0,100.0,80.0,52.0,68.0,59.0,40.0,35.0,1025.0,1031.0,1029.0,1017.0,1028.0,1023.0,1013.0,1025.0,1020.0,16.0,16.0,16.0,8.0,16.0,16.0,2.0,16.0,10.0,24.0,23.0,26.0,6.0,10.0,6.0,8.0,0.0,0.0,20.0,14.0,8.0,61.0,52.5,33.5,100.0,78.5,56.0,1025.0,1016.0,1012.5,16.0,10.5,4.0,25.5,8.5,4.5,4.743416490252569,1.5811388300841898,-1.4142135623730951,15.556349186104045,10.816653826391969,-4.06201920231798,26.16295090390226,19.685019685029527,12.747548783981962,-4.242640687119285,-7.905694150420948,-8.514693182963201,0.0,-4.415880433163924,-9.486832980505138,2.23606797749979,2.1213203435596424,2.7386127875258306,-5.744562646538029,-3.8297084310253524,-1.632993161855452,8.717797887081348,4.654746681256314,-3.366501646120693,0.0,13.152946437965905,10.801234497346433,-3.265986323710904,-5.773502691896258,-6.324555320336759,0.0,-3.605551275463989,-6.928203230275509,0.5773502691896257,2.886751345948129,2.23606797749979
408,5,23.0,17.0,14.0,15.0,13.0,12.0,7.0,9.0,9.0,61.0,61.0,39.0,54.0,51.0,36.0,30.0,37.0,33.0,100.0,100.0,63.0,77.0,80.0,52.0,53.0,59.0,40.0,1025.0,1025.0,1031.0,1015.0,1017.0,1028.0,1012.0,1013.0,1025.0,16.0,16.0,16.0,13.0,8.0,16.0,6.0,2.0,16.0,27.0,24.0,23.0,11.0,6.0,10.0,1.0,8.0,0.0,16.0,10.0,4.0,45.5,39.0,24.5,81.0,62.5,43.5,1027.5,1021.5,1018.5,16.0,14.5,11.0,25.5,10.5,0.5,-8.94427190999916,-6.928203230275509,-4.47213595499958,-21.920310216782973,-21.106870919205434,-9.219544457292887,-26.870057685088806,-20.615528128088304,-14.089002803605371,3.5355339059327378,9.082951062292475,9.16515138991168,0.0,4.123105625617661,7.615773105863909,0.0,3.4641016151377544,-5.0,-7.094598884597588,-5.627314338711377,-3.6514837167011076,-12.609520212918492,-14.89966442575134,-7.164728420068226,-5.0,-4.69041575982343,-3.4641016151377544,-1.9148542155126762,3.8297084310253524,2.8284271247461903,0.0,-3.1622776601683795,-5.163977794943222,0.5773502691896257,1.632993161855452,2.160246899469287
409,6,9.0,23.0,17.0,5.0,15.0,13.0,1.0,7.0,9.0,30.0,61.0,61.0,24.0,54.0,51.0,19.0,30.0,37.0,62.0,100.0,100.0,48.0,77.0,80.0,34.0,53.0,59.0,1030.0,1025.0,1025.0,1028.0,1015.0,1017.0,1025.0,1012.0,1013.0,16.0,16.0,16.0,16.0,13.0,8.0,16.0,6.0,2.0,24.0,27.0,24.0,10.0,11.0,6.0,0.0,1.0,8.0,7.5,5.5,2.5,36.0,30.5,23.5,79.0,62.0,44.5,1029.0,1026.5,1024.0,16.0,13.0,9.5,18.5,6.5,3.5,-10.124228365658293,-7.035623639735144,-3.6742346141747673,-20.211382931407737,-19.11805429430516,-4.47213595499958,-12.0,-5.338539126015656,6.324555320336759,3.24037034920393,8.94427190999916,9.082951062292475,0.0,-3.6742346141747673,-5.873670062235365,-8.06225774829855,-5.0,4.898979485566356,-7.505553499465135,-5.627314338711377,-3.2145502536643185,-16.502525059315417,-15.513435037626794,-5.446711546122731,-9.797958971132712,-4.69041575982343,3.8297084310253524,2.6457513110645907,7.211102550927978,7.393691004272944,0.0,-0.816496580927726,-4.203173404306164,-6.3508529610858835,-2.886751345948129,-0.5773502691896257
410,9,6.0,9.0,23.0,6.0,5.0,15.0,4.0,1.0,7.0,42.0,30.0,61.0,37.0,24.0,54.0,28.0,19.0,30.0,96.0,62.0,100.0,76.0,48.0,77.0,55.0,34.0,53.0,1028.0,1030.0,1025.0,1025.0,1028.0,1015.0,1023.0,1025.0,1012.0,16.0,16.0,16.0,10.0,16.0,13.0,3.0,16.0,6.0,13.0,24.0,27.0,3.0,10.0,11.0,7.0,0.0,1.0,9.5,7.5,5.0,46.0,41.0,34.5,98.0,84.0,69.0,1025.5,1022.5,1020.0,16.0,9.0,2.5,13.0,3.0,4.5,4.47213595499958,2.23606797749979,2.5495097567963922,10.198039027185569,10.793516572461451,11.180339887498949,24.20743687382041,22.80350850198276,24.748737341529164,-3.8078865529319543,-4.123105625617661,-4.47213595499958,0.0,-4.47213595499958,-9.219544457292887,-7.7781745930520225,-4.949747468305833,3.4641016151377544,-7.211102550927978,-5.477225575051661,-2.7688746209726918,-15.84297951775486,-14.910846164230028,6.557438524302,-9.521904571390467,8.144527815247077,16.97056274847714,-1.1547005383792515,6.708203932499369,6.557438524302,0.0,-3.2145502536643185,-4.83045891539648,-6.582805886043833,-4.08248290463863,2.7688746209726918
411,7,13.0,6.0,9.0,9.0,6.0,5.0,6.0,4.0,1.0,50.0,42.0,30.0,45.0,37.0,24.0,41.0,28.0,19.0,100.0,96.0,62.0,92.0,76.0,48.0,83.0,55.0,34.0,1023.0,1028.0,1030.0,1020.0,1025.0,1028.0,1017.0,1023.0,1025.0,16.0,16.0,16.0,8.0,10.0,16.0,2.0,3.0,16.0,13.0,13.0,24.0,3.0,3.0,10.0,2.0,7.0,0.0,12.0,8.0,4.5,49.0,40.0,36.0,96.0,84.5,72.5,1027.5,1024.5,1020.0,16.0,12.0,5.0,19.5,7.0,2.0,4.743416490252569,1.5811388300841898,-1.5811388300841898,5.477225575051661,-4.242640687119285,5.873670062235365,-4.898979485566356,3.9370039370059056,13.095800853708795,5.291502622129181,5.291502622129181,0.0,0.0,5.477225575051661,4.183300132670378,9.192388155425117,5.656854249492381,-3.5355339059327378,3.4641016151377544,1.4142135623730951,1.1547005383792515,8.246211251235321,6.658328118479393,7.0710678118654755,19.2180470738661,16.482313753434823,16.165807537309522,4.163331998932265,3.958114029012639,-1.1547005383792515,0.0,2.8284271247461903,-6.683312551921141,4.0,2.23606797749979,2.8284271247461903
412,9,11.0,13.0,6.0,7.0,9.0,6.0,3.0,6.0,4.0,48.0,50.0,42.0,35.0,45.0,37.0,31.0,41.0,28.0,92.0,100.0,96.0,77.0,92.0,76.0,62.0,83.0,55.0,1032.0,1023.0,1028.0,1029.0,1020.0,1025.0,1023.0,1017.0,1023.0,16.0,16.0,16.0,16.0,8.0,10.0,8.0,2.0,3.0,26.0,13.0,13.0,11.0,3.0,3.0,2.0,2.0,7.0,13.5,8.0,3.0,45.0,36.5,32.0,89.0,73.0,56.5,1031.5,1028.5,1023.5,16.0,16.0,9.5,21.0,8.0,1.0,3.24037034920393,0.0,-2.1213203435596424,-4.47213595499958,-6.745368781616021,-6.928203230275509,-7.0710678118654755,-12.020815280171307,-16.76305461424021,6.324555320336759,6.324555320336759,4.301162633521313,0.0,5.656854249492381,4.743416490252569,5.873670062235365,3.7416573867739413,-1.4142135623730951,4.83045891539648,1.7320508075688772,-1.2909944487358056,2.8284271247461903,-3.0,4.932882862316247,-5.291502622129181,-3.3166247903554,8.602325267042627,4.281744192888376,4.281744192888376,0.5773502691896257,0.0,4.47213595499958,3.8297084310253524,4.795831523312719,3.0550504633038935,-3.1091263510296048
413,13,16.0,11.0,13.0,9.0,7.0,9.0,3.0,3.0,6.0,42.0,48.0,50.0,38.0,35.0,45.0,33.0,31.0,41.0,86.0,92.0,100.0,69.0,77.0,92.0,51.0,62.0,83.0,1031.0,1032.0,1023.0,1028.0,1029.0,1020.0,1024.0,1023.0,1017.0,16.0,16.0,16.0,16.0,16.0,8.0,11.0,8.0,2.0,16.0,26.0,13.0,5.0,11.0,3.0,0.0,2.0,2.0,18.5,11.0,3.5,47.5,42.0,36.0,89.5,70.0,50.0,1027.0,1023.5,1019.5,16.0,14.5,8.5,18.5,6.5,0.0,5.0,3.1622776601683795,0.7071067811865476,6.519202405202649,6.041522986797286,4.47213595499958,2.5495097567963922,-5.477225575051661,-7.905694150420948,-5.70087712549569,-6.4031242374328485,-6.324555320336759,0.0,-2.1213203435596424,-2.8284271247461903,-6.123724356957945,-3.6742346141747673,-1.4142135623730951,3.9157800414902435,2.309401076758503,-1.632993161855452,5.196152422706632,-3.0,-4.47213595499958,-4.123105625617661,-9.746794344808963,-13.73559851869101,2.309401076758503,-0.5773502691896257,-3.8297084310253524,0.0,4.281744192888376,2.581988897471611,5.597618541248888,3.5118845842842465,-1.1547005383792515
414,20,21.0,16.0,11.0,13.0,9.0,7.0,4.0,3.0,3.0,53.0,42.0,48.0,46.0,38.0,35.0,39.0,33.0,31.0,93.0,86.0,92.0,71.0,69.0,77.0,49.0,51.0,62.0,1023.0,1031.0,1032.0,1019.0,1028.0,1029.0,1015.0,1024.0,1023.0,16.0,16.0,16.0,13.0,16.0,16.0,6.0,11.0,8.0,21.0,16.0,26.0,8.0,5.0,11.0,0.0,0.0,2.0,23.5,16.5,9.0,55.0,51.0,44.5,93.0,71.5,49.5,1019.5,1016.0,1012.0,16.0,14.5,9.5,22.0,9.0,0.0,5.0,5.70087712549569,7.106335201775948,8.276472678623424,9.055385138137417,8.860022573334675,4.949747468305833,1.5811388300841898,-1.224744871391589,-7.516648189186454,-7.648529270389178,-7.648529270389178,0.0,0.0,3.4641016151377544,3.8078865529319543,2.5495097567963922,0.0,5.0,4.795831523312719,5.802298395176403,5.802298395176403,7.593857166596345,7.32575365861197,2.0816659994661326,-4.43471156521669,-6.429100507328637,-6.164414002968976,-6.27162924074226,-6.2182527020592095,0.0,0.0,3.3166247903554,-4.864839839775475,-2.7688746209726918,-1.1547005383792515
415,20,26.0,21.0,16.0,20.0,13.0,9.0,14.0,4.0,3.0,57.0,53.0,42.0,56.0,46.0,38.0,50.0,39.0,33.0,93.0,93.0,86.0,72.0,71.0,69.0,50.0,49.0,51.0,1016.0,1023.0,1031.0,1013.0,1019.0,1028.0,1009.0,1015.0,1024.0,16.0,16.0,16.0,16.0,13.0,16.0,13.0,6.0,11.0,23.0,21.0,16.0,10.0,8.0,5.0,0.0,0.0,0.0,27.0,20.0,12.5,53.5,50.0,44.0,85.0,60.5,35.0,1018.5,1015.5,1012.5,16.0,16.0,14.5,18.5,7.5,0.0,3.8078865529319543,4.949747468305833,6.745368781616021,-4.06201920231798,-4.69041575982343,-3.391164991562634,-11.313708498984761,-16.24807680927192,-21.20141504711419,-3.4641016151377544,-2.345207879911715,2.5495097567963922,0.0,2.1213203435596424,5.385164807134504,-6.2048368229954285,-3.24037034920393,0.0,4.242640687119285,4.654746681256314,5.5377492419453835,5.41602560309064,2.581988897471611,2.0816659994661326,-8.306623862918075,-13.21615173439934,-17.349351572897472,-5.41602560309064,-5.5377492419453835,-4.760952285695233,0.0,0.0,3.3166247903554,-4.163331998932265,-2.0,0.0
416,18,28.0,26.0,21.0,20.0,20.0,13.0,11.0,14.0,4.0,50.0,57.0,53.0,44.0,56.0,46.0,38.0,50.0,39.0,77.0,93.0,93.0,49.0,72.0,71.0,20.0,50.0,49.0,1021.0,1016.0,1023.0,1018.0,1013.0,1019.0,1016.0,1009.0,1015.0,16.0,16.0,16.0,16.0,16.0,13.0,16.0,13.0,6.0,14.0,23.0,21.0,5.0,10.0,8.0,0.0,0.0,0.0,27.5,19.0,9.5,49.5,44.0,39.0,81.5,53.0,24.0,1019.5,1017.0,1014.5,16.0,16.0,16.0,15.0,5.5,0.0,1.224744871391589,-1.4142135623730951,-3.0,-5.0,-8.48528137423857,-8.366600265340756,-9.354143466934854,-15.247950681976906,-20.445048300260872,2.8284271247461903,3.24037034920393,4.47213595499958,0.0,0.0,2.1213203435596424,-6.2048368229954285,-3.4641016151377544,0.0,3.0550504633038935,3.872983346207417,5.228129047119374,-3.366501646120693,-3.8297084310253524,-2.516611478423583,-7.637626158259733,-12.436505404118419,-16.68332500832293,-3.3166247903554,-2.23606797749979,1.1547005383792515,0.0,1.7320508075688772,4.396968652757639,-4.932882862316247,-2.581988897471611,0.0
417,18,27.0,28.0,26.0,18.0,20.0,20.0,8.0,11.0,14.0,49.0,50.0,57.0,44.0,44.0,56.0,40.0,38.0,50.0,86.0,77.0,93.0,57.0,49.0,72.0,28.0,20.0,50.0,1018.0,1021.0,1016.0,1016.0,1018.0,1013.0,1013.0,1016.0,1009.0,16.0,16.0,16.0,16.0,16.0,16.0,16.0,16.0,13.0,16.0,14.0,23.0,6.0,5.0,10.0,0.0,0.0,0.0,26.5,18.0,9.5,51.0,46.5,40.0,93.0,60.5,27.5,1020.5,1016.5,1013.5,16.0,13.5,9.0,21.0,7.0,0.0,-1.0,-1.4142135623730951,0.0,2.7386127875258306,3.5355339059327378,1.4142135623730951,11.76860229593982,7.516648189186454,5.612486080160912,2.8284271247461903,-1.224744871391589,-2.0,0.0,-3.5355339059327378,-9.899494936611665,7.211102550927978,1.5811388300841898,0.0,0.816496580927726,-1.1547005383792515,-1.7320508075688772,-3.366501646120693,-6.298147875897061,-6.831300510639732,2.6457513110645907,-11.775681155103795,-16.703293088490067,3.696845502136472,2.70801280154532,3.696845502136472,0.0,-2.886751345948129,-7.895146188218008,2.7688746209726918,-2.581988897471611,0.0
418,12,26.0,27.0,28.0,18.0,18.0,20.0,11.0,8.0,11.0,53.0,49.0,50.0,49.0,44.0,44.0,40.0,40.0,38.0,100.0,86.0,77.0,64.0,57.0,49.0,27.0,28.0,20.0,1023.0,1018.0,1021.0,1017.0,1016.0,1018.0,1014.0,1013.0,1016.0,16.0,16.0,16.0,11.0,16.0,16.0,2.0,16.0,16.0,26.0,16.0,14.0,8.0,6.0,5.0,0.0,0.0,0.0,21.5,15.0,9.0,46.5,41.5,35.5,82.5,57.5,31.5,1026.5,1022.5,1019.0,16.0,13.5,9.0,26.0,9.5,0.0,-6.4031242374328485,-4.242640687119285,-1.8708286933869707,-8.74642784226795,-10.0,-6.363961030678928,-22.68259244442751,-7.745966692414834,6.324555320336759,6.082762530298219,7.810249675906654,7.106335201775948,0.0,0.0,0.0,7.0710678118654755,2.5495097567963922,0.0,-5.259911279353167,-3.6514837167011076,-2.309401076758503,-7.164728420068226,-8.16496580927726,-5.066228051190222,-17.776388834631177,-4.320493798938574,6.928203230275509,4.654746681256314,6.27162924074226,5.5377492419453835,0.0,0.0,0.0,5.887840577551898,2.160246899469287,0.0
419,13,17.0,26.0,27.0,12.0,18.0,18.0,7.0,11.0,8.0,40.0,53.0,49.0,34.0,49.0,44.0,31.0,40.0,40.0,65.0,100.0,86.0,51.0,64.0,57.0,36.0,27.0,28.0,1030.0,1023.0,1018.0,1028.0,1017.0,1016.0,1024.0,1014.0,1013.0,16.0,16.0,16.0,16.0,11.0,16.0,16.0,2.0,16.0,26.0,26.0,16.0,11.0,8.0,6.0,0.0,0.0,0.0,19.0,12.5,5.5,42.0,36.0,31.5,72.0,54.5,36.5,1029.5,1027.0,1023.5,16.0,16.0,16.0,21.0,7.0,0.0,-5.70087712549569,-4.183300132670378,-3.5355339059327378,-8.74642784226795,-10.222524150130436,-6.324555320336759,-22.68259244442751,-7.745966692414834,6.4031242374328485,4.898979485566356,7.648529270389178,7.035623639735144,0.0,3.5355339059327378,9.899494936611665,-7.0710678118654755,-5.244044240850758,0.0,-4.69041575982343,-3.415650255319866,-2.309401076758503,-6.757711644237764,-7.831560082980487,-5.163977794943222,-16.663332999933317,-4.864839839775475,5.196152422706632,4.932882862316247,6.27162924074226,5.773502691896258,0.0,0.0,0.0,0.0,-4.123105625617661,0.0
420,17,21.0,17.0,26.0,13.0,12.0,18.0,4.0,7.0,11.0,44.0,40.0,53.0,38.0,34.0,49.0,32.0,31.0,40.0,79.0,65.0,100.0,58.0,51.0,64.0,37.0,36.0,27.0,1029.0,1030.0,1023.0,1026.0,1028.0,1017.0,1023.0,1024.0,1014.0,16.0,16.0,16.0,16.0,16.0,11.0,16.0,16.0,2.0,16.0,26.0,26.0,3.0,11.0,8.0,0.0,0.0,0.0,23.5,15.0,6.5,48.5,42.5,37.5,82.5,59.0,35.0,1027.5,1024.5,1021.5,16.0,16.0,16.0,15.0,4.0,0.0,4.527692569068709,2.9154759474226504,2.8284271247461903,6.96419413859206,6.96419413859206,7.810249675906654,11.067971810589327,5.1478150704935,-2.7386127875258306,-2.23606797749979,-2.5495097567963922,-2.23606797749979,0.0,0.0,0.0,-7.211102550927978,-5.477225575051661,0.0,-3.6514837167011076,-2.516611478423583,0.0,-4.898979485566356,-6.531972647421808,3.696845502136472,-18.07392228230128,-6.2182527020592095,4.69041575982343,3.605551275463989,6.0,5.477225575051661,0.0,2.886751345948129,8.082903768654761,-5.887840577551898,-4.123105625617661,0.0
421,17,26.0,21.0,17.0,17.0,13.0,12.0,9.0,4.0,7.0,53.0,44.0,40.0,47.0,38.0,34.0,43.0,32.0,31.0,86.0,79.0,65.0,60.0,58.0,51.0,33.0,37.0,36.0,1026.0,1029.0,1030.0,1023.0,1026.0,1028.0,1020.0,1023.0,1024.0,16.0,16.0,16.0,16.0,16.0,16.0,16.0,16.0,16.0,14.0,16.0,26.0,5.0,3.0,11.0,0.0,0.0,0.0,23.0,17.0,11.5,57.5,52.5,47.5,86.5,70.0,53.0,1023.5,1020.0,1016.0,16.0,16.0,13.5,15.0,6.5,0.0,-2.345207879911715,2.8284271247461903,5.0,9.0,10.04987562112089,10.04987562112089,5.0,14.212670403551895,28.142494558940577,-4.123105625617661,-4.743416490252569,-6.041522986797286,0.0,0.0,-3.5355339059327378,0.0,2.5495097567963922,0.0,1.2909944487358056,2.3804761428476167,3.696845502136472,7.702813338860896,8.524474568362947,8.225975119502044,9.055385138137417,12.288205727444508,22.985502677412416,-3.415650255319866,-4.041451884327381,-4.96655480858378,0.0,0.0,-2.886751345948129,-5.773502691896258,-4.123105625617661,0.0
422,11,20.0,26.0,21.0,17.0,17.0,13.0,14.0,9.0,4.0,62.0,53.0,44.0,58.0,47.0,38.0,52.0,43.0,32.0,87.0,86.0,79.0,80.0,60.0,58.0,73.0,33.0,37.0,1021.0,1026.0,1029.0,1017.0,1023.0,1026.0,1012.0,1020.0,1023.0,16.0,16.0,16.0,16.0,16.0,16.0,11.0,16.0,16.0,16.0,14.0,16.0,8.0,5.0,3.0,0.0,0.0,0.0,19.5,14.0,8.0,61.5,48.5,40.0,90.0,79.5,68.5,1022.5,1017.0,1011.0,16.0,14.5,7.0,21.5,11.0,0.0,-4.301162633521313,-4.242640687119285,-7.713624310270756,6.324555320336759,-10.954451150103322,-15.732132722552274,4.301162633521313,14.124446891825535,27.55902755904134,-2.8284271247461903,-4.242640687119285,-5.830951894845301,0.0,-2.1213203435596424,-6.670832032063167,7.905694150420948,4.743416490252569,0.0,-2.0,-2.581988897471611,-5.597618541248888,7.32575365861197,-7.280109889280518,-11.16542281629615,5.354126134736337,11.590225767142474,22.38302928559939,-2.886751345948129,-3.872983346207417,-5.066228051190222,0.0,-1.7320508075688772,-5.446711546122731,6.3508529610858835,4.041451884327381,0.0
423,7,19.0,20.0,26.0,11.0,17.0,17.0,2.0,14.0,9.0,61.0,62.0,53.0,39.0,58.0,47.0,28.0,52.0,43.0,93.0,87.0,86.0,79.0,80.0,60.0,64.0,73.0,33.0,1024.0,1021.0,1026.0,1017.0,1017.0,1023.0,1010.0,1012.0,1020.0,16.0,16.0,16.0,13.0,16.0,16.0,3.0,11.0,16.0,27.0,16.0,14.0,14.0,8.0,5.0,0.0,0.0,0.0,16.0,9.0,1.5,47.0,33.0,25.5,87.5,69.0,49.5,1025.5,1020.5,1016.0,16.0,14.5,9.5,24.0,12.5,0.0,-4.301162633521313,-5.0990195135927845,-8.514693182963201,-19.81161275615895,-15.890248582070704,-17.334935823359714,-6.519202405202649,-14.159802258506296,-21.470910553583888,3.0,4.949747468305833,8.366600265340756,0.0,0.0,7.245688373094719,6.519202405202649,3.6742346141747673,0.0,-4.932882862316247,-4.163331998932265,-6.324555320336759,-15.31883372410141,-11.313708498984761,-13.165611772087667,-5.291502622129181,-0.5773502691896257,15.033296378372908,-1.5275252316519468,2.0816659994661326,5.033222956847166,0.0,0.0,5.163977794943222,5.446711546122731,3.4641016151377544,0.0
424,9,13.0,19.0,20.0,7.0,11.0,17.0,1.0,2.0,14.0,33.0,61.0,62.0,27.0,39.0,58.0,23.0,28.0,52.0,82.0,93.0,87.0,59.0,79.0,80.0,35.0,64.0,73.0,1027.0,1024.0,1021.0,1024.0,1017.0,1017.0,1022.0,1010.0,1012.0,16.0,16.0,16.0,16.0,13.0,16.0,16.0,3.0,11.0,21.0,27.0,16.0,11.0,14.0,8.0,0.0,0.0,0.0,16.0,8.0,0.5,33.5,28.0,24.0,85.5,57.5,28.5,1028.0,1025.0,1023.0,16.0,16.0,16.0,21.0,8.5,0.0,0.0,-2.449489742783178,-1.0,-19.78635893740938,-8.366600265340756,-3.24037034920393,-6.0,-14.300349646075091,-22.47220505424423,2.5495097567963922,5.1478150704935,8.602325267042627,0.0,2.1213203435596424,9.192388155425117,-4.242640687119285,-4.123105625617661,0.0,-0.5773502691896257,-4.0,-6.97614984548545,-16.165807537309522,-12.922847983320086,-14.106735979665885,-3.4641016151377544,-11.69045194450012,-19.070046320517072,2.70801280154532,4.203173404306164,6.928203230275509,0.0,0.0,5.916079783099616,5.32290647422377,0.816496580927726,0.0
425,12,19.0,13.0,19.0,9.0,7.0,11.0,0.0,1.0,2.0,34.0,33.0,61.0,29.0,27.0,39.0,25.0,23.0,28.0,89.0,82.0,93.0,56.0,59.0,79.0,22.0,35.0,64.0,1029.0,1027.0,1024.0,1026.0,1024.0,1017.0,1024.0,1022.0,1010.0,16.0,16.0,16.0,16.0,16.0,13.0,16.0,16.0,3.0,21.0,21.0,27.0,6.0,11.0,14.0,0.0,0.0,0.0,20.0,10.5,1.5,41.5,34.5,28.0,87.0,58.5,29.5,1029.0,1025.0,1021.5,16.0,16.0,16.0,22.0,7.0,0.0,4.47213595499958,2.5495097567963922,2.0,10.63014581273465,7.905694150420948,4.47213595499958,4.06201920231798,2.8284271247461903,5.291502622129181,1.4142135623730951,0.0,-3.24037034920393,0.0,0.0,0.0,1.4142135623730951,-3.24037034920393,0.0,1.1547005383792515,-1.0,1.5275252316519468,-13.638181696985855,-2.516611478423583,2.23606797749979,-5.41602560309064,-11.313708498984761,-16.176114078067904,2.0816659994661326,4.041451884327381,6.4031242374328485,0.0,1.7320508075688772,7.505553499465135,-3.265986323710904,-3.1622776601683795,0.0
426,18,21.0,19.0,13.0,12.0,9.0,7.0,3.0,0.0,1.0,49.0,34.0,33.0,40.0,29.0,27.0,31.0,25.0,23.0,85.0,89.0,82.0,61.0,56.0,59.0,37.0,22.0,35.0,1029.0,1029.0,1027.0,1024.0,1026.0,1024.0,1019.0,1024.0,1022.0,16.0,16.0,16.0,16.0,16.0,16.0,16.0,16.0,16.0,23.0,21.0,21.0,8.0,6.0,11.0,0.0,0.0,0.0,22.5,15.0,7.5,54.5,48.0,40.0,85.5,66.5,47.0,1024.0,1018.5,1013.5,16.0,16.0,15.0,24.5,11.0,0.0,2.5495097567963922,4.743416490252569,6.708203932499369,13.152946437965905,13.729530217745982,13.416407864998739,-2.7386127875258306,8.54400374531753,17.67766952966369,-7.0710678118654755,-7.905694150420948,-8.54400374531753,0.0,0.0,-1.4142135623730951,2.5495097567963922,4.47213595499958,0.0,4.041451884327381,4.041451884327381,5.446711546122731,10.754843869934453,11.269427669584644,11.015141094572204,3.366501646120693,6.757711644237764,12.328828005937952,-5.656854249492381,-6.3508529610858835,-6.879922480183431,0.0,0.0,-1.1547005383792515,2.0816659994661326,2.23606797749979,0.0
427,19,24.0,21.0,19.0,18.0,12.0,9.0,12.0,3.0,0.0,60.0,49.0,34.0,56.0,40.0,29.0,49.0,31.0,25.0,86.0,85.0,89.0,72.0,61.0,56.0,57.0,37.0,22.0,1019.0,1029.0,1029.0,1013.0,1024.0,1026.0,1008.0,1019.0,1024.0,16.0,16.0,16.0,16.0,16.0,16.0,14.0,16.0,16.0,26.0,23.0,21.0,14.0,8.0,6.0,0.0,0.0,0.0,25.0,18.5,12.5,60.5,56.0,47.0,86.5,70.5,53.5,1018.0,1012.5,1008.5,16.0,16.0,14.0,24.5,12.0,0.0,2.5495097567963922,4.301162633521313,6.4031242374328485,7.810249675906654,11.313708498984761,12.409673645990857,1.0,7.483314773547883,13.24764129949177,-7.211102550927978,-7.810249675906654,-7.745966692414834,0.0,0.0,-1.4142135623730951,0.0,3.1622776601683795,0.0,2.3804761428476167,3.9157800414902435,5.507570547286102,10.754843869934453,11.210114480533491,10.708252269472673,-2.160246899469287,6.757711644237764,13.856406460551018,-5.887840577551898,-6.48074069840786,-6.95221787153807,0.0,0.0,-1.1547005383792515,1.1547005383792515,2.8284271247461903,0.0
428,8,26.0,24.0,21.0,19.0,18.0,12.0,13.0,12.0,3.0,61.0,60.0,49.0,56.0,56.0,40.0,45.0,49.0,31.0,87.0,86.0,85.0,69.0,72.0,61.0,50.0,57.0,37.0,1017.0,1019.0,1029.0,1012.0,1013.0,1024.0,1009.0,1008.0,1019.0,16.0,16.0,16.0,16.0,16.0,16.0,14.0,14.0,16.0,23.0,26.0,23.0,10.0,14.0,8.0,0.0,0.0,0.0,19.5,13.5,8.0,56.5,50.0,39.0,90.0,74.5,58.0,1023.5,1016.5,1011.5,16.0,14.5,8.5,27.5,10.5,0.5,-9.082951062292475,-7.745966692414834,-7.035623639735144,-6.324555320336759,-8.48528137423857,-8.94427190999916,4.301162633521313,7.483314773547883,10.173494974687902,9.082951062292475,6.324555320336759,3.605551275463989,0.0,-2.1213203435596424,-7.7781745930520225,6.0,-2.7386127875258306,0.7071067811865476,-7.211102550927978,-5.291502622129181,-2.449489742783178,3.696845502136472,6.110100926607787,7.393691004272944,3.559026084010437,8.812869377601524,14.224392195567912,4.654746681256314,-3.696845502136472,-5.627314338711377,0.0,-1.7320508075688772,-6.454972243679028,5.196152422706632,2.6457513110645907,0.5773502691896257
429,1,13.0,26.0,24.0,8.0,19.0,18.0,3.0,13.0,12.0,52.0,61.0,60.0,44.0,56.0,56.0,33.0,45.0,49.0,93.0,87.0,86.0,80.0,69.0,72.0,66.0,50.0,57.0,1030.0,1017.0,1019.0,1021.0,1012.0,1013.0,1014.0,1009.0,1008.0,16.0,16.0,16.0,13.0,16.0,16.0,3.0,14.0,14.0,32.0,23.0,26.0,11.0,10.0,14.0,1.0,0.0,0.0,8.0,4.5,1.0,42.0,36.5,29.5,92.5,83.5,74.0,1032.0,1026.0,1021.5,16.0,12.0,3.0,29.5,12.5,0.5,-11.597413504743201,-9.219544457292887,-7.615773105863909,-15.508062419270823,-13.583077707206124,-9.82344135219425,4.183300132670378,9.219544457292887,16.0,9.617692030835672,9.513148795220223,11.180339887498949,0.0,-2.5495097567963922,-7.7781745930520225,5.291502622129181,2.23606797749979,0.0,-9.39858145324779,-7.505553499465135,-6.191391873668904,-12.649110640673518,-11.090536506409418,-8.34665601703261,3.4641016151377544,7.32575365861197,12.42309676905615,7.767453465154029,7.745966692414834,9.146948489341495,0.0,-2.0816659994661326,-6.3508529610858835,3.958114029012639,-1.4142135623730951,0.0
430,1,3.0,13.0,26.0,1.0,8.0,19.0,-1.0,3.0,13.0,32.0,52.0,61.0,29.0,44.0,56.0,26.0,33.0,45.0,92.0,93.0,87.0,87.0,80.0,69.0,82.0,66.0,50.0,1034.0,1030.0,1017.0,1031.0,1021.0,1012.0,1029.0,1014.0,1009.0,16.0,16.0,16.0,11.0,13.0,16.0,3.0,3.0,14.0,27.0,32.0,23.0,14.0,11.0,10.0,0.0,1.0,0.0,3.0,1.0,-1.0,33.0,29.0,26.0,92.0,85.5,79.0,1032.0,1027.5,1023.0,16.0,12.0,3.0,20.5,10.0,0.0,-7.0710678118654755,-4.949747468305833,-2.8284271247461903,-14.071247279470288,-10.606601717798213,-4.949747468305833,-0.7071067811865476,4.47213595499958,10.488088481701515,0.0,5.049752469181039,6.363961030678928,0.0,0.0,0.0,-9.848857801796104,-5.244044240850758,-0.7071067811865476,-9.46924847422786,-7.52772652709081,-6.2182527020592095,-12.609520212918492,-11.090536506409418,-8.020806277010642,3.415650255319866,7.32575365861197,12.596295751794122,7.505553499465135,6.6332495807108,5.94418483337567,0.0,-1.7320508075688772,-6.3508529610858835,-6.137317546507322,-4.242640687119285,0.0
431,9,3.0,3.0,13.0,1.0,1.0,8.0,-1.0,-1.0,3.0,34.0,32.0,52.0,29.0,29.0,44.0,26.0,26.0,33.0,92.0,92.0,93.0,84.0,87.0,80.0,76.0,82.0,66.0,1030.0,1034.0,1030.0,1024.0,1031.0,1021.0,1017.0,1029.0,1014.0,16.0,16.0,16.0,13.0,11.0,13.0,3.0,3.0,3.0,14.0,27.0,32.0,6.0,14.0,11.0,0.0,0.0,1.0,10.0,5.0,0.5,35.0,31.5,27.0,96.0,74.0,51.5,1023.5,1019.0,1013.5,16.0,13.0,4.0,17.5,5.5,0.0,9.899494936611665,5.656854249492381,2.1213203435596424,2.0,3.5355339059327378,1.4142135623730951,5.656854249492381,-14.300349646075091,-34.90701935141412,-9.617692030835672,-8.631338250816034,-9.82344135219425,0.0,1.4142135623730951,1.4142135623730951,-7.745966692414834,-5.70087712549569,0.0,5.656854249492381,2.23606797749979,-1.5275252316519468,-11.430952132988164,-8.16496580927726,-3.872983346207417,4.58257569495584,-10.954451150103322,-26.962937525425527,-7.505553499465135,-4.041451884327381,3.265986323710904,0.0,0.0,1.1547005383792515,-6.95221787153807,-4.320493798938574,-0.5773502691896257
432,6,17.0,3.0,3.0,9.0,1.0,1.0,2.0,-1.0,-1.0,36.0,34.0,32.0,34.0,29.0,29.0,28.0,26.0,26.0,100.0,92.0,92.0,64.0,84.0,87.0,27.0,76.0,82.0,1017.0,1030.0,1034.0,1014.0,1024.0,1031.0,1010.0,1017.0,1029.0,16.0,16.0,16.0,13.0,13.0,11.0,5.0,3.0,3.0,21.0,14.0,27.0,5.0,6.0,14.0,0.0,0.0,0.0,14.0,7.5,1.5,36.5,32.5,24.5,98.0,69.0,39.5,1023.0,1018.0,1012.0,16.0,14.5,6.5,22.5,8.0,0.0,8.94427190999916,5.244044240850758,2.0,1.5811388300841898,2.8284271247461903,-4.743416490252569,4.898979485566356,-12.24744871391589,-29.79932885150268,-3.5355339059327378,-4.242640687119285,-4.06201920231798,0.0,2.1213203435596424,2.5495097567963922,5.385164807134504,4.183300132670378,0.0,7.302967433402215,4.281744192888376,1.632993161855452,1.7320508075688772,2.309401076758503,-3.872983346207417,4.0,-10.14889156509222,-24.576411454889016,-3.696845502136472,-5.32290647422377,-7.681145747868608,0.0,2.0816659994661326,2.0816659994661326,-6.082762530298219,-3.1091263510296048,0.0
433,1,11.0,17.0,3.0,6.0,9.0,1.0,1.0,2.0,-1.0,37.0,36.0,34.0,31.0,34.0,29.0,21.0,28.0,26.0,96.0,100.0,92.0,74.0,64.0,84.0,52.0,27.0,76.0,1029.0,1017.0,1030.0,1022.0,1014.0,1024.0,1014.0,1010.0,1017.0,16.0,16.0,16.0,16.0,13.0,13.0,8.0,5.0,3.0,24.0,21.0,14.0,11.0,5.0,6.0,0.0,0.0,0.0,6.5,3.5,0.0,33.5,28.0,20.0,94.0,73.0,52.0,1030.0,1025.5,1020.5,16.0,14.5,5.5,22.5,11.0,0.0,-7.648529270389178,-4.123105625617661,-1.5811388300841898,-4.898979485566356,-4.743416490252569,-5.1478150704935,-4.0,6.928203230275509,17.67766952966369,8.602325267042627,7.516648189186454,9.617692030835672,0.0,0.0,-2.8284271247461903,0.0,4.242640687119285,0.0,5.131601439446884,3.1622776601683795,1.1547005383792515,-3.8297084310253524,-2.581988897471611,-4.041451884327381,3.265986323710904,-10.066445913694333,-24.331050121192877,-2.6457513110645907,2.0816659994661326,6.733003292241386,0.0,0.0,-2.0,4.041451884327381,3.415650255319866,0.0
434,1,2.0,11.0,17.0,1.0,6.0,9.0,-1.0,1.0,2.0,30.0,37.0,36.0,25.0,31.0,34.0,19.0,21.0,28.0,92.0,96.0,100.0,72.0,74.0,64.0,52.0,52.0,27.0,1031.0,1029.0,1017.0,1029.0,1022.0,1014.0,1027.0,1014.0,1010.0,16.0,16.0,16.0,13.0,16.0,13.0,3.0,8.0,5.0,21.0,24.0,21.0,11.0,11.0,5.0,0.0,0.0,0.0,2.0,1.0,-1.0,32.0,28.0,22.5,96.0,82.5,68.5,1030.0,1027.5,1026.0,16.0,10.5,3.0,18.5,9.5,1.5,-6.363961030678928,-3.5355339059327378,-1.4142135623730951,-4.06201920231798,0.0,4.743416490252569,4.898979485566356,14.781745499094482,23.33452377915607,0.0,4.47213595499958,9.082951062292475,0.0,-4.123105625617661,-3.5355339059327378,-4.123105625617661,-2.1213203435596424,2.1213203435596424,-6.244997998398398,-3.366501646120693,-1.2909944487358056,-3.265986323710904,-1.7320508075688772,-1.1547005383792515,3.265986323710904,13.379088160259652,23.902580055996744,6.928203230275509,5.887840577551898,7.767453465154029,0.0,-2.886751345948129,-2.309401076758503,-2.886751345948129,3.0,1.7320508075688772
435,4,2.0,2.0,11.0,1.0,1.0,6.0,-1.0,-1.0,1.0,34.0,30.0,37.0,31.0,25.0,31.0,26.0,19.0,21.0,100.0,92.0,96.0,93.0,72.0,74.0,85.0,52.0,52.0,1029.0,1031.0,1029.0,1026.0,1029.0,1022.0,1025.0,1027.0,1014.0,16.0,16.0,16.0,8.0,13.0,16.0,3.0,3.0,8.0,16.0,21.0,24.0,8.0,11.0,11.0,3.0,0.0,0.0,4.0,2.5,0.5,37.5,34.5,30.0,100.0,94.0,87.0,1028.5,1026.0,1024.0,14.5,7.0,3.0,16.0,9.0,2.5,2.8284271247461903,2.1213203435596424,2.1213203435596424,5.70087712549569,6.519202405202649,7.516648189186454,5.656854249492381,14.916433890176299,23.50531854708632,-1.5811388300841898,-2.1213203435596424,-2.0,-2.1213203435596424,-3.8078865529319543,0.0,-3.5355339059327378,-1.5811388300841898,2.0,-4.654746681256314,-2.309401076758503,1.2909944487358056,2.309401076758503,4.041451884327381,6.027713773341708,4.0,12.12435565298214,19.192012227313043,-0.5773502691896257,3.6514837167011076,7.32575365861197,-1.7320508075688772,-3.559026084010437,-2.886751345948129,-3.366501646120693,-1.2909944487358056,1.632993161855452
436,6,6.0,2.0,2.0,4.0,1.0,1.0,2.0,-1.0,-1.0,41.0,34.0,30.0,38.0,31.0,25.0,34.0,26.0,19.0,100.0,100.0,92.0,95.0,93.0,72.0,89.0,85.0,52.0,1028.0,1029.0,1031.0,1026.0,1026.0,1029.0,1023.0,1025.0,1027.0,13.0,16.0,16.0,6.0,8.0,13.0,3.0,3.0,3.0,16.0,16.0,21.0,10.0,8.0,11.0,2.0,3.0,0.0,6.5,5.0,2.5,41.5,39.0,35.5,100.0,95.0,89.0,1028.5,1025.5,1022.5,14.5,7.0,2.5,16.0,8.0,1.5,2.9154759474226504,2.5495097567963922,2.23606797749979,5.0,5.1478150704935,6.041522986797286,0.0,1.4142135623730951,2.8284271247461903,0.0,-0.7071067811865476,-1.5811388300841898,0.0,0.0,-0.7071067811865476,0.0,-2.449489742783178,-1.0,2.3804761428476167,2.0816659994661326,1.8257418583505538,4.69041575982343,5.446711546122731,6.377042156569663,4.618802153517006,12.179217270963408,19.192012227313043,-1.1547005383792515,-1.8257418583505538,-1.7320508075688772,0.0,-2.886751345948129,-0.5773502691896257,-2.886751345948129,-2.6457513110645907,1.5275252316519468
437,11,7.0,6.0,2.0,6.0,4.0,1.0,3.0,2.0,-1.0,42.0,41.0,34.0,40.0,38.0,31.0,37.0,34.0,26.0,100.0,100.0,100.0,95.0,95.0,93.0,89.0,89.0,85.0,1029.0,1028.0,1029.0,1025.0,1026.0,1026.0,1022.0,1023.0,1025.0,16.0,13.0,16.0,8.0,6.0,8.0,2.0,3.0,3.0,16.0,16.0,16.0,6.0,10.0,8.0,1.0,2.0,3.0,12.0,8.5,4.0,50.5,44.5,39.0,100.0,95.0,89.5,1025.0,1020.0,1016.5,12.0,5.5,1.0,14.5,4.0,0.5,7.106335201775948,3.8078865529319543,1.5811388300841898,12.041594578792296,6.519202405202649,3.5355339059327378,0.0,0.0,0.7071067811865476,-5.612486080160912,-7.106335201775948,-7.810249675906654,-5.244044240850758,-3.24037034920393,-1.5811388300841898,-2.1213203435596424,-4.0,-1.0,6.244997998398398,3.559026084010437,2.160246899469287,10.63014581273465,6.683312551921141,5.446711546122731,0.0,1.1547005383792515,2.3804761428476167,-4.618802153517006,-5.802298395176403,-6.48074069840786,-4.618802153517006,-2.886751345948129,-1.2909944487358056,-1.7320508075688772,-3.0550504633038935,-1.0
438,11,17.0,7.0,6.0,11.0,6.0,4.0,5.0,3.0,2.0,59.0,42.0,41.0,49.0,40.0,38.0,41.0,37.0,34.0,100.0,100.0,100.0,95.0,95.0,95.0,90.0,89.0,89.0,1021.0,1029.0,1028.0,1015.0,1025.0,1026.0,1011.0,1022.0,1023.0,8.0,16.0,13.0,3.0,8.0,6.0,0.0,2.0,3.0,13.0,16.0,16.0,2.0,6.0,10.0,0.0,1.0,2.0,19.0,11.0,3.0,63.0,52.5,36.5,100.0,95.0,89.5,1023.0,1014.0,1010.0,12.0,4.5,0.0,23.5,6.0,2.0,7.615773105863909,3.5355339059327378,-2.449489742783178,13.285330255586423,8.06225774829855,-5.70087712549569,0.0,0.0,0.0,-4.898979485566356,-7.211102550927978,-7.905694150420948,0.0,-2.8284271247461903,-1.4142135623730951,14.696938456699069,4.898979485566356,2.7386127875258306,6.244997998398398,3.1091263510296048,-1.9148542155126762,10.862780491200215,6.683312551921141,-4.320493798938574,0.0,0.0,0.0,-3.958114029012639,-5.916079783099616,-6.48074069840786,1.7320508075688772,-2.0,-1.2909944487358056,12.0,3.265986323710904,2.160246899469287
439,4,21.0,17.0,7.0,11.0,11.0,6.0,1.0,5.0,3.0,67.0,59.0,42.0,56.0,49.0,40.0,32.0,41.0,37.0,100.0,100.0,100.0,95.0,95.0,95.0,89.0,90.0,89.0,1025.0,1021.0,1029.0,1013.0,1015.0,1025.0,1009.0,1011.0,1022.0,16.0,8.0,16.0,6.0,3.0,8.0,0.0,0.0,2.0,34.0,13.0,16.0,10.0,2.0,6.0,4.0,0.0,1.0,14.5,7.5,0.0,49.5,40.5,25.0,94.5,78.0,61.0,1031.5,1022.0,1016.0,16.0,10.0,1.5,33.0,13.0,3.5,-8.74642784226795,-4.949747468305833,-3.1622776601683795,-24.093567606313517,-21.354156504062622,-11.76860229593982,-7.7781745930520225,-24.041630560342615,-39.604292696625706,9.617692030835672,12.649110640673518,9.797958971132712,5.656854249492381,6.041522986797286,2.1213203435596424,14.781745499094482,7.0710678118654755,2.7386127875258306,-4.203173404306164,-2.8284271247461903,-2.309401076758503,-17.048949136725895,-16.64331697709324,-9.327379053088816,-6.3508529610858835,-19.629909152447276,-32.331615074619044,6.3508529610858835,8.563488385776752,4.864839839775475,0.0,4.0,1.2909944487358056,11.944315244779277,5.291502622129181,2.160246899469287
440,6,8.0,21.0,17.0,4.0,11.0,11.0,-1.0,1.0,5.0,32.0,67.0,59.0,25.0,56.0,49.0,18.0,32.0,41.0,89.0,100.0,100.0,61.0,95.0,95.0,33.0,89.0,90.0,1038.0,1025.0,1021.0,1031.0,1013.0,1015.0,1023.0,1009.0,1011.0,16.0,16.0,8.0,14.0,6.0,3.0,3.0,0.0,0.0,32.0,34.0,13.0,16.0,10.0,2.0,3.0,4.0,0.0,11.0,5.0,-2.0,30.5,24.0,18.5,85.0,57.5,30.0,1038.0,1033.0,1028.0,16.0,15.0,9.5,22.5,9.5,1.5,-8.154753215150045,-4.743416490252569,-2.0,-24.839484696748443,-21.965882636488796,-9.874208829065749,-9.617692030835672,-24.545875417267155,-39.824615503479755,9.192388155425117,13.038404810405298,12.165525060596439,0.0,5.830951894845301,9.433981132056603,-13.509256086106296,-8.154753215150045,-2.23606797749979,-6.244997998398398,-3.872983346207417,-2.8284271247461903,-19.748417658131498,-17.473789896108208,-9.591663046625438,-7.852812659593164,-20.041623354076552,-32.52178756874638,7.852812659593164,10.583005244258363,9.865765724632494,4.618802153517006,5.066228051190222,7.702813338860896,5.033222956847166,-4.795831523312719,1.4142135623730951
441,9,14.0,8.0,21.0,6.0,4.0,11.0,-3.0,-1.0,1.0,29.0,32.0,67.0,23.0,25.0,56.0,19.0,18.0,32.0,81.0,89.0,100.0,54.0,61.0,95.0,27.0,33.0,89.0,1038.0,1038.0,1025.0,1035.0,1031.0,1013.0,1033.0,1023.0,1009.0,16.0,16.0,16.0,16.0,14.0,6.0,16.0,3.0,0.0,13.0,32.0,34.0,3.0,16.0,10.0,0.0,3.0,4.0,15.0,7.5,0.0,33.0,26.5,21.5,81.5,55.0,28.0,1035.5,1032.0,1029.0,16.0,16.0,16.0,14.5,3.0,0.0,4.47213595499958,2.5495097567963922,4.0,5.244044240850758,4.743416490252569,3.605551275463989,-5.612486080160912,-4.743416490252569,-4.0,-3.5355339059327378,-3.1622776601683795,4.242640687119285,0.0,1.4142135623730951,9.192388155425117,-13.2664991614216,-9.192388155425117,-2.1213203435596424,-6.557438524302,-3.4641016151377544,3.0550504633038935,-19.748417658131498,-17.473789896108208,-7.52772652709081,-7.831560082980487,-20.008331597945226,-32.49615361854384,6.928203230275509,10.066445913694333,8.793937305515279,0.0,4.760952285695233,7.702813338860896,-10.893423092245461,-6.658328118479393,-1.8257418583505538
442,11,16.0,14.0,8.0,9.0,6.0,4.0,3.0,-3.0,-1.0,37.0,29.0,32.0,30.0,23.0,25.0,24.0,19.0,18.0,82.0,81.0,89.0,56.0,54.0,61.0,29.0,27.0,33.0,1033.0,1038.0,1038.0,1029.0,1035.0,1031.0,1025.0,1033.0,1023.0,16.0,16.0,16.0,16.0,16.0,14.0,16.0,16.0,3.0,16.0,13.0,32.0,3.0,3.0,16.0,0.0,0.0,3.0,14.0,10.0,5.5,44.0,39.0,30.5,91.0,62.5,33.5,1029.5,1025.5,1021.5,16.0,10.5,9.0,17.5,4.0,5.5,-2.449489742783178,2.5495097567963922,5.522680508593631,11.40175425099138,13.656500283747663,9.848857801796104,12.747548783981962,9.300537618869138,6.519202405202649,-6.082762530298219,-6.519202405202649,-7.516648189186454,0.0,-7.7781745930520225,-9.899494936611665,3.0,1.4142135623730951,7.7781745930520225,2.8284271247461903,2.3804761428476167,4.358898943540674,9.146948489341495,11.090536506409418,8.06225774829855,9.327379053088816,6.429100507328637,4.041451884327381,-4.96655480858378,-4.795831523312719,-2.0816659994661326,0.0,-6.244997998398398,-3.0,-10.692676621563626,-7.416198487095663,6.110100926607787
443,11,12.0,16.0,14.0,11.0,9.0,6.0,8.0,3.0,-3.0,51.0,37.0,29.0,48.0,30.0,23.0,37.0,24.0,19.0,100.0,82.0,81.0,69.0,56.0,54.0,38.0,29.0,27.0,1026.0,1033.0,1038.0,1022.0,1029.0,1035.0,1018.0,1025.0,1033.0,16.0,16.0,16.0,5.0,16.0,16.0,2.0,16.0,16.0,19.0,16.0,13.0,5.0,3.0,3.0,11.0,0.0,0.0,12.5,11.0,8.5,51.5,48.5,42.5,100.0,83.0,65.5,1022.0,1018.5,1015.0,16.0,6.5,2.0,16.0,5.5,33.0,-2.7386127875258306,1.4142135623730951,3.605551275463989,9.924716620639604,12.747548783981962,12.041594578792296,12.727922061357855,21.828879952943073,39.408120990476064,-7.516648189186454,-7.0,-6.519202405202649,0.0,-7.483314773547883,-9.899494936611665,-3.6742346141747673,1.5811388300841898,32.07023542164915,-1.9148542155126762,2.0816659994661326,4.546060565661952,9.327379053088816,11.16542281629615,10.246950765959598,10.408329997330663,17.86057109949175,32.19730837611534,-6.782329983125268,-6.683312551921141,-7.047458170621991,0.0,-6.110100926607787,-8.082903768654761,-2.449489742783178,1.2909944487358056,26.185237571323782
444,14,13.0,12.0,16.0,11.0,11.0,9.0,9.0,8.0,3.0,52.0,51.0,37.0,49.0,48.0,30.0,48.0,37.0,24.0,100.0,100.0,82.0,97.0,69.0,56.0,93.0,38.0,29.0,1018.0,1026.0,1033.0,1015.0,1022.0,1029.0,1012.0,1018.0,1025.0,16.0,16.0,16.0,8.0,5.0,16.0,2.0,2.0,16.0,13.0,19.0,16.0,6.0,5.0,3.0,55.0,11.0,0.0,15.0,12.5,9.5,52.0,49.5,48.5,98.0,87.5,76.5,1019.5,1016.0,1013.5,16.0,12.0,9.0,13.5,6.0,27.5,2.9154759474226504,2.1213203435596424,1.0,0.7071067811865476,1.0,7.810249675906654,-2.8284271247461903,14.543039572248986,31.11269837220809,-5.244044240850758,-4.743416490252569,-3.6742346141747673,0.0,6.041522986797286,9.899494936611665,-4.183300132670378,0.7071067811865476,-23.33452377915607,0.5773502691896257,2.0816659994661326,3.0,8.103497187428813,10.424330514074594,9.848857801796104,10.132456102380443,14.047538337136986,25.92939130279254,-5.887840577551898,-5.597618541248888,-5.033222956847166,0.0,-4.0,0.0,-2.943920288775949,1.2909944487358056,-17.962924780409974
445,14,17.0,13.0,12.0,14.0,11.0,11.0,10.0,9.0,8.0,52.0,52.0,51.0,50.0,49.0,48.0,49.0,48.0,37.0,96.0,100.0,100.0,78.0,97.0,69.0,60.0,93.0,38.0,1021.0,1018.0,1026.0,1017.0,1015.0,1022.0,1015.0,1012.0,1018.0,16.0,16.0,16.0,16.0,8.0,5.0,16.0,2.0,2.0,14.0,13.0,19.0,6.0,6.0,5.0,0.0,55.0,11.0,16.0,14.0,11.0,51.5,50.0,49.0,91.0,78.5,66.0,1023.0,1020.0,1018.0,16.0,16.0,16.0,17.5,8.0,0.0,2.449489742783178,2.1213203435596424,1.5811388300841898,-0.7071067811865476,0.7071067811865476,0.7071067811865476,-7.615773105863909,-13.416407864998739,-21.737065119284157,3.5355339059327378,4.47213595499958,4.743416490252569,0.0,5.656854249492381,9.899494936611665,5.0,2.8284271247461903,-38.890872965260115,2.0816659994661326,1.7320508075688772,1.4142135623730951,0.0,0.816496580927726,6.377042156569663,-6.2182527020592095,11.88836966675134,26.331223544175334,-3.605551275463989,-1.7320508075688772,1.7320508075688772,0.0,4.932882862316247,8.082903768654761,2.160246899469287,2.3804761428476167,-19.05255888325765
446,17,15.0,17.0,13.0,14.0,14.0,11.0,12.0,10.0,9.0,51.0,52.0,52.0,50.0,50.0,49.0,49.0,49.0,48.0,86.0,96.0,100.0,79.0,78.0,97.0,72.0,60.0,93.0,1025.0,1021.0,1018.0,1023.0,1017.0,1015.0,1021.0,1015.0,1012.0,16.0,16.0,16.0,16.0,16.0,8.0,16.0,16.0,2.0,21.0,14.0,13.0,10.0,6.0,6.0,0.0,0.0,55.0,19.0,15.5,11.5,53.0,51.0,49.0,91.0,76.0,60.5,1023.5,1021.0,1018.5,16.0,16.0,15.0,21.0,9.0,0.5,5.477225575051661,2.1213203435596424,1.224744871391589,2.7386127875258306,1.4142135623730951,0.0,0.0,-4.183300132670378,-13.874436925511608,1.8708286933869707,3.1622776601683795,2.345207879911715,0.0,0.0,-1.4142135623730951,4.949747468305833,2.449489742783178,0.7071067811865476,5.033222956847166,2.449489742783178,1.1547005383792515,2.23606797749979,1.2909944487358056,0.5773502691896257,-2.309401076758503,-11.489125293076057,-22.166040091395065,2.309401076758503,2.8284271247461903,2.581988897471611,0.0,4.618802153517006,8.0,4.08248290463863,2.0,-31.74901573277509
447,19,23.0,15.0,17.0,17.0,14.0,14.0,11.0,12.0,10.0,55.0,51.0,52.0,52.0,50.0,50.0,49.0,49.0,49.0,96.0,86.0,96.0,73.0,79.0,78.0,49.0,72.0,60.0,1022.0,1025.0,1021.0,1019.0,1023.0,1017.0,1016.0,1021.0,1015.0,16.0,16.0,16.0,16.0,16.0,16.0,14.0,16.0,16.0,21.0,21.0,14.0,8.0,10.0,6.0,1.0,0.0,0.0,24.5,18.0,11.5,54.5,52.0,47.5,98.0,70.5,42.5,1020.0,1017.5,1015.0,16.0,14.5,8.0,20.0,6.5,0.5,6.041522986797286,2.5495097567963922,0.0,2.7386127875258306,1.4142135623730951,-2.1213203435596424,7.615773105863909,-5.522680508593631,-18.681541692269406,-3.5355339059327378,-3.5355339059327378,-3.8078865529319543,0.0,-2.1213203435596424,-8.602325267042627,-1.4142135623730951,-2.5495097567963922,0.0,4.795831523312719,2.0816659994661326,1.1547005383792515,2.160246899469287,1.1547005383792515,-1.7320508075688772,2.309401076758503,-4.47213595499958,-13.589211407093005,-1.7320508075688772,1.9148542155126762,1.5275252316519468,0.0,-1.7320508075688772,-7.023769168568493,3.872983346207417,1.0,0.0
448,19,26.0,23.0,15.0,19.0,17.0,14.0,12.0,11.0,12.0,54.0,55.0,51.0,52.0,52.0,50.0,46.0,49.0,49.0,100.0,96.0,86.0,68.0,73.0,79.0,36.0,49.0,72.0,1018.0,1022.0,1025.0,1016.0,1019.0,1023.0,1014.0,1016.0,1021.0,16.0,16.0,16.0,13.0,16.0,16.0,2.0,14.0,16.0,19.0,21.0,21.0,5.0,8.0,10.0,0.0,1.0,0.0,26.0,19.0,12.0,53.5,50.5,45.0,94.5,64.5,34.5,1020.5,1017.5,1015.5,16.0,14.5,9.0,21.5,7.5,0.0,2.1213203435596424,1.4142135623730951,0.7071067811865476,-1.0,-2.1213203435596424,-2.5495097567963922,-7.245688373094719,-6.082762530298219,-9.433981132056603,2.1213203435596424,0.0,1.5811388300841898,0.0,0.0,5.0990195135927845,3.24037034920393,2.8284271247461903,-0.7071067811865476,4.932882862316247,2.0816659994661326,0.0,2.160246899469287,-1.2909944487358056,-2.0816659994661326,-1.2909944487358056,-6.0553007081949835,-15.351438586225939,0.0,-2.309401076758503,-2.581988897471611,0.0,0.0,4.0,2.6457513110645907,2.0,0.0
449,16,26.0,26.0,23.0,19.0,19.0,17.0,12.0,12.0,11.0,53.0,54.0,55.0,49.0,52.0,52.0,44.0,46.0,49.0,89.0,100.0,96.0,61.0,68.0,73.0,33.0,36.0,49.0,1023.0,1018.0,1022.0,1019.0,1016.0,1019.0,1017.0,1014.0,1016.0,16.0,16.0,16.0,16.0,13.0,16.0,16.0,2.0,14.0,24.0,19.0,21.0,10.0,5.0,8.0,0.0,0.0,1.0,23.5,17.5,11.5,53.5,50.0,46.0,89.0,66.5,44.0,1025.0,1022.0,1020.0,16.0,16.0,16.0,21.5,7.5,0.0,-3.5355339059327378,-2.1213203435596424,-0.7071067811865476,0.0,-1.5811388300841898,2.449489742783178,-7.7781745930520225,6.0,15.411035007422441,4.527692569068709,4.743416490252569,4.743416490252569,0.0,2.1213203435596424,9.899494936611665,0.0,0.0,0.0,-2.309401076758503,-1.2909944487358056,0.0,-0.5773502691896257,-1.2909944487358056,1.0,-5.916079783099616,3.958114029012639,10.099504938362077,2.886751345948129,3.4641016151377544,3.696845502136472,0.0,0.0,4.163331998932265,-1.1547005383792515,-1.7320508075688772,-0.5773502691896257
450,18,21.0,26.0,26.0,16.0,19.0,19.0,11.0,12.0,12.0,54.0,53.0,54.0,51.0,49.0,52.0,48.0,44.0,46.0,89.0,89.0,100.0,72.0,61.0,68.0,55.0,33.0,36.0,1027.0,1023.0,1018.0,1025.0,1019.0,1016.0,1023.0,1017.0,1014.0,16.0,16.0,16.0,16.0,16.0,13.0,16.0,16.0,2.0,19.0,24.0,19.0,5.0,10.0,5.0,0.0,0.0,0.0,23.0,17.0,11.0,58.0,53.5,49.5,94.5,72.5,50.5,1026.0,1024.0,1022.0,16.0,15.0,11.0,17.5,5.0,0.0,-2.1213203435596424,-1.5811388300841898,-0.7071067811865476,5.70087712549569,3.8078865529319543,3.5355339059327378,7.7781745930520225,7.810249675906654,14.19506956657839,2.449489742783178,4.0,4.0,0.0,-1.4142135623730951,-7.0710678118654755,-4.123105625617661,-3.5355339059327378,0.0,-1.7320508075688772,-1.2909944487358056,-0.5773502691896257,4.618802153517006,2.581988897471611,2.6457513110645907,0.0,4.932882862316247,11.460075625114056,3.5118845842842465,3.696845502136472,3.696845502136472,0.0,1.2909944487358056,5.656854249492381,-1.7320508075688772,0.0,0.0
451,21,25.0,21.0,26.0,18.0,16.0,19.0,11.0,11.0,12.0,62.0,54.0,53.0,56.0,51.0,49.0,51.0,48.0,44.0,100.0,89.0,89.0,73.0,72.0,61.0,46.0,55.0,33.0,1025.0,1027.0,1023.0,1023.0,1025.0,1019.0,1021.0,1023.0,1017.0,16.0,16.0,16.0,14.0,16.0,16.0,6.0,16.0,16.0,16.0,19.0,24.0,5.0,5.0,10.0,0.0,0.0,0.0,25.0,19.5,14.0,64.0,59.5,56.0,100.0,77.5,55.0,1023.5,1021.5,1019.0,16.0,13.5,6.0,15.0,5.0,0.0,2.8284271247461903,2.5495097567963922,4.242640687119285,6.324555320336759,6.082762530298219,7.3824115301167,7.7781745930520225,6.4031242374328485,11.022703842524301,-2.5495097567963922,-2.5495097567963922,-3.1622776601683795,0.0,-1.5811388300841898,-7.0710678118654755,-2.5495097567963922,0.0,0.0,-1.7320508075688772,1.1547005383792515,3.415650255319866,5.196152422706632,5.0990195135927845,6.454972243679028,6.3508529610858835,8.225975119502044,15.56705923844749,1.0,2.7688746209726918,2.309401076758503,0.0,-1.2909944487358056,-5.773502691896258,-3.559026084010437,-2.886751345948129,0.0
452,22,25.0,25.0,21.0,21.0,18.0,16.0,17.0,11.0,11.0,66.0,62.0,54.0,63.0,56.0,51.0,61.0,51.0,48.0,100.0,100.0,89.0,82.0,73.0,72.0,64.0,46.0,55.0,1022.0,1025.0,1027.0,1020.0,1023.0,1025.0,1017.0,1021.0,1023.0,16.0,16.0,16.0,13.0,14.0,16.0,6.0,6.0,16.0,14.0,16.0,19.0,5.0,5.0,5.0,0.0,0.0,0.0,26.0,21.5,16.5,65.5,62.0,59.5,96.5,78.0,59.0,1020.0,1018.0,1015.0,16.0,14.5,9.5,17.5,5.5,1.5,1.4142135623730951,2.23606797749979,4.183300132670378,2.7386127875258306,4.743416490252569,6.745368781616021,-4.949747468305833,2.9154759474226504,10.583005244258363,-3.5355339059327378,-3.5355339059327378,-4.0,0.0,2.0,4.949747468305833,4.743416490252569,0.7071067811865476,2.1213203435596424,2.581988897471611,2.160246899469287,3.415650255319866,5.131601439446884,4.83045891539648,5.773502691896258,4.898979485566356,2.449489742783178,6.904105059069326,-3.1091263510296048,-3.1091263510296048,-3.4641016151377544,0.0,1.1547005383792515,-4.123105625617661,3.4641016151377544,0.5773502691896257,1.7320508075688772
453,23,27.0,25.0,25.0,22.0,21.0,18.0,16.0,17.0,11.0,65.0,66.0,62.0,61.0,63.0,56.0,58.0,61.0,51.0,93.0,100.0,100.0,74.0,82.0,73.0,54.0,64.0,46.0,1018.0,1022.0,1025.0,1016.0,1020.0,1023.0,1013.0,1017.0,1021.0,16.0,16.0,16.0,16.0,13.0,14.0,13.0,6.0,6.0,21.0,14.0,16.0,6.0,5.0,5.0,3.0,0.0,0.0,27.5,22.5,16.5,65.5,62.5,59.5,96.5,76.5,56.0,1017.0,1015.0,1012.5,16.0,14.5,8.0,20.0,7.0,1.5,1.5811388300841898,1.0,0.0,0.0,1.5811388300841898,0.0,0.0,-4.415880433163924,-6.48074069840786,-3.1622776601683795,-3.1622776601683795,-2.9154759474226504,0.0,0.0,-5.049752469181039,4.743416490252569,1.5811388300841898,0.0,1.2909944487358056,1.9148542155126762,3.4641016151377544,2.309401076758503,4.242640687119285,5.773502691896258,0.0,3.7416573867739413,8.94427190999916,-3.1091263510296048,-3.1091263510296048,-3.3166247903554,0.0,-0.5773502691896257,-4.123105625617661,3.696845502136472,1.2909944487358056,0.0
454,18,28.0,27.0,25.0,23.0,22.0,21.0,17.0,16.0,17.0,66.0,65.0,66.0,64.0,61.0,63.0,61.0,58.0,61.0,100.0,93.0,100.0,79.0,74.0,82.0,58.0,54.0,64.0,1016.0,1018.0,1022.0,1014.0,1016.0,1020.0,1012.0,1013.0,1017.0,16.0,16.0,16.0,13.0,16.0,13.0,3.0,13.0,6.0,19.0,21.0,14.0,8.0,6.0,5.0,0.0,3.0,0.0,25.0,20.5,15.5,66.5,62.5,58.0,96.5,84.0,71.0,1018.5,1016.5,1013.5,16.0,11.5,1.5,21.5,7.0,15.0,-4.183300132670378,-3.4641016151377544,-2.0,1.0,0.0,-3.6742346141747673,0.0,7.905694150420948,18.601075237738275,3.24037034920393,3.24037034920393,2.0,0.0,-3.0,-7.3824115301167,3.24037034920393,0.0,21.106870919205434,-3.2145502536643185,-2.7688746209726918,-1.7320508075688772,0.5773502691896257,-1.1547005383792515,-3.4641016151377544,-4.041451884327381,4.509249752822894,14.047538337136986,1.2909944487358056,1.2909944487358056,-1.632993161855452,0.0,-1.7320508075688772,-4.47213595499958,4.83045891539648,0.5773502691896257,17.320508075688775
455,14,22.0,28.0,27.0,18.0,23.0,22.0,14.0,17.0,16.0,67.0,66.0,65.0,61.0,64.0,61.0,55.0,61.0,58.0,93.0,100.0,93.0,89.0,79.0,74.0,84.0,58.0,54.0,1021.0,1016.0,1018.0,1019.0,1014.0,1016.0,1015.0,1012.0,1013.0,16.0,16.0,16.0,10.0,13.0,16.0,0.0,3.0,13.0,24.0,19.0,21.0,6.0,8.0,6.0,30.0,0.0,3.0,19.0,16.0,13.5,62.5,58.5,54.5,96.5,92.0,87.0,1021.0,1019.0,1015.5,16.0,10.5,1.5,20.0,6.0,20.5,-6.0,-4.527692569068709,-2.23606797749979,-6.324555320336759,-4.123105625617661,-4.301162633521313,0.0,8.246211251235321,18.867962264113206,3.5355339059327378,3.5355339059327378,2.23606797749979,0.0,-2.0,0.0,-4.415880433163924,-1.4142135623730951,16.416455159382004,-4.864839839775475,-3.6514837167011076,-1.7320508075688772,-5.131601439446884,-2.886751345948129,-3.0550504633038935,4.041451884327381,7.32575365861197,15.57776192739723,2.6457513110645907,2.6457513110645907,1.7320508075688772,0.0,-2.3804761428476167,-5.773502691896258,-3.7859388972001824,0.0,13.291601358251256
456,20,16.0,22.0,28.0,14.0,18.0,23.0,13.0,14.0,17.0,58.0,67.0,66.0,56.0,61.0,64.0,54.0,55.0,61.0,100.0,93.0,100.0,95.0,89.0,79.0,90.0,84.0,58.0,1021.0,1021.0,1016.0,1019.0,1019.0,1014.0,1016.0,1015.0,1012.0,16.0,16.0,16.0,11.0,10.0,13.0,3.0,0.0,3.0,16.0,24.0,19.0,6.0,6.0,8.0,11.0,30.0,0.0,21.0,17.0,13.5,58.5,56.5,54.5,100.0,85.0,70.0,1020.0,1018.0,1015.5,16.0,13.5,7.0,15.0,6.0,5.5,5.656854249492381,3.1622776601683795,0.0,-6.324555320336759,-3.4641016151377544,0.0,4.949747468305833,-13.490737563232042,-27.964262908219126,-1.4142135623730951,-1.4142135623730951,0.0,0.0,3.605551275463989,6.041522986797286,-5.830951894845301,0.0,-15.524174696260024,3.0550504633038935,-1.2909944487358056,-1.7320508075688772,-5.131601439446884,-3.3166247903554,-3.4641016151377544,0.0,-9.38083151964686,-17.204650534085253,2.6457513110645907,2.6457513110645907,1.7320508075688772,0.0,2.3804761428476167,4.618802153517006,-3.7859388972001824,-1.1547005383792515,11.803954139750516
457,19,26.0,16.0,22.0,20.0,14.0,18.0,14.0,13.0,14.0,59.0,58.0,67.0,57.0,56.0,61.0,55.0,54.0,55.0,100.0,100.0,93.0,75.0,95.0,89.0,50.0,90.0,84.0,1019.0,1021.0,1021.0,1017.0,1019.0,1019.0,1015.0,1016.0,1015.0,16.0,16.0,16.0,16.0,11.0,10.0,11.0,3.0,0.0,14.0,16.0,24.0,6.0,6.0,6.0,0.0,11.0,30.0,26.5,19.5,12.5,59.0,56.5,53.0,100.0,74.0,47.5,1019.5,1017.5,1015.5,16.0,16.0,10.5,14.0,5.5,0.0,7.106335201775948,4.183300132670378,-2.0,0.7071067811865476,0.0,-2.7386127875258306,0.0,-14.212670403551895,-28.50438562747845,-1.224744871391589,-1.224744871391589,0.0,0.0,3.5355339059327378,5.612486080160912,-1.4142135623730951,-0.7071067811865476,-7.7781745930520225,4.654746681256314,2.516611478423583,-1.7320508075688772,-5.163977794943222,-2.886751345948129,-2.309401076758503,4.041451884327381,-11.075498483890767,-23.014488190413157,-1.0,-1.0,0.5773502691896257,0.0,2.943920288775949,4.898979485566356,-4.760952285695233,-0.5773502691896257,-12.675435561221029
458,22,27.0,26.0,16.0,19.0,20.0,14.0,11.0,14.0,13.0,59.0,59.0,58.0,56.0,57.0,56.0,51.0,55.0,54.0,100.0,100.0,100.0,73.0,75.0,95.0,45.0,50.0,90.0,1020.0,1019.0,1021.0,1018.0,1017.0,1019.0,1016.0,1015.0,1016.0,16.0,16.0,16.0,16.0,16.0,11.0,10.0,11.0,3.0,14.0,14.0,16.0,5.0,6.0,6.0,0.0,0.0,11.0,27.5,20.5,13.0,60.5,58.0,54.0,98.5,72.5,46.0,1018.5,1016.5,1014.0,16.0,16.0,12.0,18.5,8.0,0.0,1.0,2.0,1.8708286933869707,2.1213203435596424,2.7386127875258306,3.1622776601683795,-2.1213203435596424,-1.5811388300841898,-3.24037034920393,-2.0,-2.0,-2.7386127875258306,0.0,0.0,2.7386127875258306,6.363961030678928,4.183300132670378,0.0,5.830951894845301,3.8297084310253524,1.632993161855452,1.8257418583505538,2.309401076758503,2.6457513110645907,-1.7320508075688772,-11.61895003862225,-23.24507116214819,-2.0,-2.0,-2.309401076758503,0.0,2.886751345948129,5.131601439446884,5.066228051190222,3.415650255319866,-6.3508529610858835
459,23,28.0,27.0,26.0,22.0,19.0,20.0,15.0,11.0,14.0,62.0,59.0,59.0,60.0,56.0,57.0,57.0,51.0,55.0,97.0,100.0,100.0,72.0,73.0,75.0,47.0,45.0,50.0,1017.0,1020.0,1019.0,1015.0,1018.0,1017.0,1012.0,1016.0,1015.0,16.0,16.0,16.0,16.0,16.0,16.0,14.0,10.0,11.0,23.0,14.0,14.0,11.0,5.0,6.0,0.0,0.0,0.0,28.5,22.5,16.0,62.5,60.5,58.0,95.0,72.0,49.0,1016.0,1014.0,1011.0,16.0,16.0,15.0,24.5,12.0,0.0,1.0,2.23606797749979,3.1622776601683795,2.23606797749979,2.9154759474226504,4.47213595499958,-3.5355339059327378,-0.7071067811865476,3.1622776601683795,-2.5495097567963922,-2.5495097567963922,-3.1622776601683795,0.0,0.0,3.1622776601683795,6.708203932499369,4.47213595499958,0.0,1.0,1.7320508075688772,1.9148542155126762,1.8257418583505538,2.309401076758503,2.8284271247461903,-2.886751345948129,-1.2909944487358056,-1.2909944487358056,-2.0,-2.0,-2.516611478423583,0.0,0.0,2.516611478423583,5.477225575051661,3.605551275463989,0.0
460,17,29.0,28.0,27.0,23.0,22.0,19.0,17.0,15.0,11.0,63.0,62.0,59.0,61.0,60.0,56.0,59.0,57.0,51.0,93.0,97.0,100.0,72.0,72.0,73.0,51.0,47.0,45.0,1015.0,1017.0,1020.0,1013.0,1015.0,1018.0,1010.0,1012.0,1016.0,16.0,16.0,16.0,16.0,16.0,16.0,16.0,14.0,10.0,26.0,23.0,14.0,13.0,11.0,5.0,0.0,0.0,0.0,25.0,20.0,14.5,64.0,54.5,46.0,93.0,67.0,41.0,1018.5,1015.0,1010.5,16.0,15.0,9.5,29.0,14.5,0.5,-5.612486080160912,-4.183300132670378,-3.24037034920393,1.5811388300841898,-9.16515138991168,-18.33030277982336,-2.8284271247461903,-7.0710678118654755,-13.856406460551018,4.743416490252569,2.449489742783178,-1.224744871391589,0.0,-1.4142135623730951,-9.082951062292475,4.743416490252569,2.5495097567963922,0.7071067811865476,-4.546060565661952,-2.943920288775949,-1.2909944487358056,2.160246899469287,-7.118052168020874,-14.560219778561036,-2.886751345948129,-5.802298395176403,-11.254628677422755,3.4641016151377544,1.0,-2.516611478423583,0.0,-1.1547005383792515,-7.047458170621991,6.48074069840786,4.041451884327381,0.5773502691896257
461,18,21.0,29.0,28.0,17.0,23.0,22.0,12.0,17.0,15.0,65.0,63.0,62.0,48.0,61.0,60.0,33.0,59.0,57.0,93.0,93.0,97.0,62.0,72.0,72.0,31.0,51.0,47.0,1022.0,1015.0,1017.0,1017.0,1013.0,1015.0,1011.0,1010.0,1012.0,16.0,16.0,16.0,14.0,16.0,16.0,3.0,16.0,14.0,32.0,26.0,23.0,16.0,13.0,11.0,1.0,0.0,0.0,24.5,17.5,10.0,54.5,42.0,31.0,82.0,53.0,23.5,1022.5,1019.0,1015.0,16.0,15.0,9.5,26.5,11.0,0.5,-2.7386127875258306,-4.183300132670378,-4.527692569068709,-14.781745499094482,-12.509996003196804,-18.601075237738275,-15.556349186104045,-14.560219778561036,-17.67766952966369,5.0,4.0,5.70087712549569,0.0,0.0,0.0,-6.519202405202649,-6.745368781616021,0.0,-2.160246899469287,-3.366501646120693,-3.5118845842842465,-12.055427546683417,-10.198039027185569,-15.14375558880073,-12.909944487358056,-11.88836966675134,-14.247806848775006,3.9157800414902435,3.0550504633038935,4.509249752822894,0.0,0.0,1.1547005383792515,-5.033222956847166,-5.385164807134504,0.0
462,19,28.0,21.0,29.0,18.0,17.0,23.0,8.0,12.0,17.0,44.0,65.0,63.0,36.0,48.0,61.0,29.0,33.0,59.0,71.0,93.0,93.0,44.0,62.0,72.0,16.0,31.0,51.0,1023.0,1022.0,1015.0,1021.0,1017.0,1013.0,1019.0,1011.0,1010.0,16.0,16.0,16.0,16.0,14.0,16.0,16.0,3.0,16.0,21.0,32.0,26.0,6.0,16.0,13.0,0.0,1.0,0.0,28.5,18.5,8.5,46.5,40.0,34.5,78.5,49.0,19.0,1022.0,1020.0,1017.5,16.0,16.0,16.0,21.0,7.0,0.0,5.0,1.0,-2.7386127875258306,-14.422205101855956,-6.324555320336759,7.245688373094719,-11.379806676741042,-10.583005244258363,-9.72111104761179,-1.224744871391589,2.449489742783178,5.244044240850758,0.0,1.4142135623730951,9.192388155425117,-7.7781745930520225,-6.928203230275509,-0.7071067811865476,-2.160246899469287,-3.366501646120693,-3.6514837167011076,-11.718930554164631,-9.1104335791443,-13.796134724383252,-9.291573243177568,-10.392304845413264,-14.011899704655802,3.9157800414902435,3.0550504633038935,4.320493798938574,0.0,0.0,0.0,-5.32290647422377,-5.385164807134504,0.0
463,22,29.0,28.0,21.0,19.0,18.0,17.0,9.0,8.0,12.0,49.0,44.0,65.0,44.0,36.0,48.0,40.0,29.0,33.0,86.0,71.0,93.0,54.0,44.0,62.0,22.0,16.0,31.0,1021.0,1023.0,1022.0,1019.0,1021.0,1017.0,1016.0,1019.0,1011.0,16.0,16.0,16.0,16.0,16.0,14.0,16.0,16.0,3.0,21.0,21.0,32.0,8.0,6.0,16.0,0.0,0.0,1.0,29.0,20.5,11.5,54.5,50.0,45.0,89.5,60.5,31.0,1020.5,1018.5,1016.0,16.0,16.0,16.0,24.0,10.5,0.0,0.7071067811865476,2.23606797749979,3.605551275463989,8.54400374531753,10.198039027185569,10.51189802081432,11.704699910719626,11.597413504743201,13.416407864998739,-1.5811388300841898,-1.5811388300841898,-2.1213203435596424,0.0,0.0,0.0,4.242640687119285,3.8078865529319543,0.0,4.08248290463863,1.9148542155126762,1.8257418583505538,-9.91631652042901,4.618802153517006,8.266397845091497,-8.366600265340756,-4.281744192888376,6.708203932499369,-1.1547005383792515,1.9148542155126762,4.281744192888376,0.0,1.1547005383792515,7.505553499465135,-5.32290647422377,-4.864839839775475,-0.5773502691896257
464,22,29.0,29.0,28.0,22.0,19.0,18.0,14.0,9.0,8.0,60.0,49.0,44.0,56.0,44.0,36.0,50.0,40.0,29.0,93.0,86.0,71.0,67.0,54.0,44.0,40.0,22.0,16.0,1020.0,1021.0,1023.0,1018.0,1019.0,1021.0,1016.0,1016.0,1019.0,16.0,16.0,16.0,16.0,16.0,16.0,16.0,16.0,16.0,27.0,21.0,21.0,13.0,8.0,6.0,0.0,0.0,0.0,28.0,22.0,16.0,62.0,59.0,55.0,93.0,71.5,49.0,1021.0,1019.0,1016.5,16.0,16.0,15.0,23.0,10.5,0.0,-1.4142135623730951,2.1213203435596424,4.527692569068709,8.276472678623424,9.486832980505138,10.0,4.949747468305833,11.180339887498949,18.0,1.224744871391589,1.224744871391589,0.7071067811865476,0.0,0.0,-1.4142135623730951,-3.7416573867739413,0.0,0.0,-1.0,1.8257418583505538,3.7416573867739413,7.3484692283495345,9.018499505645789,10.344080432788601,9.556847457887633,10.801234497346433,15.0996688705415,-0.5773502691896257,-0.5773502691896257,-1.632993161855452,0.0,0.0,-1.1547005383792515,-3.0550504633038935,1.1547005383792515,0.0
465,23,27.0,29.0,29.0,22.0,22.0,19.0,18.0,14.0,9.0,64.0,60.0,49.0,62.0,56.0,44.0,60.0,50.0,40.0,93.0,93.0,86.0,76.0,67.0,54.0,58.0,40.0,22.0,1022.0,1020.0,1021.0,1020.0,1018.0,1019.0,1017.0,1016.0,1016.0,16.0,16.0,16.0,16.0,16.0,16.0,14.0,16.0,16.0,19.0,27.0,21.0,8.0,13.0,8.0,0.0,0.0,0.0,27.5,22.5,18.5,65.0,62.0,59.5,93.0,75.0,56.0,1020.5,1018.0,1015.0,16.0,16.0,12.5,20.0,9.5,0.0,-1.224744871391589,0.7071067811865476,2.9154759474226504,3.1622776601683795,4.242640687119285,7.035623639735144,0.0,6.2048368229954285,12.409673645990857,-1.5811388300841898,-2.449489742783178,-2.7386127875258306,0.0,0.0,-2.5495097567963922,-5.477225575051661,-2.8284271247461903,0.0,-1.0,1.8257418583505538,3.7416573867739413,6.855654600401044,7.745966692414834,8.144527815247077,4.041451884327381,9.055385138137417,14.514360704718161,-1.4142135623730951,-2.0816659994661326,-2.23606797749979,0.0,0.0,-2.0816659994661326,-2.8284271247461903,1.7320508075688772,0.0
466,24,28.0,27.0,29.0,23.0,22.0,22.0,19.0,18.0,14.0,66.0,64.0,60.0,62.0,62.0,56.0,59.0,60.0,50.0,93.0,93.0,93.0,74.0,76.0,67.0,54.0,58.0,40.0,1019.0,1022.0,1020.0,1016.0,1020.0,1018.0,1013.0,1017.0,1016.0,16.0,16.0,16.0,16.0,16.0,16.0,11.0,14.0,16.0,21.0,19.0,27.0,11.0,8.0,13.0,0.0,0.0,0.0,28.0,23.5,19.5,66.5,63.5,60.0,91.5,72.5,52.5,1017.0,1014.5,1011.5,16.0,15.0,8.5,22.0,11.0,0.0,0.7071067811865476,1.0,1.0,1.5811388300841898,2.1213203435596424,1.224744871391589,-2.1213203435596424,-2.5495097567963922,-3.5355339059327378,-3.5355339059327378,-3.5355339059327378,-3.5355339059327378,0.0,-1.4142135623730951,-4.123105625617661,2.0,2.1213203435596424,0.0,-1.0,0.816496580927726,2.449489742783178,2.6457513110645907,3.872983346207417,5.8594652770823155,-1.7320508075688772,4.760952285695233,9.983319421247959,-2.6457513110645907,-2.6457513110645907,-2.8284271247461903,0.0,-1.1547005383792515,-3.559026084010437,-4.320493798938574,-2.309401076758503,0.0
467,24,28.0,28.0,27.0,24.0,23.0,22.0,20.0,19.0,18.0,67.0,66.0,64.0,65.0,62.0,62.0,61.0,59.0,60.0,90.0,93.0,93.0,71.0,74.0,76.0,51.0,54.0,58.0,1015.0,1019.0,1022.0,1013.0,1016.0,1020.0,1010.0,1013.0,1017.0,16.0,16.0,16.0,14.0,16.0,16.0,6.0,11.0,14.0,23.0,21.0,19.0,11.0,11.0,8.0,0.0,0.0,0.0,28.5,24.0,20.0,67.5,65.5,62.0,90.0,73.5,56.5,1015.0,1013.0,1010.5,16.0,13.5,8.0,23.5,12.0,0.0,0.7071067811865476,0.7071067811865476,0.7071067811865476,1.0,2.23606797749979,2.0,-2.1213203435596424,2.8284271247461903,7.483314773547883,-2.8284271247461903,-2.1213203435596424,-2.0,0.0,-1.5811388300841898,-2.1213203435596424,1.5811388300841898,1.4142135623730951,0.0,0.816496580927726,0.816496580927726,0.816496580927726,1.4142135623730951,1.8257418583505538,1.5275252316519468,-1.7320508075688772,2.0,5.656854249492381,-2.886751345948129,-2.886751345948129,-2.8284271247461903,0.0,-1.2909944487358056,-2.449489742783178,1.7320508075688772,2.0816659994661326,0.0
468,24,29.0,28.0,28.0,24.0,24.0,23.0,20.0,20.0,19.0,68.0,67.0,66.0,66.0,65.0,62.0,63.0,61.0,59.0,90.0,90.0,93.0,76.0,71.0,74.0,62.0,51.0,54.0,1015.0,1015.0,1019.0,1013.0,1013.0,1016.0,1011.0,1010.0,1013.0,16.0,16.0,16.0,13.0,14.0,16.0,10.0,6.0,11.0,24.0,23.0,21.0,13.0,11.0,11.0,0.0,0.0,0.0,29.5,24.0,19.5,68.0,64.0,55.5,90.0,71.5,52.5,1018.5,1014.0,1011.5,16.0,13.0,8.0,25.5,12.0,0.0,1.0,0.0,-0.7071067811865476,0.7071067811865476,-2.7386127875258306,-10.51189802081432,0.0,-5.291502622129181,-10.954451150103322,4.949747468305833,1.4142135623730951,1.0,0.0,-0.7071067811865476,0.0,2.23606797749979,0.0,0.0,0.816496580927726,0.5773502691896257,0.0,0.816496580927726,-1.4142135623730951,-8.504900548115382,-1.7320508075688772,-4.654746681256314,-9.1104335791443,3.3166247903554,-1.2909944487358056,-1.5275252316519468,0.0,-1.2909944487358056,-2.886751345948129,2.160246899469287,0.0,0.0
469,17,30.0,29.0,28.0,24.0,24.0,24.0,19.0,20.0,20.0,68.0,68.0,67.0,62.0,66.0,65.0,48.0,63.0,61.0,90.0,90.0,90.0,67.0,76.0,71.0,43.0,62.0,51.0,1022.0,1015.0,1015.0,1015.0,1013.0,1013.0,1012.0,1011.0,1010.0,16.0,16.0,16.0,13.0,13.0,14.0,6.0,10.0,6.0,27.0,24.0,23.0,11.0,13.0,11.0,0.0,0.0,0.0,25.5,20.5,16.0,58.0,53.0,42.5,75.5,60.0,43.5,1024.5,1019.5,1017.0,16.0,14.5,11.0,27.0,12.0,0.0,-6.324555320336759,-4.949747468305833,-4.301162633521313,-14.142135623730951,-13.038404810405298,-13.152946437965905,-20.506096654409877,-11.76860229593982,-13.416407864998739,6.082762530298219,6.519202405202649,7.106335201775948,0.0,2.1213203435596424,6.48074069840786,2.1213203435596424,0.0,0.0,-5.131601439446884,-4.041451884327381,-3.5118845842842465,-11.532562594670797,-10.63014581273465,-10.677078252031311,-16.743157806499145,-9.16515138991168,-8.925618559330589,4.96655480858378,5.32290647422377,5.830951894845301,0.0,1.632993161855452,5.773502691896258,1.8257418583505538,1.1547005383792515,0.0
470,18,21.0,30.0,29.0,17.0,24.0,24.0,13.0,19.0,20.0,48.0,68.0,68.0,44.0,62.0,66.0,37.0,48.0,63.0,61.0,90.0,90.0,53.0,67.0,76.0,44.0,43.0,62.0,1027.0,1022.0,1015.0,1024.0,1015.0,1013.0,1022.0,1012.0,1011.0,16.0,16.0,16.0,16.0,13.0,13.0,16.0,6.0,10.0,27.0,27.0,24.0,13.0,11.0,13.0,0.0,0.0,0.0,21.0,17.5,14.0,56.0,51.5,42.5,80.5,65.5,50.0,1024.0,1020.0,1017.5,16.0,12.0,9.0,21.5,9.5,0.5,-6.363961030678928,-4.898979485566356,-4.0,-8.48528137423857,-7.035623639735144,0.0,18.439088914585774,14.64581851587681,8.514693182963201,-2.345207879911715,2.9154759474226504,3.082207001484488,0.0,-5.244044240850758,-6.928203230275509,-7.7781745930520225,-4.743416490252569,0.7071067811865476,-5.163977794943222,-4.0,-3.3166247903554,-6.928203230275509,-6.191391873668904,-8.660254037844387,15.05545305418162,10.770329614269007,-8.48528137423857,3.559026084010437,2.6457513110645907,2.581988897471611,0.0,-4.281744192888376,-6.110100926607787,-6.110100926607787,-4.041451884327381,0.5773502691896257
471,24,21.0,21.0,30.0,18.0,17.0,24.0,15.0,13.0,19.0,64.0,48.0,68.0,59.0,44.0,62.0,48.0,37.0,48.0,100.0,61.0,90.0,78.0,53.0,67.0,56.0,44.0,43.0,1021.0,1027.0,1022.0,1016.0,1024.0,1015.0,1013.0,1022.0,1012.0,16.0,16.0,16.0,8.0,16.0,13.0,2.0,16.0,6.0,16.0,27.0,27.0,6.0,13.0,11.0,1.0,0.0,0.0,25.0,21.0,16.5,65.5,62.0,56.0,100.0,77.0,53.5,1018.5,1015.0,1012.0,16.0,10.5,2.5,19.5,8.5,0.5,5.656854249492381,4.301162633521313,2.5495097567963922,11.510864433221338,11.423659658795863,13.729530217745982,27.577164466275352,17.621010186706094,7.713624310270756,-5.522680508593631,-5.830951894845301,-6.519202405202649,0.0,-4.415880433163924,-9.874208829065749,-6.0,-3.4641016151377544,0.0,-2.3804761428476167,-2.0,-2.7688746209726918,-6.708203932499369,-4.58257569495584,9.237604307034012,15.05545305418162,11.902380714238083,6.324555320336759,-3.4641016151377544,2.0816659994661326,2.23606797749979,0.0,-3.1622776601683795,-5.627314338711377,-4.898979485566356,-2.581988897471611,0.0
472,26,29.0,21.0,21.0,24.0,18.0,17.0,18.0,15.0,13.0,67.0,64.0,48.0,65.0,59.0,44.0,64.0,48.0,37.0,100.0,100.0,61.0,76.0,78.0,53.0,51.0,56.0,44.0,1016.0,1021.0,1027.0,1014.0,1016.0,1024.0,1011.0,1013.0,1022.0,16.0,16.0,16.0,13.0,8.0,16.0,3.0,2.0,16.0,23.0,16.0,27.0,11.0,6.0,13.0,0.0,1.0,0.0,30.0,25.0,19.0,67.0,65.0,63.0,95.0,73.5,51.0,1016.5,1014.5,1011.5,16.0,14.5,8.0,24.5,12.0,0.0,5.830951894845301,4.47213595499958,2.5495097567963922,2.1213203435596424,4.242640687119285,11.224972160321824,-7.0710678118654755,-3.8078865529319543,-3.5355339059327378,-3.4641016151377544,-1.224744871391589,-1.224744871391589,0.0,4.123105625617661,7.106335201775948,5.385164807134504,3.8078865529319543,-0.7071067811865476,4.760952285695233,3.696845502136472,2.3804761428476167,9.39858145324779,9.327379053088816,11.150485789118488,21.763884457207237,14.094916341243982,6.298147875897061,-4.47213595499958,-4.725815626252608,-5.291502622129181,0.0,-3.1622776601683795,-5.627314338711377,-4.58257569495584,-2.581988897471611,0.0
473,23,31.0,29.0,21.0,26.0,24.0,18.0,20.0,18.0,15.0,67.0,67.0,64.0,65.0,65.0,59.0,62.0,64.0,48.0,90.0,100.0,100.0,71.0,76.0,78.0,51.0,51.0,56.0,1017.0,1016.0,1021.0,1015.0,1014.0,1016.0,1012.0,1011.0,1013.0,16.0,16.0,16.0,16.0,13.0,8.0,13.0,3.0,2.0,26.0,23.0,16.0,13.0,11.0,6.0,0.0,0.0,1.0,28.5,24.5,20.5,68.0,66.0,63.5,90.0,76.0,61.0,1016.5,1014.0,1011.0,16.0,15.0,11.5,26.0,13.0,0.0,-3.24037034920393,-1.5811388300841898,1.5811388300841898,1.4142135623730951,1.4142135623730951,1.5811388300841898,-7.0710678118654755,6.123724356957945,14.142135623730951,0.0,-1.224744871391589,-1.224744871391589,0.0,1.5811388300841898,6.745368781616021,2.1213203435596424,1.4142135623730951,0.0,3.7859388972001824,3.2145502536643185,2.160246899469287,2.0816659994661326,3.6514837167011076,9.327379053088816,-5.773502691896258,4.864839839775475,11.180339887498949,-2.886751345948129,-1.5275252316519468,-1.5275252316519468,0.0,3.1622776601683795,5.5377492419453835,4.396968652757639,3.1091263510296048,-0.5773502691896257
474,26,26.0,31.0,29.0,23.0,26.0,24.0,21.0,20.0,18.0,69.0,67.0,67.0,67.0,65.0,65.0,65.0,62.0,64.0,90.0,90.0,100.0,81.0,71.0,76.0,71.0,51.0,51.0,1016.0,1017.0,1016.0,1013.0,1015.0,1014.0,1010.0,1012.0,1011.0,16.0,16.0,16.0,14.0,16.0,13.0,10.0,13.0,3.0,26.0,26.0,23.0,13.0,13.0,11.0,0.0,0.0,0.0,28.5,24.5,21.0,70.0,67.0,65.0,90.0,77.0,63.0,1015.0,1012.0,1008.5,16.0,14.0,10.5,25.0,12.0,0.0,0.0,0.0,0.7071067811865476,2.0,1.4142135623730951,2.1213203435596424,0.0,4.242640687119285,8.48528137423857,-1.5811388300841898,-2.0,-2.5495097567963922,0.0,-1.4142135623730951,-2.0,-1.4142135623730951,-1.4142135623730951,0.0,1.1547005383792515,1.1547005383792515,1.2909944487358056,1.632993161855452,1.1547005383792515,1.2909944487358056,-5.773502691896258,1.9148542155126762,6.928203230275509,-1.1547005383792515,-1.5275252316519468,-2.0,0.0,1.2909944487358056,5.5377492419453835,1.2909944487358056,0.0,0.0
475,18,31.0,26.0,31.0,26.0,23.0,26.0,21.0,21.0,20.0,71.0,69.0,67.0,67.0,67.0,65.0,65.0,65.0,62.0,90.0,90.0,90.0,73.0,81.0,71.0,55.0,71.0,51.0,1014.0,1016.0,1017.0,1011.0,1013.0,1015.0,1007.0,1010.0,1012.0,16.0,16.0,16.0,14.0,14.0,16.0,11.0,10.0,13.0,24.0,26.0,26.0,11.0,13.0,13.0,0.0,0.0,0.0,27.0,22.0,17.0,69.5,60.0,56.0,91.5,71.5,51.0,1018.5,1015.0,1010.5,16.0,15.0,13.5,23.5,9.5,1.0,-4.415880433163924,-5.244044240850758,-5.656854249492381,-1.5811388300841898,-9.899494936611665,-12.727922061357855,2.1213203435596424,-6.041522986797286,-12.649110640673518,6.2048368229954285,5.477225575051661,4.47213595499958,0.0,1.4142135623730951,3.605551275463989,-1.5811388300841898,-2.5495097567963922,1.4142135623730951,-4.618802153517006,-4.618802153517006,-4.58257569495584,-0.5773502691896257,-8.0,-10.246950765959598,1.7320508075688772,3.0,5.163977794943222,5.033222956847166,4.320493798938574,3.4641016151377544,0.0,0.0,2.3804761428476167,-1.2909944487358056,-2.0816659994661326,1.1547005383792515
476,18,23.0,31.0,26.0,18.0,26.0,23.0,13.0,21.0,21.0,68.0,71.0,69.0,53.0,67.0,67.0,47.0,65.0,65.0,93.0,90.0,90.0,70.0,73.0,81.0,47.0,55.0,71.0,1023.0,1014.0,1016.0,1019.0,1011.0,1013.0,1014.0,1007.0,1010.0,16.0,16.0,16.0,16.0,14.0,14.0,16.0,11.0,10.0,23.0,24.0,26.0,8.0,11.0,13.0,2.0,0.0,0.0,22.0,18.0,14.0,67.0,57.5,50.0,96.5,78.0,59.5,1021.5,1018.0,1014.5,16.0,12.0,9.0,17.0,6.5,2.0,-5.830951894845301,-5.656854249492381,-5.477225575051661,-2.5495097567963922,-7.582875444051551,-12.0,5.385164807134504,11.113055385446435,16.748134224444225,6.0,5.477225575051661,5.0,0.0,-5.477225575051661,-9.246621004453464,-8.514693182963201,-3.0,1.4142135623730951,-3.7859388972001824,-4.281744192888376,-4.47213595499958,-1.7320508075688772,-6.191391873668904,-9.797958971132712,4.396968652757639,7.810249675906654,10.082988974836116,4.760952285695233,4.320493798938574,3.696845502136472,0.0,-4.47213595499958,-7.52772652709081,-7.047458170621991,-2.70801280154532,1.1547005383792515
477,24,21.0,23.0,31.0,18.0,18.0,26.0,15.0,13.0,21.0,66.0,68.0,71.0,62.0,53.0,67.0,53.0,47.0,65.0,100.0,93.0,90.0,86.0,70.0,73.0,72.0,47.0,55.0,1020.0,1023.0,1014.0,1017.0,1019.0,1011.0,1015.0,1014.0,1007.0,16.0,16.0,16.0,8.0,16.0,14.0,2.0,16.0,11.0,11.0,23.0,24.0,5.0,8.0,11.0,2.0,2.0,0.0,24.5,21.0,17.0,67.5,64.5,59.0,100.0,83.5,67.0,1018.0,1015.0,1011.5,16.0,8.0,1.0,16.0,6.5,1.0,4.743416490252569,4.242640687119285,3.1622776601683795,1.5811388300841898,7.280109889280518,9.486832980505138,4.949747468305833,10.747092630102339,16.20185174601965,-3.5355339059327378,-3.1622776601683795,-4.898979485566356,0.0,-5.656854249492381,-10.0,-4.69041575982343,0.0,-1.4142135623730951,-2.516611478423583,-3.0550504633038935,-3.8297084310253524,-1.1547005383792515,-5.477225575051661,-6.928203230275509,4.396968652757639,8.602325267042627,12.396235987858034,4.320493798938574,3.8297084310253524,0.5773502691896257,0.0,-4.47213595499958,-7.637626158259733,-3.872983346207417,-1.7320508075688772,0.0
478,24,28.0,21.0,23.0,24.0,18.0,18.0,19.0,15.0,13.0,69.0,66.0,68.0,67.0,62.0,53.0,65.0,53.0,47.0,100.0,100.0,93.0,81.0,86.0,70.0,62.0,72.0,47.0,1016.0,1020.0,1023.0,1013.0,1017.0,1019.0,1008.0,1015.0,1014.0,16.0,16.0,16.0,8.0,8.0,16.0,0.0,2.0,16.0,21.0,11.0,23.0,8.0,5.0,8.0,0.0,2.0,2.0,29.5,24.0,18.5,69.5,66.0,59.5,100.0,74.0,48.0,1015.5,1012.0,1008.5,16.0,10.5,1.5,21.0,7.0,1.0,5.385164807134504,4.242640687119285,2.7386127875258306,2.23606797749979,3.24037034920393,3.391164991562634,0.0,-10.51189802081432,-21.02379604162864,-2.9154759474226504,-3.1622776601683795,-4.898979485566356,0.0,3.5355339059327378,1.5811388300841898,7.0710678118654755,1.5811388300841898,0.0,4.242640687119285,3.4641016151377544,2.516611478423583,1.4142135623730951,5.830951894845301,4.43471156521669,4.041451884327381,3.415650255319866,-9.291573243177568,-2.943920288775949,-2.8284271247461903,-3.958114029012639,0.0,-3.605551275463989,-7.979139469057215,-3.8297084310253524,-1.1547005383792515,0.0
479,19,31.0,28.0,21.0,24.0,24.0,18.0,18.0,19.0,15.0,70.0,69.0,66.0,65.0,67.0,62.0,54.0,65.0,53.0,100.0,100.0,100.0,67.0,81.0,86.0,34.0,62.0,72.0,1015.0,1016.0,1020.0,1011.0,1013.0,1017.0,1009.0,1008.0,1015.0,16.0,16.0,16.0,13.0,8.0,8.0,3.0,0.0,2.0,21.0,21.0,11.0,6.0,8.0,5.0,2.0,0.0,2.0,28.0,21.5,16.0,65.5,60.0,51.5,93.5,67.0,40.0,1017.5,1014.0,1012.0,16.0,14.5,9.5,20.0,8.0,1.0,-3.6742346141747673,-3.5355339059327378,-2.9154759474226504,-6.324555320336759,-7.211102550927978,-8.54400374531753,-9.192388155425117,-9.899494936611665,-17.88854381999832,3.4641016151377544,4.0,4.301162633521313,0.0,4.123105625617661,9.433981132056603,-1.4142135623730951,2.449489742783178,0.0,2.70801280154532,1.9148542155126762,-0.5773502691896257,-4.864839839775475,-5.131601439446884,-0.816496580927726,-7.505553499465135,-8.582928793055823,-15.705625319186328,1.632993161855452,2.309401076758503,-2.0,0.0,3.366501646120693,7.615773105863909,5.656854249492381,2.6457513110645907,-1.1547005383792515
480,21,25.0,31.0,28.0,19.0,24.0,24.0,14.0,18.0,19.0,61.0,70.0,69.0,55.0,65.0,67.0,49.0,54.0,65.0,87.0,100.0,100.0,67.0,67.0,81.0,46.0,34.0,62.0,1020.0,1015.0,1016.0,1017.0,1011.0,1013.0,1015.0,1009.0,1008.0,16.0,16.0,16.0,16.0,13.0,8.0,16.0,3.0,0.0,19.0,21.0,21.0,10.0,6.0,8.0,0.0,2.0,0.0,26.5,20.0,13.0,63.0,55.5,49.5,90.0,68.0,45.5,1018.5,1016.0,1013.5,16.0,16.0,16.0,21.0,8.0,0.0,-3.6742346141747673,-3.24037034920393,-3.1622776601683795,-5.70087712549569,-7.035623639735144,-3.4641016151377544,-8.154753215150045,1.4142135623730951,8.455767262643882,2.8284271247461903,4.0,3.6742346141747673,0.0,2.1213203435596424,9.192388155425117,2.449489742783178,0.0,-1.4142135623730951,-2.449489742783178,-2.6457513110645907,-2.6457513110645907,-4.618802153517006,-5.8594652770823155,-6.95221787153807,-6.658328118479393,-8.0,-14.617341299520465,2.23606797749979,3.0550504633038935,3.0550504633038935,0.0,3.366501646120693,7.702813338860896,2.0,-1.1547005383792515,0.0
481,23,28.0,25.0,31.0,21.0,19.0,24.0,12.0,14.0,18.0,65.0,61.0,70.0,56.0,55.0,65.0,50.0,49.0,54.0,93.0,87.0,100.0,69.0,67.0,67.0,45.0,46.0,34.0,1017.0,1020.0,1015.0,1015.0,1017.0,1011.0,1012.0,1015.0,1009.0,16.0,16.0,16.0,16.0,16.0,13.0,16.0,16.0,3.0,23.0,19.0,21.0,6.0,10.0,6.0,0.0,0.0,2.0,27.5,22.0,15.5,67.5,61.0,57.0,93.0,73.5,53.5,1016.0,1014.0,1011.0,16.0,15.0,11.0,25.0,6.0,0.0,2.0,2.0,4.743416490252569,4.527692569068709,7.106335201775948,9.924716620639604,4.242640687119285,6.519202405202649,12.0,-2.5495097567963922,-2.0,-2.5495097567963922,0.0,-1.4142135623730951,-7.0710678118654755,4.0,-2.8284271247461903,0.0,-3.0550504633038935,-2.3804761428476167,3.1091263510296048,-3.6514837167011076,0.5773502691896257,7.571877794400365,-6.658328118479393,5.32290647422377,12.0,2.0,3.0550504633038935,2.7688746209726918,0.0,1.2909944487358056,4.795831523312719,3.0550504633038935,0.0,-1.1547005383792515
482,22,27.0,28.0,25.0,23.0,21.0,19.0,19.0,12.0,14.0,70.0,65.0,61.0,66.0,56.0,55.0,64.0,50.0,49.0,93.0,93.0,87.0,78.0,69.0,67.0,62.0,45.0,46.0,1015.0,1017.0,1020.0,1013.0,1015.0,1017.0,1010.0,1012.0,1015.0,16.0,16.0,16.0,14.0,16.0,16.0,6.0,16.0,16.0,27.0,23.0,19.0,6.0,6.0,10.0,0.0,0.0,0.0,25.5,22.5,19.0,70.0,65.5,62.5,93.0,79.5,65.5,1015.0,1013.0,1010.5,16.0,13.5,4.5,23.0,6.0,5.0,-2.23606797749979,1.224744871391589,4.949747468305833,3.5355339059327378,7.035623639735144,9.669539802906858,0.0,6.708203932499369,13.0,-1.4142135623730951,-1.4142135623730951,-1.224744871391589,0.0,-1.5811388300841898,-7.3824115301167,-4.898979485566356,0.0,7.0710678118654755,-0.5773502691896257,1.5275252316519468,3.872983346207417,3.696845502136472,5.773502691896258,7.916228058025278,3.4641016151377544,5.597618541248888,10.598742063723098,-2.0816659994661326,-1.632993161855452,-2.0,0.0,-1.2909944487358056,-6.027713773341708,-3.265986323710904,-2.309401076758503,5.773502691896258
483,19,24.0,27.0,28.0,22.0,23.0,21.0,19.0,19.0,12.0,70.0,70.0,65.0,65.0,66.0,56.0,61.0,64.0,50.0,93.0,93.0,93.0,81.0,78.0,69.0,69.0,62.0,45.0,1015.0,1015.0,1017.0,1013.0,1013.0,1015.0,1011.0,1010.0,1012.0,16.0,16.0,16.0,13.0,14.0,16.0,3.0,6.0,16.0,19.0,27.0,23.0,6.0,6.0,6.0,10.0,0.0,0.0,24.5,20.5,15.5,68.0,64.0,57.0,96.5,81.5,66.5,1014.5,1012.5,1009.0,16.0,13.0,1.5,32.0,6.0,12.0,-2.0,-2.23606797749979,-4.949747468305833,-2.8284271247461903,-1.5811388300841898,-6.041522986797286,4.949747468305833,2.23606797749979,3.4641016151377544,-0.7071067811865476,-0.7071067811865476,-2.7386127875258306,0.0,-0.7071067811865476,-3.0,17.4928556845359,0.0,7.615773105863909,-1.7320508075688772,-1.4142135623730951,0.0,1.7320508075688772,5.627314338711377,6.4031242374328485,4.041451884327381,5.507570547286102,10.214368964029708,-1.2909944487358056,-1.2909944487358056,-2.516611478423583,0.0,-1.2909944487358056,-6.27162924074226,14.46835627614047,0.0,6.2182527020592095
484,23,25.0,24.0,27.0,19.0,22.0,23.0,12.0,19.0,19.0,66.0,70.0,70.0,63.0,65.0,66.0,53.0,61.0,64.0,100.0,93.0,93.0,82.0,81.0,78.0,64.0,69.0,62.0,1014.0,1015.0,1015.0,1012.0,1013.0,1013.0,1007.0,1011.0,1010.0,16.0,16.0,16.0,13.0,13.0,14.0,0.0,3.0,6.0,45.0,19.0,27.0,6.0,6.0,6.0,14.0,10.0,0.0,28.5,21.0,13.0,67.5,60.5,46.0,100.0,71.0,42.0,1012.5,1010.5,1006.5,16.0,12.0,0.0,34.5,8.0,7.0,5.0,1.8708286933869707,-4.743416490252569,-1.8708286933869707,-3.8078865529319543,-11.40175425099138,4.949747468305833,-15.540270267920054,-31.312936623702353,-2.23606797749979,-2.23606797749979,-2.9154759474226504,0.0,-1.4142135623730951,-2.1213203435596424,10.8397416943394,2.8284271247461903,-9.486832980505138,3.696845502136472,1.4142135623730951,-3.872983346207417,-1.5275252316519468,-3.1622776601683795,-9.46924847422786,4.041451884327381,-12.569805089976535,-25.24546163834865,-1.8257418583505538,-1.8257418583505538,-2.309401076758503,0.0,-1.2909944487358056,-2.449489742783178,7.54983443527075,2.309401076758503,-5.163977794943222
485,18,32.0,25.0,24.0,23.0,19.0,22.0,14.0,12.0,19.0,69.0,66.0,70.0,58.0,63.0,65.0,39.0,53.0,61.0,100.0,100.0,93.0,60.0,82.0,81.0,20.0,64.0,69.0,1011.0,1014.0,1015.0,1009.0,1012.0,1013.0,1006.0,1007.0,1011.0,16.0,16.0,16.0,11.0,13.0,13.0,0.0,0.0,3.0,24.0,45.0,19.0,10.0,6.0,6.0,0.0,14.0,10.0,27.5,20.5,13.0,58.5,50.5,37.5,82.0,54.0,26.0,1014.5,1012.0,1009.0,16.0,13.5,8.0,24.0,10.0,0.0,-4.0,-2.1213203435596424,0.0,-14.696938456699069,-11.180339887498949,-10.124228365658293,-25.45584412271571,-17.72004514666935,-29.93325909419153,4.47213595499958,3.6742346141747673,4.183300132670378,0.0,3.24037034920393,11.313708498984761,-14.849242404917497,2.8284271247461903,-9.899494936611665,-3.2145502536643185,-2.449489742783178,-4.041451884327381,-12.220201853215574,-9.201449161228174,-9.46924847422786,-20.38790491116404,-14.45683229480096,-24.610295948376294,3.605551275463989,2.943920288775949,2.516611478423583,0.0,2.6457513110645907,9.073771725877465,8.850612031567836,2.309401076758503,-7.745966692414834
486,19,23.0,32.0,25.0,18.0,23.0,19.0,12.0,14.0,12.0,48.0,69.0,66.0,43.0,58.0,63.0,36.0,39.0,53.0,64.0,100.0,100.0,48.0,60.0,82.0,32.0,20.0,64.0,1018.0,1011.0,1014.0,1015.0,1009.0,1012.0,1012.0,1006.0,1007.0,16.0,16.0,16.0,16.0,11.0,13.0,16.0,0.0,0.0,24.0,24.0,45.0,10.0,10.0,6.0,0.0,0.0,14.0,25.0,18.5,11.5,55.5,48.0,41.5,76.5,57.0,37.5,1017.5,1014.5,1012.0,16.0,16.0,16.0,22.5,9.0,0.0,-5.70087712549569,-3.4641016151377544,-1.5811388300841898,-10.392304845413264,-7.905694150420948,7.483314773547883,-18.3166590840142,9.486832980505138,11.510864433221338,4.898979485566356,4.183300132670378,4.242640687119285,0.0,3.5355339059327378,11.313708498984761,-2.1213203435596424,-1.4142135623730951,0.0,-2.309401076758503,-1.632993161855452,-0.5773502691896257,-8.306623862918075,-7.0710678118654755,-5.291502622129181,-14.95548951611637,-10.066445913694333,-23.600847442411894,3.605551275463989,2.943920288775949,3.415650255319866,0.0,2.6457513110645907,9.237604307034012,-12.24744871391589,2.0,-8.082903768654761
487,23,27.0,23.0,32.0,19.0,18.0,23.0,11.0,12.0,14.0,63.0,48.0,69.0,53.0,43.0,58.0,47.0,36.0,39.0,89.0,64.0,100.0,66.0,48.0,60.0,43.0,32.0,20.0,1017.0,1018.0,1011.0,1014.0,1015.0,1009.0,1012.0,1012.0,1006.0,16.0,16.0,16.0,16.0,16.0,11.0,16.0,16.0,0.0,21.0,24.0,24.0,8.0,10.0,10.0,0.0,0.0,0.0,27.0,21.0,15.0,65.5,59.0,55.0,91.0,72.5,53.5,1015.5,1013.0,1010.5,16.0,16.0,13.5,23.5,9.5,0.0,2.8284271247461903,2.9154759474226504,5.612486080160912,11.180339887498949,11.045361017187261,13.729530217745982,17.902513789968157,15.700318468107582,16.76305461424021,-2.23606797749979,-1.5811388300841898,-2.1213203435596424,0.0,0.0,-3.5355339059327378,2.8284271247461903,1.5811388300841898,0.0,-4.654746681256314,-1.632993161855452,4.43471156521669,-7.979139469057215,2.516611478423583,11.075498483890767,-14.776106839534334,10.785793124908958,15.340577998671801,3.605551275463989,3.2145502536643185,3.0,0.0,2.886751345948129,8.774964387392123,2.309401076758503,1.2909944487358056,0.0
488,25,27.0,27.0,23.0,23.0,19.0,18.0,19.0,11.0,12.0,68.0,63.0,48.0,65.0,53.0,43.0,63.0,47.0,36.0,93.0,89.0,64.0,79.0,66.0,48.0,64.0,43.0,32.0,1014.0,1017.0,1018.0,1012.0,1014.0,1015.0,1009.0,1012.0,1012.0,16.0,16.0,16.0,16.0,16.0,16.0,11.0,16.0,16.0,26.0,21.0,24.0,11.0,8.0,10.0,0.0,0.0,0.0,28.0,24.0,19.5,70.0,67.0,64.5,96.5,82.0,66.5,1014.0,1012.0,1009.5,16.0,14.5,6.5,21.0,8.5,0.0,1.4142135623730951,3.1622776601683795,5.70087712549569,4.527692569068709,8.94427190999916,11.510864433221338,5.70087712549569,10.124228365658293,15.264337522473747,-2.1213203435596424,-1.4142135623730951,-2.0,0.0,-2.1213203435596424,-7.280109889280518,-6.123724356957945,-2.8284271247461903,0.0,2.581988897471611,2.6457513110645907,4.618802153517006,9.41629792788369,9.309493362512628,11.343133018115703,15.165750888103101,13.279056191361393,13.988090172238191,-1.8257418583505538,-1.2909944487358056,-1.632993161855452,0.0,-1.7320508075688772,-5.94418483337567,-5.291502622129181,-2.581988897471611,0.0
489,25,29.0,27.0,27.0,25.0,23.0,19.0,20.0,19.0,11.0,72.0,68.0,63.0,69.0,65.0,53.0,66.0,63.0,47.0,100.0,93.0,89.0,85.0,79.0,66.0,69.0,64.0,43.0,1014.0,1014.0,1017.0,1012.0,1012.0,1014.0,1010.0,1009.0,1012.0,16.0,16.0,16.0,13.0,16.0,16.0,2.0,11.0,16.0,16.0,26.0,21.0,6.0,11.0,8.0,0.0,0.0,0.0,29.0,25.0,20.5,73.0,70.5,67.5,100.0,85.0,69.0,1013.5,1011.0,1007.5,16.0,11.5,2.0,19.5,7.0,5.5,1.4142135623730951,1.4142135623730951,1.0,3.1622776601683795,3.5355339059327378,3.0,4.949747468305833,4.242640687119285,3.5355339059327378,-0.7071067811865476,-1.4142135623730951,-3.4641016151377544,0.0,-3.0,-6.363961030678928,-5.049752469181039,-3.24037034920393,7.7781745930520225,1.1547005383792515,2.581988897471611,4.69041575982343,3.872983346207417,7.505553499465135,9.556847457887633,4.654746681256314,8.266397845091497,12.463279397226612,-1.8257418583505538,-1.632993161855452,-3.3166247903554,0.0,-2.449489742783178,-5.94418483337567,-2.943920288775949,-2.0,6.3508529610858835
490,28,29.0,29.0,27.0,25.0,25.0,23.0,21.0,20.0,19.0,74.0,72.0,68.0,72.0,69.0,65.0,69.0,66.0,63.0,100.0,100.0,93.0,85.0,85.0,79.0,69.0,69.0,64.0,1013.0,1014.0,1014.0,1010.0,1012.0,1012.0,1005.0,1010.0,1009.0,16.0,16.0,16.0,10.0,13.0,16.0,2.0,2.0,11.0,23.0,16.0,26.0,8.0,6.0,11.0,11.0,0.0,0.0,31.5,26.5,21.0,73.5,68.0,57.5,100.0,73.0,45.0,1011.5,1008.5,1004.5,16.0,10.5,2.5,21.0,8.0,6.0,3.5355339059327378,2.1213203435596424,0.7071067811865476,1.224744871391589,-5.244044240850758,-16.1245154965971,0.0,-16.97056274847714,-33.94112549695428,-2.23606797749979,-2.5495097567963922,-3.605551275463989,0.0,-2.0,0.7071067811865476,4.06201920231798,1.4142135623730951,3.24037034920393,3.1091263510296048,2.0816659994661326,0.816496580927726,2.516611478423583,-3.605551275463989,-13.051181300301263,4.041451884327381,-13.416407864998739,-27.562051205718827,-1.8257418583505538,-2.0816659994661326,-2.886751345948129,0.0,-2.3804761428476167,-5.163977794943222,-4.725815626252608,-2.6457513110645907,2.6457513110645907
491,26,34.0,29.0,29.0,28.0,25.0,25.0,21.0,21.0,20.0,73.0,74.0,72.0,64.0,72.0,69.0,46.0,69.0,66.0,100.0,100.0,100.0,61.0,85.0,85.0,21.0,69.0,69.0,1010.0,1013.0,1014.0,1007.0,1010.0,1012.0,1004.0,1005.0,1010.0,16.0,16.0,16.0,11.0,10.0,13.0,3.0,2.0,2.0,19.0,23.0,16.0,8.0,8.0,6.0,1.0,11.0,0.0,32.0,27.0,21.0,72.5,66.5,54.5,96.5,69.0,41.0,1009.0,1005.5,1002.0,16.0,12.0,2.5,24.0,10.5,1.5,2.1213203435596424,1.5811388300841898,0.0,-1.0,-4.415880433163924,-10.954451150103322,-4.949747468305833,-12.649110640673518,-18.76166303929372,-2.5495097567963922,-3.0,-2.9154759474226504,0.0,1.5811388300841898,0.0,6.48074069840786,3.5355339059327378,-7.035623639735144,1.7320508075688772,1.2909944487358056,0.5773502691896257,0.816496580927726,-3.1622776601683795,-8.774964387392123,-4.041451884327381,-10.327955589886445,-15.31883372410141,-2.160246899469287,-2.70801280154532,-3.7416573867739413,0.0,-1.1547005383792515,0.0,6.658328118479393,3.1091263510296048,2.70801280154532
492,23,30.0,34.0,29.0,26.0,28.0,25.0,21.0,21.0,21.0,72.0,73.0,74.0,69.0,64.0,72.0,63.0,46.0,69.0,93.0,100.0,100.0,77.0,61.0,85.0,61.0,21.0,69.0,1008.0,1010.0,1013.0,1004.0,1007.0,1010.0,1000.0,1004.0,1005.0,16.0,16.0,16.0,13.0,11.0,10.0,2.0,3.0,2.0,29.0,19.0,23.0,13.0,8.0,8.0,2.0,1.0,11.0,29.5,24.5,19.0,71.0,65.5,57.5,96.5,71.5,46.5,1008.5,1004.5,1000.0,16.0,13.5,2.0,28.0,9.5,8.0,-2.9154759474226504,-2.5495097567963922,-2.8284271247461903,-1.5811388300841898,-3.4641016151377544,9.16515138991168,0.0,8.215838362577491,19.480759738778158,-1.224744871391589,-2.0,-2.8284271247461903,0.0,1.5811388300841898,-0.7071067811865476,6.928203230275509,-3.4641016151377544,8.514693182963201,1.632993161855452,-1.1547005383792515,-2.309401076758503,-1.4142135623730951,-5.41602560309064,-10.969655114602888,0.0,-12.12435565298214,-22.693611435820433,-2.0,-2.3804761428476167,-2.3804761428476167,0.0,1.4142135623730951,0.0,5.163977794943222,-2.8284271247461903,3.872983346207417
493,15,29.0,30.0,34.0,23.0,26.0,28.0,17.0,21.0,21.0,70.0,72.0,73.0,62.0,69.0,64.0,52.0,63.0,46.0,100.0,93.0,100.0,66.0,77.0,61.0,32.0,61.0,21.0,1009.0,1008.0,1010.0,1005.0,1004.0,1007.0,1000.0,1000.0,1004.0,16.0,16.0,16.0,14.0,13.0,11.0,2.0,2.0,3.0,27.0,29.0,19.0,6.0,13.0,8.0,14.0,2.0,1.0,23.5,19.0,14.5,64.5,57.0,49.5,92.0,70.0,48.0,1014.5,1010.0,1005.0,16.0,15.0,9.0,27.0,9.5,7.0,-7.810249675906654,-6.041522986797286,-4.527692569068709,-7.905694150420948,-8.631338250816034,-8.54400374531753,-10.173494974687902,-5.338539126015656,9.565563234854496,7.810249675906654,7.106335201775948,7.0710678118654755,0.0,1.5811388300841898,9.899494936611665,-1.4142135623730951,0.0,-5.0990195135927845,-6.782329983125268,-5.066228051190222,-3.696845502136472,-6.48074069840786,-6.429100507328637,6.904105059069326,-9.237604307034012,8.144527815247077,24.37895267096873,6.27162924074226,5.5377492419453835,5.291502622129181,0.0,1.7320508075688772,8.06225774829855,5.656854249492381,2.886751345948129,-4.123105625617661
494,17,18.0,29.0,30.0,15.0,23.0,26.0,12.0,17.0,21.0,59.0,70.0,72.0,52.0,62.0,69.0,47.0,52.0,63.0,84.0,100.0,93.0,74.0,66.0,77.0,64.0,32.0,61.0,1020.0,1009.0,1008.0,1015.0,1005.0,1004.0,1010.0,1000.0,1000.0,16.0,16.0,16.0,16.0,14.0,13.0,16.0,2.0,2.0,27.0,27.0,29.0,13.0,6.0,13.0,0.0,14.0,2.0,21.5,16.0,10.5,53.5,48.5,44.0,88.5,67.5,46.5,1020.0,1016.5,1012.5,16.0,16.0,16.0,23.0,10.5,0.0,-6.0,-5.477225575051661,-4.123105625617661,-11.0,-8.631338250816034,-5.522680508593631,-9.354143466934854,-7.245688373094719,-10.024968827881711,7.7781745930520225,7.3824115301167,7.905694150420948,0.0,1.4142135623730951,9.899494936611665,-5.656854249492381,3.4641016151377544,-9.899494936611665,-4.932882862316247,-4.795831523312719,-4.08248290463863,-9.055385138137417,-8.12403840463596,-7.788880963698615,-6.48074069840786,-8.679477710861024,-18.636880997992485,6.377042156569663,6.0553007081949835,6.454972243679028,0.0,1.2909944487358056,8.082903768654761,-4.760952285695233,-2.886751345948129,-4.163331998932265
495,19,25.0,18.0,29.0,17.0,15.0,23.0,9.0,12.0,17.0,48.0,59.0,70.0,45.0,52.0,62.0,41.0,47.0,52.0,93.0,84.0,100.0,61.0,74.0,66.0,29.0,64.0,32.0,1020.0,1020.0,1009.0,1018.0,1015.0,1005.0,1015.0,1010.0,1000.0,16.0,16.0,16.0,16.0,16.0,14.0,16.0,16.0,2.0,19.0,27.0,27.0,8.0,13.0,6.0,0.0,0.0,14.0,26.5,18.0,9.5,49.5,47.0,44.0,91.0,60.5,30.0,1019.0,1017.0,1014.0,16.0,16.0,14.5,17.5,6.5,0.0,5.385164807134504,2.0,-2.0,-7.483314773547883,-4.06201920231798,0.0,5.70087712549569,-9.219544457292887,-24.708298201211672,-1.4142135623730951,1.5811388300841898,3.24037034920393,0.0,0.0,-2.1213203435596424,-6.041522986797286,-4.123105625617661,0.0,-4.58257569495584,-4.320493798938574,-3.3166247903554,-8.812869377601524,-6.658328118479393,-2.886751345948129,-7.979139469057215,-5.94418483337567,-8.103497187428813,6.244997998398398,5.916079783099616,6.3508529610858835,0.0,1.1547005383792515,7.895146188218008,-4.932882862316247,2.23606797749979,-8.082903768654761
496,21,28.0,25.0,18.0,19.0,17.0,15.0,10.0,9.0,12.0,51.0,48.0,59.0,49.0,45.0,52.0,47.0,41.0,47.0,89.0,93.0,84.0,60.0,61.0,74.0,31.0,29.0,64.0,1018.0,1020.0,1020.0,1016.0,1018.0,1015.0,1013.0,1015.0,1010.0,16.0,16.0,16.0,16.0,16.0,16.0,13.0,16.0,16.0,16.0,19.0,27.0,5.0,8.0,13.0,0.0,0.0,0.0,28.5,20.0,11.5,53.5,50.5,48.5,87.5,60.0,32.0,1018.0,1016.5,1014.0,16.0,16.0,14.5,16.0,4.0,0.0,2.23606797749979,2.0,2.23606797749979,4.123105625617661,3.5355339059327378,4.743416490252569,-3.5355339059327378,-0.7071067811865476,2.0,-1.4142135623730951,-1.224744871391589,0.0,0.0,0.0,0.0,-2.1213203435596424,-2.5495097567963922,0.0,4.43471156521669,2.0,0.5773502691896257,-5.385164807134504,-2.8284271247461903,1.7320508075688772,4.320493798938574,-7.52772652709081,-20.141168453361058,-1.1547005383792515,1.4142135623730951,2.886751345948129,0.0,0.0,0.0,-4.932882862316247,-3.559026084010437,0.0
497,22,29.0,28.0,25.0,21.0,19.0,17.0,13.0,10.0,9.0,56.0,51.0,48.0,52.0,49.0,45.0,50.0,47.0,41.0,86.0,89.0,93.0,60.0,60.0,61.0,33.0,31.0,29.0,1018.0,1018.0,1020.0,1017.0,1016.0,1018.0,1015.0,1013.0,1015.0,16.0,16.0,16.0,16.0,16.0,16.0,16.0,13.0,16.0,16.0,16.0,19.0,3.0,5.0,8.0,0.0,0.0,0.0,28.5,21.5,13.5,55.5,52.5,50.5,83.0,59.0,34.5,1018.5,1017.0,1015.0,16.0,16.0,16.0,18.5,4.5,0.0,0.0,1.5811388300841898,2.23606797749979,3.4641016151377544,2.23606797749979,2.23606797749979,-4.743416490252569,-1.4142135623730951,2.5495097567963922,0.7071067811865476,0.7071067811865476,1.4142135623730951,0.0,0.0,2.1213203435596424,3.5355339059327378,1.5811388300841898,0.0,1.7320508075688772,1.7320508075688772,1.9148542155126762,3.3166247903554,2.943920288775949,3.9157800414902435,-4.509249752822894,-1.2909944487358056,2.3804761428476167,-1.0,-1.0,0.0,0.0,0.0,0.0,2.309401076758503,-1.1547005383792515,0.0
498,22,28.0,29.0,28.0,22.0,21.0,19.0,14.0,13.0,10.0,55.0,56.0,51.0,53.0,52.0,49.0,51.0,50.0,47.0,80.0,86.0,89.0,58.0,60.0,60.0,36.0,33.0,31.0,1019.0,1018.0,1018.0,1017.0,1017.0,1016.0,1015.0,1015.0,1013.0,16.0,16.0,16.0,16.0,16.0,16.0,16.0,16.0,13.0,21.0,16.0,16.0,6.0,3.0,5.0,0.0,0.0,0.0,28.5,22.0,14.0,58.5,55.5,53.0,86.5,62.5,38.0,1018.0,1016.0,1014.5,16.0,16.0,16.0,22.5,8.0,0.0,0.0,0.7071067811865476,0.7071067811865476,4.898979485566356,3.605551275463989,2.9154759474226504,8.154753215150045,6.2048368229954285,3.5355339059327378,-1.224744871391589,-1.4142135623730951,-0.7071067811865476,0.0,0.0,0.0,4.123105625617661,3.5355339059327378,0.0,0.5773502691896257,1.2909944487358056,1.8257418583505538,4.932882862316247,3.415650255319866,2.943920288775949,6.429100507328637,5.066228051190222,3.1091263510296048,-1.0,-1.0,1.0,0.0,0.0,1.7320508075688772,3.366501646120693,2.6457513110645907,0.0
499,24,29.0,28.0,29.0,22.0,22.0,21.0,14.0,14.0,13.0,62.0,55.0,56.0,58.0,53.0,52.0,55.0,51.0,50.0,93.0,80.0,86.0,67.0,58.0,60.0,40.0,36.0,33.0,1017.0,1019.0,1018.0,1015.0,1017.0,1017.0,1014.0,1015.0,1015.0,16.0,16.0,16.0,16.0,16.0,16.0,16.0,16.0,16.0,24.0,21.0,16.0,10.0,6.0,3.0,0.0,0.0,0.0,29.0,23.0,16.5,64.0,60.5,57.0,93.0,69.0,44.5,1018.0,1016.0,1014.5,16.0,16.0,11.0,25.0,11.5,0.0,0.7071067811865476,1.4142135623730951,3.5355339059327378,5.70087712549569,5.0,4.0,9.192388155425117,6.96419413859206,6.96419413859206,0.0,0.0,0.0,0.0,0.0,-7.0710678118654755,2.5495097567963922,3.5355339059327378,0.0,0.0,1.2909944487358056,2.943920288775949,4.618802153517006,4.123105625617661,3.3166247903554,6.658328118479393,5.5677643628300215,5.94418483337567,0.5773502691896257,0.0,0.0,0.0,0.0,-5.773502691896258,3.559026084010437,3.366501646120693,0.0
500,24,29.0,29.0,28.0,24.0,22.0,22.0,19.0,14.0,14.0,66.0,62.0,55.0,63.0,58.0,53.0,59.0,55.0,51.0,93.0,93.0,80.0,71.0,67.0,58.0,49.0,40.0,36.0,1019.0,1017.0,1019.0,1017.0,1015.0,1017.0,1015.0,1014.0,1015.0,16.0,16.0,16.0,16.0,16.0,16.0,6.0,16.0,16.0,26.0,24.0,21.0,13.0,10.0,6.0,0.0,0.0,0.0,28.5,24.0,19.0,68.0,65.0,60.5,96.5,74.0,51.5,1017.5,1015.5,1013.0,16.0,13.0,3.0,29.0,12.0,49.0,-0.7071067811865476,1.4142135623730951,3.5355339059327378,4.0,4.527692569068709,3.5355339059327378,4.949747468305833,5.0990195135927845,7.280109889280518,-1.5811388300841898,-1.5811388300841898,-2.7386127875258306,0.0,-4.242640687119285,-8.246211251235321,4.47213595499958,1.5811388300841898,69.29646455628166,0.0,1.1547005383792515,2.886751345948129,5.196152422706632,4.69041575982343,3.696845502136472,8.524474568362947,6.658328118479393,6.377042156569663,-1.7320508075688772,-1.7320508075688772,-2.309401076758503,0.0,-3.4641016151377544,-6.733003292241386,4.041451884327381,2.6457513110645907,56.58032638058333
501,26,28.0,29.0,29.0,24.0,24.0,22.0,19.0,19.0,14.0,70.0,66.0,62.0,67.0,63.0,58.0,62.0,59.0,55.0,100.0,93.0,93.0,77.0,71.0,67.0,54.0,49.0,40.0,1016.0,1019.0,1017.0,1014.0,1017.0,1015.0,1011.0,1015.0,1014.0,16.0,16.0,16.0,10.0,16.0,16.0,0.0,6.0,16.0,32.0,26.0,24.0,11.0,13.0,10.0,98.0,0.0,0.0,29.5,25.0,20.5,70.5,68.0,65.0,96.5,75.5,54.5,1015.5,1013.5,1010.0,16.0,11.5,2.5,27.5,12.0,49.0,2.0,1.4142135623730951,2.1213203435596424,2.9154759474226504,3.1622776601683795,4.743416490252569,0.0,3.6742346141747673,3.605551275463989,-2.23606797749979,-2.23606797749979,-3.1622776601683795,0.0,-3.6742346141747673,-2.345207879911715,-4.743416490252569,0.0,0.0,1.632993161855452,1.632993161855452,3.366501646120693,3.3166247903554,3.872983346207417,4.509249752822894,0.0,3.7859388972001824,5.972157622389639,-1.4142135623730951,-1.4142135623730951,-2.516611478423583,0.0,-3.0,-6.082762530298219,-3.696845502136472,1.7320508075688772,0.0
502,26,31.0,28.0,29.0,26.0,24.0,24.0,22.0,19.0,19.0,71.0,70.0,66.0,69.0,67.0,63.0,68.0,62.0,59.0,93.0,100.0,93.0,74.0,77.0,71.0,55.0,54.0,49.0,1015.0,1016.0,1019.0,1013.0,1014.0,1017.0,1009.0,1011.0,1015.0,16.0,16.0,16.0,13.0,10.0,16.0,5.0,0.0,6.0,23.0,32.0,26.0,13.0,11.0,13.0,0.0,98.0,0.0,29.5,26.0,22.5,72.0,70.0,68.5,90.0,77.5,64.5,1014.5,1012.5,1009.0,16.0,13.5,4.0,25.0,13.5,0.5,0.0,1.4142135623730951,2.23606797749979,1.5811388300841898,2.0,4.301162633521313,-6.519202405202649,4.47213595499958,13.45362404707371,-1.0,-1.0,-1.4142135623730951,0.0,2.23606797749979,3.24037034920393,-5.70087712549569,1.5811388300841898,-69.29285677470658,-0.5773502691896257,1.1547005383792515,1.8257418583505538,2.6457513110645907,2.8284271247461903,3.9157800414902435,-3.4641016151377544,5.033222956847166,11.357816691600547,-1.9148542155126762,-1.9148542155126762,-2.581988897471611,0.0,-2.943920288775949,-2.23606797749979,-3.1091263510296048,0.5773502691896257,0.5773502691896257
503,24,28.0,31.0,28.0,26.0,26.0,24.0,23.0,22.0,19.0,73.0,71.0,70.0,71.0,69.0,67.0,69.0,68.0,62.0,87.0,93.0,100.0,81.0,74.0,77.0,74.0,55.0,54.0,1014.0,1015.0,1016.0,1012.0,1013.0,1014.0,1009.0,1009.0,1011.0,16.0,16.0,16.0,14.0,13.0,10.0,3.0,5.0,0.0,27.0,23.0,32.0,14.0,13.0,11.0,1.0,0.0,98.0,27.0,25.0,23.0,74.0,72.0,69.5,90.0,84.5,78.0,1014.0,1012.0,1008.5,16.0,11.0,2.5,24.0,12.0,4.0,-2.5495097567963922,-1.4142135623730951,0.7071067811865476,2.0,2.0,1.0,0.0,7.0,14.577379737113251,-0.7071067811865476,-0.7071067811865476,-0.7071067811865476,0.0,-4.183300132670378,-1.5811388300841898,-3.1622776601683795,-2.7386127875258306,4.301162633521313,-1.1547005383792515,0.0,1.8257418583505538,1.7320508075688772,2.0,3.559026084010437,-4.041451884327381,5.446711546122731,11.916375287812984,-0.816496580927726,-0.816496580927726,-1.2909944487358056,0.0,-2.943920288775949,2.581988897471611,-5.802298395176403,-1.9148542155126762,-56.471231613982
504,26,26.0,28.0,31.0,24.0,26.0,26.0,23.0,23.0,22.0,75.0,73.0,71.0,73.0,71.0,69.0,70.0,69.0,68.0,93.0,87.0,93.0,88.0,81.0,74.0,82.0,74.0,55.0,1014.0,1014.0,1015.0,1012.0,1012.0,1013.0,1008.0,1009.0,1009.0,16.0,16.0,16.0,8.0,14.0,13.0,2.0,3.0,5.0,21.0,27.0,23.0,10.0,14.0,13.0,7.0,1.0,0.0,27.5,25.0,22.5,74.0,72.0,69.5,93.0,83.5,73.5,1013.0,1011.0,1007.5,16.0,9.5,2.5,24.0,12.0,4.0,1.5811388300841898,0.0,-0.7071067811865476,0.0,0.0,0.0,4.242640687119285,-4.0,-10.606601717798213,-1.4142135623730951,-1.4142135623730951,-1.0,0.0,-3.6742346141747673,0.0,0.0,0.0,0.0,-1.1547005383792515,0.0,0.0,1.1547005383792515,1.1547005383792515,0.5773502691896257,0.0,2.3804761428476167,6.733003292241386,-1.2909944487358056,-1.2909944487358056,-0.816496580927726,0.0,-2.943920288775949,-1.1547005383792515,2.309401076758503,0.5773502691896257,0.5773502691896257
505,28,29.0,26.0,28.0,26.0,24.0,26.0,22.0,23.0,23.0,73.0,75.0,73.0,71.0,73.0,71.0,69.0,70.0,69.0,93.0,93.0,87.0,79.0,88.0,81.0,65.0,82.0,74.0,1012.0,1014.0,1014.0,1010.0,1012.0,1012.0,1007.0,1008.0,1009.0,16.0,16.0,16.0,11.0,8.0,14.0,3.0,2.0,3.0,27.0,21.0,27.0,14.0,10.0,14.0,1.0,7.0,1.0,30.0,27.0,23.0,72.5,71.0,69.0,90.0,75.0,60.0,1011.5,1009.5,1007.0,16.0,12.5,7.0,27.0,15.0,0.5,2.5495097567963922,2.0,1.224744871391589,-1.5811388300841898,-1.4142135623730951,-0.7071067811865476,-4.242640687119285,-8.514693182963201,-13.946325680981353,-1.5811388300841898,-1.5811388300841898,-0.7071067811865476,0.0,3.0,5.70087712549569,4.242640687119285,3.1622776601683795,-4.301162633521313,1.7320508075688772,1.1547005383792515,1.0,-0.5773502691896257,0.0,0.0,0.0,-5.656854249492381,-10.408329997330663,-1.2909944487358056,-1.2909944487358056,-0.816496580927726,0.0,-2.449489742783178,4.618802153517006,0.0,1.1547005383792515,-0.5773502691896257
506,23,31.0,29.0,26.0,28.0,26.0,24.0,24.0,22.0,23.0,72.0,73.0,75.0,71.0,71.0,73.0,69.0,69.0,70.0,87.0,93.0,93.0,71.0,79.0,88.0,55.0,65.0,82.0,1011.0,1012.0,1014.0,1009.0,1010.0,1012.0,1007.0,1007.0,1008.0,16.0,16.0,16.0,14.0,11.0,8.0,11.0,3.0,2.0,27.0,27.0,21.0,16.0,14.0,10.0,0.0,1.0,7.0,28.5,25.5,22.0,72.5,69.0,65.0,90.5,74.5,58.5,1015.5,1012.5,1008.5,16.0,12.5,6.5,23.0,12.0,5.0,-3.24037034920393,-3.24037034920393,-2.449489742783178,0.0,-2.8284271247461903,-5.656854249492381,2.5495097567963922,-2.7386127875258306,-5.049752469181039,6.324555320336759,4.898979485566356,2.1213203435596424,0.0,0.0,-2.9154759474226504,-5.656854249492381,-5.477225575051661,7.035623639735144,-2.0,-2.3804761428476167,-2.0816659994661326,-1.1547005383792515,-2.581988897471611,-4.654746681256314,2.0816659994661326,-5.656854249492381,-10.64581294844754,5.033222956847166,3.8297084310253524,1.632993161855452,0.0,1.7320508075688772,-2.309401076758503,-3.0550504633038935,-3.8297084310253524,4.58257569495584
507,19,26.0,31.0,29.0,23.0,28.0,26.0,20.0,24.0,22.0,73.0,72.0,73.0,67.0,71.0,71.0,61.0,69.0,69.0,94.0,87.0,93.0,78.0,71.0,79.0,62.0,55.0,65.0,1020.0,1011.0,1012.0,1016.0,1009.0,1010.0,1010.0,1007.0,1007.0,16.0,16.0,16.0,11.0,14.0,11.0,2.0,11.0,3.0,19.0,27.0,27.0,8.0,16.0,14.0,10.0,0.0,1.0,23.5,21.0,19.0,70.0,66.0,62.0,97.0,84.5,71.5,1021.5,1018.5,1014.0,16.0,12.0,2.0,17.5,8.0,8.0,-5.0,-4.527692569068709,-3.1622776601683795,-4.183300132670378,-3.1622776601683795,-5.477225575051661,6.519202405202649,10.44030650891055,14.317821063276353,6.708203932499369,6.082762530298219,6.041522986797286,0.0,-1.5811388300841898,-6.363961030678928,-6.041522986797286,-5.656854249492381,6.48074069840786,-3.9157800414902435,-3.5118845842842465,-2.309401076758503,-3.4641016151377544,-2.581988897471611,-4.47213595499958,4.041451884327381,7.164728420068226,10.16530045465127,5.446711546122731,4.932882862316247,4.932882862316247,0.0,1.1547005383792515,-2.3804761428476167,-4.932882862316247,-4.47213595499958,5.259911279353167
508,19,21.0,26.0,31.0,19.0,23.0,28.0,18.0,20.0,24.0,67.0,73.0,72.0,65.0,67.0,71.0,63.0,61.0,69.0,100.0,94.0,87.0,91.0,78.0,71.0,81.0,62.0,55.0,1023.0,1020.0,1011.0,1021.0,1016.0,1009.0,1018.0,1010.0,1007.0,16.0,16.0,16.0,13.0,11.0,14.0,2.0,2.0,11.0,16.0,19.0,27.0,8.0,8.0,16.0,6.0,10.0,0.0,21.0,19.0,18.0,68.5,65.5,63.5,100.0,94.0,87.0,1022.0,1020.0,1017.0,16.0,10.5,1.0,19.5,7.0,17.0,-3.5355339059327378,-2.8284271247461903,-1.4142135623730951,-3.6742346141747673,-1.224744871391589,1.5811388300841898,4.242640687119285,10.124228365658293,15.890248582070704,1.5811388300841898,3.24037034920393,5.477225575051661,0.0,-3.24037034920393,-1.4142135623730951,4.47213595499958,-1.4142135623730951,15.297058540778355,-4.08248290463863,-3.696845502136472,-2.581988897471611,-2.943920288775949,-2.516611478423583,-4.43471156521669,5.32290647422377,9.201449161228174,13.589211407093005,5.354126134736337,4.83045891539648,4.795831523312719,0.0,-3.1622776601683795,-5.32290647422377,-2.8284271247461903,-4.760952285695233,13.759844960366863
509,26,21.0,21.0,26.0,19.0,19.0,23.0,18.0,18.0,20.0,70.0,67.0,73.0,66.0,65.0,67.0,64.0,63.0,61.0,100.0,100.0,94.0,97.0,91.0,78.0,93.0,81.0,62.0,1021.0,1023.0,1020.0,1019.0,1021.0,1016.0,1016.0,1018.0,1010.0,16.0,16.0,16.0,8.0,13.0,11.0,0.0,2.0,2.0,23.0,16.0,19.0,6.0,8.0,8.0,28.0,6.0,10.0,26.0,22.5,19.0,72.0,68.5,65.0,100.0,90.0,79.0,1020.0,1018.0,1015.0,16.0,9.0,1.0,23.5,7.0,15.0,7.0710678118654755,4.949747468305833,1.4142135623730951,3.5355339059327378,3.605551275463989,1.5811388300841898,0.0,-8.94427190999916,-17.88854381999832,-2.0,-2.0,-2.0,0.0,-3.24037034920393,0.0,5.0,0.0,-9.797958971132712,5.0,3.3166247903554,0.0,-1.9148542155126762,2.70801280154532,1.7320508075688772,3.4641016151377544,1.7320508075688772,-9.643650760992955,0.5773502691896257,2.3804761428476167,4.320493798938574,0.0,-2.3804761428476167,0.0,3.696845502136472,0.0,-8.32666399786453
510,22,31.0,21.0,21.0,26.0,19.0,19.0,20.0,18.0,18.0,74.0,70.0,67.0,71.0,66.0,65.0,66.0,64.0,63.0,100.0,100.0,100.0,83.0,97.0,91.0,65.0,93.0,81.0,1019.0,1021.0,1023.0,1017.0,1019.0,1021.0,1014.0,1016.0,1018.0,16.0,16.0,16.0,10.0,8.0,13.0,2.0,0.0,2.0,24.0,23.0,16.0,8.0,6.0,8.0,2.0,28.0,6.0,28.0,24.0,19.5,72.5,69.5,65.5,100.0,85.0,69.5,1018.0,1015.5,1012.5,16.0,11.5,2.0,22.5,7.0,5.5,5.656854249492381,4.06201920231798,1.224744871391589,1.8708286933869707,2.8284271247461903,1.224744871391589,0.0,-9.486832980505138,-18.748333259252675,-2.0,-2.5495097567963922,-2.5495097567963922,0.0,2.5495097567963922,1.4142135623730951,-2.0,0.0,-17.705931209625774,4.618802153517006,3.3166247903554,1.0,2.309401076758503,2.3804761428476167,1.1547005383792515,0.0,-6.928203230275509,-13.650396819628847,-2.0,-2.3804761428476167,-2.3804761428476167,0.0,-2.0,0.0,3.696845502136472,-1.1547005383792515,-6.904105059069326
511,25,25.0,31.0,21.0,22.0,26.0,19.0,19.0,20.0,18.0,71.0,74.0,70.0,68.0,71.0,66.0,65.0,66.0,64.0,100.0,100.0,100.0,87.0,83.0,97.0,74.0,65.0,93.0,1017.0,1019.0,1021.0,1014.0,1017.0,1019.0,1011.0,1014.0,1016.0,16.0,16.0,16.0,13.0,10.0,8.0,2.0,2.0,0.0,21.0,24.0,23.0,6.0,8.0,6.0,9.0,2.0,28.0,28.0,23.5,19.0,72.0,69.0,65.0,98.5,83.0,67.5,1015.0,1012.5,1009.5,16.0,13.5,6.0,25.0,10.0,4.5,0.0,-1.8708286933869707,-0.7071067811865476,-1.5811388300841898,-1.5811388300841898,-0.7071067811865476,-2.1213203435596424,-4.898979485566356,-6.6332495807108,-3.1622776601683795,-3.0,-3.0,0.0,2.23606797749979,5.656854249492381,5.244044240850758,5.477225575051661,-4.0,5.773502691896258,3.7416573867739413,1.0,1.9148542155126762,2.581988897471611,1.0,-1.7320508075688772,-9.018499505645789,-17.048949136725895,-2.8284271247461903,-2.70801280154532,-2.70801280154532,0.0,2.160246899469287,4.760952285695233,4.320493798938574,4.618802153517006,-15.362291495737216
512,24,31.0,25.0,31.0,25.0,22.0,26.0,19.0,19.0,20.0,73.0,71.0,74.0,70.0,68.0,71.0,65.0,65.0,66.0,97.0,100.0,100.0,79.0,87.0,83.0,61.0,74.0,65.0,1013.0,1017.0,1019.0,1011.0,1014.0,1017.0,1008.0,1011.0,1014.0,16.0,16.0,16.0,14.0,13.0,10.0,10.0,2.0,2.0,29.0,21.0,24.0,14.0,6.0,8.0,0.0,9.0,2.0,30.0,24.5,19.0,72.5,69.0,65.0,98.5,81.0,63.0,1015.5,1012.5,1008.5,16.0,12.0,6.0,32.0,11.0,33.0,4.0,2.0,0.0,1.224744871391589,0.0,0.0,0.0,-4.898979485566356,-8.74642784226795,2.1213203435596424,0.0,-2.0,0.0,-2.7386127875258306,0.0,7.0710678118654755,3.7416573867739413,46.233105022267324,-1.1547005383792515,-1.632993161855452,-0.5773502691896257,-1.4142135623730951,-1.7320508075688772,-0.5773502691896257,0.0,-3.265986323710904,-4.898979485566356,1.2909944487358056,-1.7320508075688772,-2.3804761428476167,0.0,-1.4142135623730951,0.0,5.507570547286102,2.8284271247461903,37.96489606641026
513,27,29.0,31.0,25.0,24.0,25.0,22.0,19.0,19.0,19.0,72.0,73.0,71.0,68.0,70.0,68.0,65.0,65.0,65.0,100.0,97.0,100.0,83.0,79.0,87.0,65.0,61.0,74.0,1018.0,1013.0,1017.0,1014.0,1011.0,1014.0,1009.0,1008.0,1011.0,16.0,16.0,16.0,10.0,14.0,13.0,2.0,10.0,2.0,35.0,29.0,21.0,8.0,14.0,6.0,66.0,0.0,9.0,30.0,25.5,21.0,73.5,70.0,67.5,96.5,80.0,63.0,1018.5,1015.5,1011.5,16.0,12.0,3.5,27.0,8.0,33.0,0.0,2.0,2.8284271247461903,2.0,2.449489742783178,3.5355339059327378,-4.47213595499958,-3.1622776601683795,0.0,3.605551275463989,3.0,3.605551275463989,0.0,0.0,-5.244044240850758,-10.488088481701515,-4.242640687119285,0.0,3.4641016151377544,2.3804761428476167,2.309401076758503,2.0,2.309401076758503,2.886751345948129,-4.041451884327381,-5.291502622129181,-7.505553499465135,1.8257418583505538,1.7320508075688772,2.3804761428476167,0.0,0.5773502691896257,1.7320508075688772,-7.211102550927978,3.0550504633038935,-5.196152422706632
514,28,31.0,29.0,31.0,27.0,24.0,25.0,23.0,19.0,19.0,75.0,72.0,73.0,72.0,68.0,70.0,70.0,65.0,65.0,93.0,100.0,97.0,77.0,83.0,79.0,61.0,65.0,61.0,1019.0,1018.0,1013.0,1017.0,1014.0,1011.0,1014.0,1009.0,1008.0,16.0,16.0,16.0,14.0,10.0,14.0,5.0,2.0,10.0,19.0,35.0,29.0,8.0,8.0,14.0,0.0,66.0,0.0,31.5,27.5,23.0,75.0,72.0,69.5,90.0,75.0,60.0,1018.5,1016.5,1012.5,16.0,13.5,6.5,23.0,10.5,0.0,1.5811388300841898,2.23606797749979,2.8284271247461903,2.1213203435596424,2.8284271247461903,3.4641016151377544,-6.519202405202649,-5.0990195135927845,-3.1622776601683795,0.0,2.0,2.8284271247461903,0.0,2.7386127875258306,3.0,-9.797958971132712,3.5355339059327378,-46.66904755831214,0.5773502691896257,1.7320508075688772,2.309401076758503,1.632993161855452,2.0,2.8284271247461903,-5.033222956847166,-3.4641016151377544,-1.1547005383792515,2.886751345948129,2.3804761428476167,2.3804761428476167,0.0,-0.5773502691896257,-3.9157800414902435,-7.211102550927978,-1.9148542155126762,0.0
515,27,32.0,31.0,29.0,28.0,27.0,24.0,23.0,23.0,19.0,75.0,75.0,72.0,72.0,72.0,68.0,69.0,70.0,65.0,87.0,93.0,100.0,73.0,77.0,83.0,59.0,61.0,65.0,1018.0,1019.0,1018.0,1016.0,1017.0,1014.0,1011.0,1014.0,1009.0,16.0,16.0,16.0,13.0,14.0,10.0,8.0,5.0,2.0,27.0,19.0,35.0,13.0,8.0,8.0,0.0,0.0,66.0,32.0,27.5,22.5,75.5,72.0,69.5,90.5,74.0,57.5,1017.0,1015.0,1011.5,16.0,13.0,5.0,24.0,10.5,4.0,0.7071067811865476,0.0,-0.7071067811865476,0.7071067811865476,0.0,0.0,2.5495097567963922,-2.449489742783178,-2.5495097567963922,-1.5811388300841898,-1.5811388300841898,-2.0,0.0,-0.7071067811865476,-3.6742346141747673,3.7416573867739413,0.0,5.656854249492381,1.2909944487358056,1.7320508075688772,2.23606797749979,1.8257418583505538,2.309401076758503,2.886751345948129,-3.4641016151377544,-4.0,-3.1091263510296048,-1.1547005383792515,1.1547005383792515,2.3804761428476167,0.0,2.23606797749979,-2.449489742783178,-8.717797887081348,0.0,-37.82415454001142
516,21,32.0,32.0,31.0,27.0,28.0,27.0,22.0,23.0,23.0,76.0,75.0,75.0,72.0,72.0,72.0,70.0,69.0,70.0,94.0,87.0,93.0,75.0,73.0,77.0,56.0,59.0,61.0,1016.0,1018.0,1019.0,1014.0,1016.0,1017.0,1012.0,1011.0,1014.0,16.0,16.0,16.0,13.0,13.0,14.0,2.0,8.0,5.0,21.0,27.0,19.0,8.0,13.0,8.0,8.0,0.0,0.0,28.0,24.0,19.5,75.0,67.5,64.5,94.0,79.5,64.5,1018.0,1016.5,1013.0,16.0,14.5,6.5,22.5,9.0,4.5,-5.656854249492381,-4.301162633521313,-3.605551275463989,-1.224744871391589,-6.363961030678928,-7.745966692414834,4.949747468305833,6.519202405202649,11.832159566199232,2.449489742783178,3.24037034920393,1.5811388300841898,0.0,2.1213203435596424,4.743416490252569,-3.6742346141747673,-3.24037034920393,2.7386127875258306,-4.58257569495584,-3.4641016151377544,-2.943920288775949,-1.0,-5.196152422706632,-6.3508529610858835,2.0816659994661326,4.795831523312719,9.591663046625438,1.9148542155126762,2.581988897471611,-1.1547005383792515,0.0,1.632993161855452,4.242640687119285,3.5118845842842465,1.1547005383792515,2.23606797749979
517,21,24.0,32.0,32.0,21.0,27.0,28.0,17.0,22.0,23.0,74.0,76.0,75.0,63.0,72.0,72.0,59.0,70.0,69.0,94.0,94.0,87.0,84.0,75.0,73.0,73.0,56.0,59.0,1020.0,1016.0,1018.0,1019.0,1014.0,1016.0,1014.0,1012.0,1011.0,16.0,16.0,16.0,16.0,13.0,13.0,11.0,2.0,8.0,24.0,21.0,27.0,10.0,8.0,13.0,1.0,8.0,0.0,24.5,21.0,17.0,72.5,65.0,60.0,97.0,87.5,77.5,1020.0,1019.0,1015.5,16.0,13.0,6.5,20.0,8.0,1.0,-5.612486080160912,-4.242640687119285,-3.5355339059327378,-2.5495097567963922,-5.70087712549569,-7.648529270389178,4.242640687119285,8.06225774829855,13.601470508735444,2.8284271247461903,3.5355339059327378,2.5495097567963922,0.0,-3.6742346141747673,0.0,-5.244044240850758,-2.449489742783178,-4.949747468305833,-4.58257569495584,-3.5118845842842465,-2.943920288775949,-2.0,-4.654746681256314,-6.2182527020592095,5.32290647422377,6.683312551921141,10.969655114602888,2.0,2.6457513110645907,2.160246899469287,0.0,-3.0,-3.4641016151377544,-5.507570547286102,-3.5118845842842465,2.23606797749979
518,25,25.0,24.0,32.0,21.0,21.0,27.0,17.0,17.0,22.0,71.0,74.0,76.0,67.0,63.0,72.0,61.0,59.0,70.0,100.0,94.0,94.0,91.0,84.0,75.0,82.0,73.0,56.0,1020.0,1020.0,1016.0,1019.0,1019.0,1014.0,1017.0,1014.0,1012.0,16.0,16.0,16.0,10.0,16.0,13.0,2.0,11.0,2.0,16.0,24.0,21.0,6.0,10.0,8.0,1.0,1.0,8.0,28.0,23.0,18.0,72.5,69.0,63.5,100.0,87.0,73.5,1020.0,1018.0,1015.0,16.0,10.0,1.0,22.5,8.5,18.5,4.301162633521313,2.8284271247461903,1.4142135623730951,0.0,4.0,3.8078865529319543,4.242640687119285,-2.7386127875258306,-10.198039027185569,0.0,-1.4142135623730951,-1.8708286933869707,0.0,-4.242640687119285,-6.519202405202649,7.245688373094719,2.1213203435596424,24.748737341529164,-3.0,-2.581988897471611,-2.6457513110645907,-1.1547005383792515,-4.041451884327381,-5.5377492419453835,3.4641016151377544,4.69041575982343,5.196152422706632,2.309401076758503,2.6457513110645907,-1.0,0.0,-3.0,-1.1547005383792515,6.164414002968976,2.0816659994661326,19.79898987322333
519,23,31.0,25.0,24.0,25.0,21.0,21.0,19.0,17.0,17.0,74.0,71.0,74.0,71.0,67.0,63.0,66.0,61.0,59.0,100.0,100.0,94.0,83.0,91.0,84.0,65.0,82.0,73.0,1020.0,1020.0,1020.0,1017.0,1019.0,1019.0,1013.0,1017.0,1014.0,16.0,16.0,16.0,10.0,10.0,16.0,0.0,2.0,11.0,29.0,16.0,24.0,11.0,6.0,10.0,36.0,1.0,1.0,29.5,24.0,18.5,72.0,69.5,64.5,96.5,82.0,67.0,1017.0,1014.5,1011.0,16.0,13.0,4.0,21.0,10.5,27.5,3.6742346141747673,2.449489742783178,1.224744871391589,-1.8708286933869707,1.8708286933869707,2.8284271247461903,-4.949747468305833,-5.830951894845301,-11.683321445547923,-4.242640687119285,-3.8078865529319543,-4.0,0.0,4.242640687119285,5.477225575051661,-6.59545297913646,3.4641016151377544,21.633307652783937,3.0550504633038935,2.0,1.0,-2.309401076758503,2.7688746209726918,2.581988897471611,-2.0816659994661326,-2.516611478423583,-8.0,-3.4641016151377544,-3.1091263510296048,-2.7688746209726918,0.0,0.0,-2.6457513110645907,-7.094598884597588,1.632993161855452,17.663521732655695
520,23,28.0,31.0,25.0,23.0,25.0,21.0,18.0,19.0,17.0,70.0,74.0,71.0,68.0,71.0,67.0,63.0,66.0,61.0,93.0,100.0,100.0,81.0,83.0,91.0,69.0,65.0,82.0,1014.0,1020.0,1020.0,1012.0,1017.0,1019.0,1009.0,1013.0,1017.0,16.0,16.0,16.0,16.0,10.0,10.0,8.0,0.0,2.0,13.0,29.0,16.0,10.0,11.0,6.0,19.0,36.0,1.0,28.0,23.0,18.5,72.0,68.5,64.5,96.5,84.0,71.5,1013.5,1011.0,1008.0,16.0,13.5,4.0,19.5,9.0,75.5,-2.1213203435596424,-1.4142135623730951,0.0,0.0,-2.0,0.0,0.0,4.0,4.527692569068709,-4.301162633521313,-3.8078865529319543,-3.1622776601683795,0.0,2.345207879911715,0.0,-6.59545297913646,-1.5811388300841898,78.99367063252599,3.0,2.0,1.1547005383792515,1.7320508075688772,1.632993161855452,2.886751345948129,0.0,-3.265986323710904,-9.092121131323903,-3.5118845842842465,-3.3166247903554,-3.4641016151377544,0.0,1.9148542155126762,-1.1547005383792515,5.228129047119374,2.581988897471611,67.58944690802946
521,26,28.0,28.0,31.0,23.0,23.0,25.0,19.0,18.0,19.0,74.0,70.0,74.0,69.0,68.0,71.0,66.0,63.0,66.0,100.0,93.0,100.0,87.0,81.0,83.0,74.0,69.0,65.0,1013.0,1014.0,1020.0,1010.0,1012.0,1017.0,1007.0,1009.0,1013.0,16.0,16.0,16.0,11.0,16.0,10.0,0.0,8.0,0.0,26.0,13.0,29.0,8.0,10.0,11.0,132.0,19.0,36.0,30.0,24.5,19.0,74.5,69.0,65.0,100.0,83.5,66.5,1015.0,1012.0,1009.5,16.0,10.5,1.5,23.5,9.0,66.0,2.8284271247461903,2.1213203435596424,0.7071067811865476,2.9154759474226504,0.7071067811865476,1.5811388300841898,4.949747468305833,-2.5495097567963922,-10.0,2.7386127875258306,2.449489742783178,3.24037034920393,0.0,-3.605551275463989,-5.244044240850758,8.48528137423857,0.0,-48.24417063231578,1.5275252316519468,1.2909944487358056,0.0,0.5773502691896257,-1.632993161855452,-1.1547005383792515,0.0,-2.3804761428476167,-7.831560082980487,-2.6457513110645907,-2.0816659994661326,1.2909944487358056,0.0,1.8257418583505538,1.7320508075688772,-6.110100926607787,-0.5773502691896257,-40.59556626036888
522,24,32.0,28.0,28.0,26.0,23.0,23.0,19.0,19.0,18.0,75.0,74.0,70.0,69.0,69.0,68.0,64.0,66.0,63.0,100.0,100.0,93.0,80.0,87.0,81.0,59.0,74.0,69.0,1017.0,1013.0,1014.0,1014.0,1010.0,1012.0,1012.0,1007.0,1009.0,16.0,16.0,16.0,10.0,11.0,16.0,3.0,0.0,8.0,21.0,26.0,13.0,10.0,8.0,10.0,0.0,132.0,19.0,30.5,25.0,19.0,75.0,69.5,64.0,97.0,81.0,64.0,1018.0,1015.5,1013.0,16.0,12.0,6.5,20.0,9.0,0.0,1.8708286933869707,1.5811388300841898,0.0,0.7071067811865476,0.7071067811865476,-1.4142135623730951,-4.242640687119285,-4.743416490252569,-7.905694150420948,3.1622776601683795,3.5355339059327378,3.8078865529319543,0.0,2.7386127875258306,5.385164807134504,-3.8078865529319543,0.0,-93.33809511662427,1.5275252316519468,1.2909944487358056,0.5773502691896257,2.3804761428476167,0.816496580927726,1.2909944487358056,2.0816659994661326,-1.7320508075688772,-5.773502691896258,2.516611478423583,2.6457513110645907,2.886751345948129,0.0,-1.8257418583505538,-1.4142135623730951,6.831300510639732,-1.1547005383792515,-39.39120037097964
523,26,29.0,32.0,28.0,24.0,26.0,23.0,19.0,19.0,19.0,75.0,75.0,74.0,70.0,69.0,69.0,64.0,64.0,66.0,94.0,100.0,100.0,82.0,80.0,87.0,69.0,59.0,74.0,1019.0,1017.0,1013.0,1017.0,1014.0,1010.0,1014.0,1012.0,1007.0,16.0,16.0,16.0,14.0,10.0,11.0,10.0,3.0,0.0,19.0,21.0,26.0,8.0,10.0,8.0,0.0,0.0,132.0,30.0,25.0,20.0,77.0,71.5,67.0,94.0,81.0,67.0,1019.0,1016.5,1013.0,16.0,13.5,6.5,21.5,9.0,2.5,-1.5811388300841898,0.0,1.4142135623730951,2.8284271247461903,2.23606797749979,4.242640687119285,-4.242640687119285,0.0,6.48074069840786,1.4142135623730951,2.0,0.0,0.0,2.7386127875258306,0.0,3.24037034920393,0.0,3.5355339059327378,1.9148542155126762,1.7320508075688772,1.1547005383792515,2.3804761428476167,1.8257418583505538,3.265986323710904,-3.4641016151377544,-4.041451884327381,-6.855654600401044,2.581988897471611,2.8284271247461903,2.886751345948129,0.0,2.160246899469287,1.7320508075688772,-1.1547005383792515,1.1547005383792515,-76.15554258664741
524,25,31.0,29.0,32.0,26.0,24.0,26.0,21.0,19.0,19.0,79.0,75.0,75.0,73.0,70.0,69.0,70.0,64.0,64.0,94.0,94.0,100.0,80.0,82.0,80.0,65.0,69.0,59.0,1019.0,1019.0,1017.0,1016.0,1017.0,1014.0,1012.0,1014.0,1012.0,16.0,16.0,16.0,13.0,14.0,10.0,3.0,10.0,3.0,24.0,19.0,21.0,10.0,8.0,10.0,5.0,0.0,0.0,31.5,25.5,19.5,76.0,69.5,66.5,97.0,78.0,58.0,1018.0,1015.0,1010.5,16.0,13.0,2.5,29.0,9.0,11.0,1.5811388300841898,1.224744871391589,-1.5811388300841898,-3.1622776601683795,-4.47213595499958,-2.5495097567963922,4.242640687119285,-3.1622776601683795,-10.295630140987,-1.4142135623730951,-1.5811388300841898,-2.5495097567963922,0.0,-0.7071067811865476,-5.0,7.905694150420948,0.0,9.192388155425117,-1.1547005383792515,-0.5773502691896257,-1.2909944487358056,-2.581988897471611,-3.605551275463989,-2.0816659994661326,0.0,-2.309401076758503,-6.110100926607787,0.0,1.1547005383792515,-1.7320508075688772,0.0,2.23606797749979,-0.5773502691896257,6.3508529610858835,-1.1547005383792515,7.505553499465135
525,26,32.0,31.0,29.0,25.0,26.0,24.0,18.0,21.0,19.0,73.0,79.0,75.0,66.0,73.0,70.0,63.0,70.0,64.0,100.0,94.0,94.0,76.0,80.0,82.0,51.0,65.0,69.0,1017.0,1019.0,1019.0,1014.0,1016.0,1017.0,1009.0,1012.0,1014.0,16.0,16.0,16.0,13.0,13.0,14.0,2.0,3.0,10.0,34.0,24.0,19.0,8.0,10.0,8.0,17.0,5.0,0.0,31.5,25.5,19.5,71.5,67.0,63.5,96.5,75.0,53.0,1017.5,1015.0,1011.5,16.0,14.5,7.5,26.5,5.5,17.0,0.0,0.0,0.0,-4.743416490252569,-4.743416490252569,-4.898979485566356,-2.5495097567963922,-3.1622776601683795,-9.486832980505138,-1.224744871391589,0.0,2.8284271247461903,0.0,2.1213203435596424,7.745966692414834,-7.905694150420948,-3.8078865529319543,8.48528137423857,1.1547005383792515,1.1547005383792515,1.1547005383792515,-3.1091263510296048,-3.4641016151377544,-2.0,-2.0816659994661326,-2.8284271247461903,-8.082903768654761,-1.0,-0.5773502691896257,2.0,0.0,1.632993161855452,4.864839839775475,-5.773502691896258,-2.886751345948129,7.505553499465135
526,25,31.0,32.0,31.0,26.0,25.0,26.0,21.0,18.0,21.0,70.0,73.0,79.0,68.0,66.0,73.0,64.0,63.0,70.0,93.0,100.0,94.0,74.0,76.0,80.0,55.0,51.0,65.0,1018.0,1017.0,1019.0,1016.0,1014.0,1016.0,1014.0,1009.0,1012.0,16.0,16.0,16.0,16.0,13.0,13.0,13.0,2.0,3.0,19.0,34.0,24.0,3.0,8.0,10.0,17.0,17.0,5.0,30.5,25.5,20.0,68.5,66.0,62.5,91.5,70.5,49.5,1019.5,1017.0,1015.0,16.0,16.0,14.5,16.5,3.0,8.5,-1.0,0.0,1.5811388300841898,-3.0,-2.449489742783178,-2.0,-5.385164807134504,-5.1478150704935,-7.245688373094719,2.23606797749979,2.0,3.8078865529319543,0.0,2.1213203435596424,8.06225774829855,-11.180339887498949,-3.5355339059327378,-12.020815280171307,-0.5773502691896257,-0.5773502691896257,-1.1547005383792515,-4.242640687119285,-4.509249752822894,-4.358898943540674,-2.70801280154532,-4.795831523312719,-10.016652800877813,1.4142135623730951,1.1547005383792515,2.581988897471611,0.0,1.7320508075688772,6.557438524302,-7.0710678118654755,-3.1091263510296048,-6.95221787153807
527,24,30.0,31.0,32.0,25.0,26.0,25.0,19.0,21.0,18.0,67.0,70.0,73.0,64.0,68.0,66.0,61.0,64.0,63.0,90.0,93.0,100.0,67.0,74.0,76.0,44.0,55.0,51.0,1021.0,1018.0,1017.0,1018.0,1016.0,1014.0,1016.0,1014.0,1009.0,16.0,16.0,16.0,16.0,16.0,13.0,16.0,13.0,2.0,14.0,19.0,34.0,3.0,3.0,8.0,0.0,17.0,17.0,30.5,24.5,18.5,66.5,64.5,62.0,91.5,68.5,45.0,1020.0,1017.5,1016.0,16.0,16.0,15.0,13.5,3.0,0.0,0.0,-1.0,-1.5811388300841898,-2.23606797749979,-2.7386127875258306,-1.5811388300841898,0.0,-4.47213595499958,-7.648529270389178,1.5811388300841898,1.224744871391589,1.4142135623730951,0.0,0.0,1.5811388300841898,-3.605551275463989,0.0,-12.020815280171307,-0.5773502691896257,-0.5773502691896257,1.1547005383792515,-2.516611478423583,-1.9148542155126762,-1.1547005383792515,-4.041451884327381,-3.8297084310253524,-5.802298395176403,1.4142135623730951,1.5275252316519468,3.1091263510296048,0.0,1.7320508075688772,6.48074069840786,-9.146948489341495,-2.886751345948129,-9.814954576223638
528,26,31.0,30.0,31.0,24.0,25.0,26.0,18.0,19.0,21.0,66.0,67.0,70.0,65.0,64.0,68.0,63.0,61.0,64.0,93.0,90.0,93.0,70.0,67.0,74.0,46.0,44.0,55.0,1019.0,1021.0,1018.0,1017.0,1018.0,1016.0,1016.0,1016.0,1014.0,16.0,16.0,16.0,16.0,16.0,16.0,14.0,16.0,13.0,13.0,14.0,19.0,3.0,3.0,3.0,0.0,0.0,17.0,31.5,25.0,18.5,68.0,65.5,63.5,93.0,70.0,46.0,1018.0,1016.0,1014.0,16.0,16.0,15.0,13.5,3.0,0.0,1.0,1.224744871391589,0.0,2.7386127875258306,1.0,1.5811388300841898,2.1213203435596424,2.1213203435596424,1.4142135623730951,-2.0,-1.5811388300841898,-2.8284271247461903,0.0,0.0,0.0,0.0,0.0,0.0,0.5773502691896257,0.816496580927726,-1.1547005383792515,1.4142135623730951,-2.160246899469287,-1.1547005383792515,0.0,-3.6514837167011076,-6.244997998398398,0.5773502691896257,-0.5773502691896257,-2.0,0.0,0.0,1.7320508075688772,-2.886751345948129,0.0,-9.814954576223638
529,26,32.0,31.0,30.0,26.0,24.0,25.0,19.0,18.0,19.0,70.0,66.0,67.0,66.0,65.0,64.0,64.0,63.0,61.0,93.0,93.0,90.0,70.0,70.0,67.0,46.0,46.0,44.0,1017.0,1019.0,1021.0,1015.0,1017.0,1018.0,1012.0,1016.0,1016.0,16.0,16.0,16.0,16.0,16.0,16.0,16.0,14.0,16.0,14.0,13.0,14.0,3.0,3.0,3.0,0.0,0.0,0.0,32.0,26.0,19.0,70.0,66.0,64.0,91.5,69.5,46.5,1016.0,1014.0,1011.5,16.0,16.0,16.0,17.5,5.5,0.0,0.7071067811865476,1.4142135623730951,0.7071067811865476,2.8284271247461903,0.7071067811865476,0.7071067811865476,-2.1213203435596424,-0.7071067811865476,0.7071067811865476,-2.0,-2.0,-2.9154759474226504,0.0,0.0,1.4142135623730951,5.0,3.5355339059327378,0.0,0.816496580927726,1.0,0.0,2.23606797749979,0.816496580927726,1.2909944487358056,0.0,1.632993161855452,1.2909944487358056,-2.0,-1.7320508075688772,-2.3804761428476167,0.0,0.0,0.0,4.041451884327381,2.886751345948129,0.0
530,26,32.0,32.0,31.0,26.0,26.0,24.0,19.0,19.0,18.0,70.0,70.0,66.0,66.0,66.0,65.0,64.0,64.0,63.0,90.0,93.0,93.0,69.0,70.0,70.0,47.0,46.0,46.0,1015.0,1017.0,1019.0,1013.0,1015.0,1017.0,1011.0,1012.0,1016.0,16.0,16.0,16.0,16.0,16.0,16.0,16.0,16.0,14.0,21.0,14.0,13.0,8.0,3.0,3.0,0.0,0.0,0.0,31.5,26.0,19.5,70.0,66.0,63.5,90.0,68.5,46.0,1015.5,1013.5,1012.0,16.0,16.0,16.0,20.0,7.0,0.0,-0.7071067811865476,0.0,0.7071067811865476,0.0,0.0,-0.7071067811865476,-2.1213203435596424,-1.0,-1.224744871391589,-1.224744871391589,-1.224744871391589,1.224744871391589,0.0,0.0,0.0,4.743416490252569,3.24037034920393,0.0,0.0,1.1547005383792515,0.816496580927726,2.309401076758503,0.5773502691896257,0.0,-1.7320508075688772,-0.816496580927726,-1.0,-1.5275252316519468,-1.5275252316519468,-2.0816659994661326,0.0,0.0,1.1547005383792515,3.9157800414902435,2.6457513110645907,0.0
531,27,31.0,32.0,32.0,26.0,26.0,26.0,20.0,19.0,19.0,70.0,70.0,70.0,66.0,66.0,66.0,63.0,64.0,64.0,90.0,90.0,93.0,68.0,69.0,70.0,45.0,47.0,46.0,1016.0,1015.0,1017.0,1014.0,1013.0,1015.0,1013.0,1011.0,1012.0,16.0,16.0,16.0,16.0,16.0,16.0,16.0,16.0,16.0,19.0,21.0,14.0,6.0,8.0,3.0,0.0,0.0,0.0,31.5,26.5,20.5,71.0,67.0,64.5,93.5,70.0,46.0,1017.5,1015.0,1013.5,16.0,16.0,16.0,19.0,6.0,0.0,0.0,0.7071067811865476,1.0,1.4142135623730951,1.4142135623730951,2.0,4.949747468305833,2.7386127875258306,0.0,2.23606797749979,1.5811388300841898,1.5811388300841898,0.0,0.0,0.0,-1.4142135623730951,-1.4142135623730951,0.0,0.0,0.5773502691896257,0.816496580927726,1.1547005383792515,1.1547005383792515,1.632993161855452,3.6514837167011076,2.160246899469287,0.5773502691896257,1.4142135623730951,0.5773502691896257,1.1547005383792515,0.0,0.0,0.0,3.872983346207417,2.6457513110645907,0.0
532,27,32.0,31.0,32.0,27.0,26.0,26.0,21.0,20.0,19.0,72.0,70.0,70.0,68.0,66.0,66.0,66.0,63.0,64.0,97.0,90.0,90.0,72.0,68.0,69.0,47.0,45.0,47.0,1019.0,1016.0,1015.0,1016.0,1014.0,1013.0,1014.0,1013.0,1011.0,16.0,16.0,16.0,16.0,16.0,16.0,16.0,16.0,16.0,19.0,19.0,21.0,6.0,6.0,8.0,0.0,0.0,0.0,32.0,27.0,21.0,71.0,67.5,65.0,97.0,72.0,46.5,1017.5,1015.5,1013.5,16.0,16.0,16.0,16.5,5.5,0.0,0.7071067811865476,0.7071067811865476,0.7071067811865476,0.0,1.224744871391589,1.5811388300841898,4.949747468305833,2.8284271247461903,1.224744871391589,0.0,1.224744871391589,0.0,0.0,0.0,0.0,-3.5355339059327378,-0.7071067811865476,0.0,0.0,0.5773502691896257,0.816496580927726,0.0,1.0,1.1547005383792515,4.041451884327381,2.23606797749979,-0.5773502691896257,0.5773502691896257,1.1547005383792515,1.1547005383792515,0.0,0.0,0.0,-3.1091263510296048,-1.2909944487358056,0.0
533,27,32.0,32.0,31.0,27.0,27.0,26.0,21.0,21.0,20.0,70.0,72.0,70.0,67.0,68.0,66.0,64.0,66.0,63.0,97.0,97.0,90.0,72.0,72.0,68.0,46.0,47.0,45.0,1016.0,1019.0,1016.0,1015.0,1016.0,1014.0,1013.0,1014.0,1013.0,16.0,16.0,16.0,16.0,16.0,16.0,16.0,16.0,16.0,14.0,19.0,19.0,5.0,6.0,6.0,0.0,0.0,0.0,32.5,27.0,21.0,70.0,67.0,64.0,97.0,71.5,45.0,1015.5,1014.5,1012.5,16.0,16.0,16.0,16.5,5.5,0.0,0.7071067811865476,0.0,0.0,-1.4142135623730951,-0.7071067811865476,-1.4142135623730951,0.0,-0.7071067811865476,-1.5811388300841898,-2.23606797749979,-1.0,-1.0,0.0,0.0,0.0,0.0,0.0,0.0,0.816496580927726,0.5773502691896257,0.5773502691896257,0.0,1.0,1.2909944487358056,4.041451884327381,2.23606797749979,-0.5773502691896257,-0.5773502691896257,0.816496580927726,-0.5773502691896257,0.0,0.0,0.0,0.0,0.0,0.0
534,28,33.0,32.0,32.0,27.0,27.0,27.0,21.0,21.0,21.0,70.0,70.0,72.0,67.0,67.0,68.0,64.0,64.0,66.0,97.0,97.0,97.0,71.0,72.0,72.0,44.0,46.0,47.0,1015.0,1016.0,1019.0,1014.0,1015.0,1016.0,1012.0,1013.0,1014.0,16.0,16.0,16.0,16.0,16.0,16.0,16.0,16.0,16.0,19.0,14.0,19.0,6.0,5.0,6.0,0.0,0.0,0.0,33.5,27.5,21.5,70.5,67.5,64.0,95.0,69.0,42.5,1015.5,1014.0,1012.0,16.0,16.0,16.0,16.5,5.5,0.0,1.0,0.7071067811865476,0.7071067811865476,0.7071067811865476,0.7071067811865476,0.0,-2.8284271247461903,-2.9154759474226504,-2.5495097567963922,0.0,-0.7071067811865476,-0.7071067811865476,0.0,0.0,0.0,0.0,0.0,0.0,0.816496580927726,0.5773502691896257,0.5773502691896257,-1.0,0.0,-1.1547005383792515,-2.309401076758503,-2.3804761428476167,-2.160246899469287,-1.7320508075688772,-0.816496580927726,-0.816496580927726,0.0,0.0,0.0,-2.886751345948129,-0.5773502691896257,0.0
535,29,34.0,33.0,32.0,28.0,27.0,27.0,22.0,21.0,21.0,71.0,70.0,70.0,68.0,67.0,67.0,64.0,64.0,64.0,93.0,97.0,97.0,67.0,71.0,72.0,41.0,44.0,46.0,1016.0,1015.0,1016.0,1014.0,1014.0,1015.0,1012.0,1012.0,1013.0,16.0,16.0,16.0,16.0,16.0,16.0,16.0,16.0,16.0,14.0,19.0,14.0,5.0,6.0,5.0,0.0,0.0,0.0,34.5,28.5,22.0,70.5,67.5,62.5,90.0,63.5,37.0,1015.0,1013.0,1010.5,16.0,16.0,16.0,13.5,5.0,0.0,1.0,1.0,0.7071067811865476,0.0,0.0,-2.1213203435596424,-5.0990195135927845,-5.70087712549569,-6.041522986797286,-1.224744871391589,-1.4142135623730951,-2.1213203435596424,0.0,0.0,0.0,-3.605551275463989,-0.7071067811865476,0.0,1.0,0.816496580927726,0.5773502691896257,0.0,0.0,-1.7320508075688772,-4.163331998932265,-4.69041575982343,-5.066228051190222,-1.1547005383792515,-1.2909944487358056,-1.8257418583505538,0.0,0.0,0.0,-0.5773502691896257,0.0,0.0
536,28,35.0,34.0,33.0,29.0,28.0,27.0,22.0,22.0,21.0,70.0,71.0,70.0,67.0,68.0,67.0,61.0,64.0,64.0,87.0,93.0,97.0,60.0,67.0,71.0,33.0,41.0,44.0,1014.0,1016.0,1015.0,1012.0,1014.0,1014.0,1009.0,1012.0,1012.0,16.0,16.0,16.0,16.0,16.0,16.0,16.0,16.0,16.0,13.0,14.0,19.0,5.0,5.0,6.0,0.0,0.0,0.0,34.5,28.5,22.0,70.0,67.5,63.5,83.0,61.0,38.5,1013.0,1011.0,1008.5,16.0,16.0,16.0,14.5,5.5,0.0,0.0,0.0,0.0,-0.7071067811865476,0.0,2.8284271247461903,-7.0710678118654755,-4.743416490252569,5.338539126015656,-2.0,-2.0,-2.23606797749979,0.0,0.0,0.0,2.0,0.7071067811865476,0.0,0.5773502691896257,0.5773502691896257,0.5773502691896257,0.0,0.5773502691896257,2.309401076758503,-6.2182527020592095,-4.509249752822894,4.0,-1.5275252316519468,-1.632993161855452,-1.8257418583505538,0.0,0.0,0.0,-2.3804761428476167,0.0,0.0
537,29,34.0,35.0,34.0,28.0,29.0,28.0,22.0,22.0,22.0,70.0,70.0,71.0,68.0,67.0,68.0,66.0,61.0,64.0,79.0,87.0,93.0,62.0,60.0,67.0,44.0,33.0,41.0,1012.0,1014.0,1016.0,1010.0,1012.0,1014.0,1008.0,1009.0,1012.0,16.0,16.0,16.0,16.0,16.0,16.0,16.0,16.0,16.0,16.0,13.0,14.0,6.0,5.0,5.0,0.0,0.0,0.0,34.0,28.5,22.5,71.0,69.0,67.5,86.0,66.5,46.5,1012.0,1009.5,1007.5,16.0,16.0,16.0,20.0,8.5,0.0,-0.7071067811865476,0.0,0.7071067811865476,1.4142135623730951,1.5811388300841898,4.123105625617661,8.12403840463596,6.519202405202649,8.54400374531753,-1.4142135623730951,-1.5811388300841898,-1.0,0.0,0.0,0.0,6.041522986797286,3.605551275463989,0.0,0.0,0.5773502691896257,0.5773502691896257,1.0,1.1547005383792515,2.886751345948129,5.656854249492381,3.4641016151377544,5.228129047119374,-1.632993161855452,-1.7320508075688772,-1.9148542155126762,0.0,0.0,0.0,4.898979485566356,2.943920288775949,0.0
538,29,34.0,34.0,35.0,29.0,28.0,29.0,23.0,22.0,22.0,72.0,70.0,70.0,70.0,68.0,67.0,69.0,66.0,61.0,93.0,79.0,87.0,71.0,62.0,60.0,49.0,44.0,33.0,1012.0,1012.0,1014.0,1009.0,1010.0,1012.0,1007.0,1008.0,1009.0,16.0,16.0,16.0,16.0,16.0,16.0,16.0,16.0,16.0,24.0,16.0,13.0,11.0,6.0,5.0,0.0,0.0,0.0,34.0,29.0,23.5,73.5,71.5,70.0,90.5,70.5,50.5,1012.0,1009.5,1007.5,16.0,16.0,16.0,22.5,10.5,0.0,0.0,0.7071067811865476,1.0,2.5495097567963922,2.5495097567963922,2.5495097567963922,9.246621004453464,6.324555320336759,4.123105625617661,0.0,0.0,0.0,0.0,0.0,0.0,5.244044240850758,3.4641016151377544,0.0,-0.5773502691896257,0.0,0.816496580927726,2.0816659994661326,2.160246899469287,3.559026084010437,5.972157622389639,5.291502622129181,7.187952884282608,-1.1547005383792515,-1.1547005383792515,-0.5773502691896257,0.0,0.0,0.0,4.618802153517006,2.886751345948129,0.0
539,29,34.0,34.0,34.0,29.0,29.0,28.0,24.0,23.0,22.0,75.0,72.0,70.0,73.0,70.0,68.0,71.0,69.0,66.0,88.0,93.0,79.0,70.0,71.0,62.0,52.0,49.0,44.0,1012.0,1012.0,1012.0,1010.0,1009.0,1010.0,1008.0,1007.0,1008.0,16.0,16.0,16.0,16.0,16.0,16.0,16.0,16.0,16.0,21.0,24.0,16.0,10.0,11.0,6.0,0.0,0.0,0.0,34.5,29.0,24.0,74.5,72.5,70.0,91.0,70.0,49.0,1012.5,1010.0,1008.0,16.0,16.0,16.0,25.0,10.5,0.0,0.7071067811865476,0.0,0.7071067811865476,2.0,2.0,0.0,2.345207879911715,-0.7071067811865476,-3.6742346141747673,0.7071067811865476,0.7071067811865476,0.7071067811865476,0.0,0.0,0.0,5.244044240850758,0.0,0.0,0.5773502691896257,0.5773502691896257,0.816496580927726,2.0,2.0,1.7320508075688772,8.306623862918075,5.163977794943222,-0.816496580927726,0.5773502691896257,0.0,0.0,0.0,0.0,0.0,6.298147875897061,2.886751345948129,0.0
540,26,35.0,34.0,34.0,29.0,29.0,29.0,24.0,24.0,23.0,74.0,75.0,72.0,72.0,73.0,70.0,69.0,71.0,69.0,94.0,88.0,93.0,70.0,70.0,71.0,46.0,52.0,49.0,1013.0,1012.0,1012.0,1010.0,1010.0,1009.0,1008.0,1008.0,1007.0,16.0,16.0,16.0,16.0,16.0,16.0,16.0,16.0,16.0,29.0,21.0,24.0,11.0,10.0,11.0,0.0,0.0,0.0,32.5,27.5,23.0,75.0,72.5,70.0,97.0,78.5,60.0,1013.5,1011.0,1009.0,16.0,14.5,8.0,25.0,10.5,17.0,-3.4641016151377544,-2.1213203435596424,-1.4142135623730951,1.224744871391589,0.0,0.0,6.0,12.020815280171307,19.339079605813716,1.0,1.4142135623730951,1.4142135623730951,0.0,-2.1213203435596424,-11.313708498984761,0.0,0.0,24.041630560342615,-2.8284271247461903,-1.7320508075688772,-1.0,2.0,1.7320508075688772,1.1547005383792515,3.958114029012639,9.797958971132712,15.88500340992514,0.816496580927726,1.2909944487358056,1.2909944487358056,0.0,-1.7320508075688772,-9.237604307034012,-1.7320508075688772,-0.5773502691896257,19.629909152447276
541,28,30.0,35.0,34.0,26.0,29.0,29.0,22.0,24.0,24.0,76.0,74.0,75.0,73.0,72.0,73.0,71.0,69.0,71.0,100.0,94.0,88.0,87.0,70.0,70.0,74.0,46.0,52.0,1014.0,1013.0,1012.0,1012.0,1010.0,1010.0,1010.0,1008.0,1008.0,16.0,16.0,16.0,13.0,16.0,16.0,0.0,16.0,16.0,21.0,29.0,21.0,10.0,11.0,10.0,34.0,0.0,0.0,31.0,27.0,22.5,76.0,73.0,70.0,100.0,82.5,64.5,1014.5,1013.0,1010.0,16.0,13.5,1.5,23.5,8.0,19.5,-3.24037034920393,-1.5811388300841898,-1.224744871391589,1.4142135623730951,0.7071067811865476,0.0,4.242640687119285,10.198039027185569,14.543039572248986,1.0,2.0,1.4142135623730951,0.0,-2.0,-11.113055385446435,-4.415880433163924,-2.9154759474226504,12.549900398011133,-2.581988897471611,-1.2909944487358056,-1.0,1.0,0.0,-1.1547005383792515,4.898979485566356,8.32666399786453,11.357816691600547,1.0,1.632993161855452,1.1547005383792515,0.0,-1.632993161855452,-9.073771725877465,2.886751345948129,-2.309401076758503,10.246950765959598
542,26,32.0,30.0,35.0,28.0,26.0,29.0,23.0,22.0,24.0,76.0,76.0,74.0,73.0,73.0,72.0,69.0,71.0,69.0,100.0,100.0,94.0,78.0,87.0,70.0,55.0,74.0,46.0,1015.0,1014.0,1013.0,1014.0,1012.0,1010.0,1010.0,1010.0,1008.0,16.0,16.0,16.0,14.0,13.0,16.0,3.0,0.0,16.0,26.0,21.0,29.0,6.0,10.0,11.0,5.0,34.0,0.0,30.0,27.0,23.0,75.5,73.0,69.5,97.0,81.0,64.5,1015.0,1013.5,1009.0,16.0,13.5,1.5,25.0,8.5,19.5,-2.449489742783178,0.0,0.7071067811865476,-0.7071067811865476,0.0,-1.224744871391589,-4.242640687119285,-4.743416490252569,0.0,0.7071067811865476,1.224744871391589,-1.4142135623730951,0.0,0.0,0.0,3.24037034920393,2.1213203435596424,0.0,-3.5118845842842465,-1.7320508075688772,-1.0,1.0,0.5773502691896257,0.5773502691896257,0.0,9.018499505645789,16.165807537309522,0.816496580927726,1.5275252316519468,0.0,0.0,-1.7320508075688772,-9.237604307034012,-3.7859388972001824,1.632993161855452,19.629909152447276
543,27,28.0,32.0,30.0,26.0,28.0,26.0,23.0,23.0,22.0,75.0,76.0,76.0,73.0,73.0,73.0,70.0,69.0,71.0,94.0,100.0,100.0,84.0,78.0,87.0,74.0,55.0,74.0,1015.0,1015.0,1014.0,1013.0,1014.0,1012.0,1008.0,1010.0,1010.0,16.0,16.0,16.0,13.0,14.0,13.0,0.0,3.0,0.0,24.0,26.0,21.0,11.0,6.0,10.0,34.0,5.0,34.0,30.0,26.5,22.5,76.0,73.5,70.5,97.0,83.5,69.5,1014.5,1012.0,1007.5,16.0,12.0,0.0,30.5,9.5,51.0,0.0,-1.224744871391589,-0.7071067811865476,1.224744871391589,0.7071067811865476,1.0,0.0,4.183300132670378,11.832159566199232,-0.7071067811865476,-1.5811388300841898,-1.5811388300841898,0.0,-1.5811388300841898,-2.1213203435596424,9.082951062292475,2.8284271247461903,31.599050618649922,1.1547005383792515,0.5773502691896257,0.0,1.0,0.5773502691896257,-0.816496580927726,0.0,-3.9157800414902435,-5.196152422706632,0.0,-0.5773502691896257,-1.2909944487358056,0.0,-1.1547005383792515,0.0,7.958224257542215,0.0,19.629909152447276
544,28,32.0,28.0,32.0,27.0,26.0,28.0,22.0,23.0,23.0,77.0,75.0,76.0,74.0,73.0,73.0,71.0,70.0,69.0,100.0,94.0,100.0,83.0,84.0,78.0,65.0,74.0,55.0,1014.0,1015.0,1015.0,1011.0,1013.0,1014.0,1007.0,1008.0,1010.0,16.0,16.0,16.0,11.0,13.0,14.0,0.0,0.0,3.0,37.0,24.0,26.0,8.0,11.0,6.0,68.0,34.0,5.0,32.0,27.5,22.5,76.0,73.5,70.5,100.0,82.5,64.5,1015.5,1012.5,1009.5,16.0,13.5,5.5,28.0,7.0,34.0,2.8284271247461903,1.0,0.0,0.0,0.0,0.0,4.242640687119285,-1.0,-6.4031242374328485,2.0,1.5811388300841898,3.4641016151377544,0.0,3.24037034920393,7.7781745930520225,-8.803408430829505,-2.5495097567963922,-41.641325627314025,0.0,-0.816496580927726,0.0,-0.5773502691896257,0.0,0.5773502691896257,0.0,3.366501646120693,9.643650760992955,1.632993161855452,1.1547005383792515,2.581988897471611,0.0,2.581988897471611,6.110100926607787,-7.280109889280518,2.0,-29.59166549328825
545,26,32.0,32.0,28.0,28.0,27.0,26.0,23.0,22.0,23.0,75.0,77.0,75.0,73.0,74.0,73.0,70.0,71.0,70.0,100.0,100.0,94.0,82.0,83.0,84.0,64.0,65.0,74.0,1017.0,1014.0,1015.0,1014.0,1011.0,1013.0,1012.0,1007.0,1008.0,16.0,16.0,16.0,16.0,11.0,13.0,11.0,0.0,0.0,19.0,37.0,24.0,6.0,8.0,11.0,0.0,68.0,34.0,30.5,27.0,22.5,75.5,73.0,70.0,97.0,84.5,71.5,1018.0,1015.5,1013.5,16.0,14.5,5.5,20.0,4.0,14.0,-2.1213203435596424,-1.224744871391589,0.0,-1.224744871391589,-0.7071067811865476,-0.7071067811865476,-4.242640687119285,3.4641016151377544,10.583005244258363,2.5495097567963922,3.0,4.123105625617661,0.0,2.8284271247461903,0.0,-12.649110640673518,-3.1622776601683795,-43.81780460041329,1.5275252316519468,-0.816496580927726,-0.5773502691896257,0.5773502691896257,0.0,0.0,0.0,2.7688746209726918,6.904105059069326,2.0,2.160246899469287,3.3166247903554,0.0,2.0,0.0,-7.094598884597588,-3.1091263510296048,-29.91097903223274
546,26,29.0,32.0,32.0,26.0,28.0,27.0,22.0,23.0,22.0,76.0,75.0,77.0,73.0,73.0,74.0,70.0,70.0,71.0,94.0,100.0,100.0,87.0,82.0,83.0,79.0,64.0,65.0,1019.0,1017.0,1014.0,1017.0,1014.0,1011.0,1015.0,1012.0,1007.0,16.0,16.0,16.0,13.0,16.0,11.0,0.0,11.0,0.0,21.0,19.0,37.0,2.0,6.0,8.0,28.0,0.0,68.0,28.5,26.0,22.0,76.5,73.0,70.0,97.0,88.5,79.0,1018.5,1017.0,1015.0,16.0,13.0,0.0,24.0,3.5,20.0,-2.23606797749979,-1.4142135623730951,-0.7071067811865476,1.0,0.0,0.0,0.0,4.123105625617661,10.606601717798213,1.224744871391589,2.1213203435596424,2.1213203435596424,0.0,-2.1213203435596424,-7.7781745930520225,4.47213595499958,-1.8708286933869707,16.24807680927192,-1.8257418583505538,-1.0,0.0,-0.816496580927726,-0.5773502691896257,-0.5773502691896257,0.0,3.3166247903554,8.640987597877148,2.0,2.449489742783178,3.366501646120693,0.0,2.309401076758503,0.0,-9.72967967955095,-1.9148542155126762,-36.95041722813605
547,26,28.0,29.0,32.0,26.0,26.0,28.0,22.0,22.0,23.0,77.0,76.0,75.0,73.0,73.0,73.0,70.0,70.0,70.0,100.0,94.0,100.0,90.0,87.0,82.0,79.0,79.0,64.0,1018.0,1019.0,1017.0,1017.0,1017.0,1014.0,1015.0,1015.0,1012.0,16.0,16.0,16.0,13.0,13.0,16.0,0.0,0.0,11.0,27.0,21.0,19.0,5.0,2.0,6.0,12.0,28.0,0.0,29.0,26.0,22.0,77.5,74.0,70.0,100.0,87.5,74.5,1018.5,1017.0,1015.0,16.0,12.0,0.0,27.0,5.5,18.0,1.224744871391589,0.0,0.0,1.0,1.4142135623730951,0.0,4.242640687119285,-2.8284271247461903,-6.363961030678928,0.0,0.0,0.0,0.0,-1.4142135623730951,0.0,4.242640687119285,2.23606797749979,-7.483314773547883,-1.4142135623730951,-1.1547005383792515,-0.5773502691896257,1.0,1.1547005383792515,0.0,0.0,1.7320508075688772,6.928203230275509,1.1547005383792515,1.7320508075688772,1.7320508075688772,0.0,-2.0816659994661326,-6.3508529610858835,3.6514837167011076,-1.4142135623730951,14.966629547095765
548,27,30.0,28.0,29.0,26.0,26.0,26.0,22.0,22.0,22.0,78.0,77.0,76.0,75.0,73.0,73.0,70.0,70.0,70.0,100.0,100.0,94.0,85.0,90.0,87.0,70.0,79.0,79.0,1019.0,1018.0,1019.0,1017.0,1017.0,1017.0,1015.0,1015.0,1015.0,16.0,16.0,16.0,11.0,13.0,13.0,0.0,0.0,0.0,27.0,27.0,21.0,6.0,5.0,2.0,24.0,12.0,28.0,31.0,26.5,22.0,77.5,74.5,70.5,100.0,84.5,69.0,1019.5,1017.5,1016.0,16.0,12.5,5.0,21.5,7.0,12.0,2.0,0.7071067811865476,0.0,0.0,1.224744871391589,0.7071067811865476,0.0,-3.605551275463989,-6.519202405202649,1.0,0.7071067811865476,1.4142135623730951,0.0,1.5811388300841898,7.0710678118654755,-7.7781745930520225,1.5811388300841898,-14.696938456699069,1.5275252316519468,0.5773502691896257,0.0,0.5773502691896257,1.0,0.5773502691896257,3.4641016151377544,-2.3804761428476167,-5.32290647422377,0.5773502691896257,0.5773502691896257,1.1547005383792515,0.0,1.2909944487358056,5.773502691896258,-5.32290647422377,2.160246899469287,-15.14375558880073
549,29,32.0,30.0,28.0,27.0,26.0,26.0,22.0,22.0,22.0,77.0,78.0,77.0,74.0,75.0,73.0,71.0,70.0,70.0,100.0,100.0,100.0,84.0,85.0,90.0,68.0,70.0,79.0,1020.0,1019.0,1018.0,1018.0,1017.0,1017.0,1017.0,1015.0,1015.0,16.0,16.0,16.0,14.0,11.0,13.0,10.0,0.0,0.0,16.0,27.0,27.0,8.0,6.0,5.0,0.0,24.0,12.0,32.5,28.0,23.0,76.5,73.5,71.0,97.0,78.5,60.0,1021.0,1018.5,1017.0,16.0,15.0,13.0,18.5,8.0,0.0,1.5811388300841898,1.5811388300841898,1.4142135623730951,-1.0,-1.0,0.7071067811865476,-4.242640687119285,-7.810249675906654,-11.40175425099138,1.5811388300841898,1.0,1.4142135623730951,0.0,2.5495097567963922,8.246211251235321,-6.928203230275509,1.4142135623730951,-16.97056274847714,1.7320508075688772,1.2909944487358056,1.1547005383792515,-0.5773502691896257,0.816496580927726,0.5773502691896257,-3.4641016151377544,-7.0,-10.661457061146317,1.4142135623730951,0.816496580927726,1.1547005383792515,0.0,1.7320508075688772,6.733003292241386,-5.656854249492381,1.2909944487358056,-12.0
550,28,33.0,32.0,30.0,29.0,27.0,26.0,24.0,22.0,22.0,76.0,77.0,78.0,73.0,74.0,75.0,71.0,71.0,70.0,94.0,100.0,100.0,73.0,84.0,85.0,52.0,68.0,70.0,1022.0,1020.0,1019.0,1019.0,1018.0,1017.0,1017.0,1017.0,1015.0,16.0,16.0,16.0,16.0,14.0,11.0,16.0,10.0,0.0,21.0,16.0,27.0,8.0,8.0,6.0,0.0,0.0,24.0,33.0,28.5,23.5,75.0,73.0,70.5,97.0,75.5,54.0,1022.0,1019.5,1017.0,16.0,16.0,16.0,20.0,6.5,0.0,0.7071067811865476,1.224744871391589,1.224744871391589,-1.5811388300841898,-0.7071067811865476,-0.7071067811865476,0.0,-6.928203230275509,-10.954451150103322,1.4142135623730951,1.0,0.0,0.0,1.4142135623730951,4.242640687119285,3.24037034920393,-2.1213203435596424,0.0,1.2909944487358056,1.1547005383792515,1.0,-1.4142135623730951,-0.816496580927726,0.0,0.0,-5.686240703077327,-9.018499505645789,1.2909944487358056,1.0,1.1547005383792515,0.0,2.0816659994661326,6.733003292241386,-5.773502691896258,-1.2909944487358056,-13.856406460551018
551,28,33.0,33.0,32.0,28.0,29.0,27.0,23.0,24.0,22.0,74.0,76.0,77.0,73.0,73.0,74.0,70.0,71.0,71.0,100.0,94.0,100.0,78.0,73.0,84.0,56.0,52.0,68.0,1022.0,1022.0,1020.0,1020.0,1019.0,1018.0,1017.0,1017.0,1017.0,16.0,16.0,16.0,16.0,16.0,14.0,16.0,16.0,10.0,19.0,21.0,16.0,5.0,8.0,8.0,0.0,0.0,0.0,33.5,28.0,23.0,74.0,72.5,70.0,100.0,77.0,54.0,1021.0,1019.0,1016.0,16.0,16.0,16.0,19.0,5.5,0.0,0.7071067811865476,-0.7071067811865476,-0.7071067811865476,-1.4142135623730951,-0.7071067811865476,-0.7071067811865476,4.242640687119285,3.24037034920393,0.0,-1.4142135623730951,-1.224744871391589,-1.4142135623730951,0.0,0.0,0.0,-1.4142135623730951,-2.0,0.0,0.816496580927726,1.0,1.0,-1.2909944487358056,-0.816496580927726,-0.5773502691896257,0.0,-5.773502691896258,-9.237604307034012,0.0,-0.816496580927726,-1.1547005383792515,0.0,1.1547005383792515,3.4641016151377544,2.6457513110645907,-1.632993161855452,0.0
552,29,34.0,33.0,33.0,28.0,28.0,29.0,23.0,23.0,24.0,74.0,74.0,76.0,72.0,73.0,73.0,70.0,70.0,71.0,100.0,100.0,94.0,76.0,78.0,73.0,52.0,56.0,52.0,1020.0,1022.0,1022.0,1018.0,1020.0,1019.0,1015.0,1017.0,1017.0,16.0,16.0,16.0,16.0,16.0,16.0,16.0,16.0,16.0,19.0,19.0,21.0,6.0,5.0,8.0,0.0,0.0,0.0,34.0,28.5,23.5,74.0,72.5,70.0,97.0,74.5,52.0,1019.0,1016.5,1013.5,16.0,16.0,16.0,17.5,8.0,0.0,0.7071067811865476,0.7071067811865476,0.7071067811865476,0.0,0.0,0.0,-4.242640687119285,-2.5495097567963922,-2.8284271247461903,-2.0,-2.5495097567963922,-2.5495097567963922,0.0,0.0,0.0,-2.1213203435596424,2.9154759474226504,0.0,0.5773502691896257,0.0,0.0,-1.1547005383792515,0.0,-0.5773502691896257,0.0,2.0,0.0,-1.632993161855452,-2.0,-2.0816659994661326,0.0,0.0,0.0,-2.0816659994661326,1.632993161855452,0.0
553,28,34.0,34.0,33.0,29.0,28.0,28.0,24.0,23.0,23.0,74.0,74.0,74.0,73.0,72.0,73.0,70.0,70.0,70.0,94.0,100.0,100.0,73.0,76.0,78.0,52.0,52.0,56.0,1018.0,1020.0,1022.0,1015.0,1018.0,1020.0,1012.0,1015.0,1017.0,16.0,16.0,16.0,16.0,16.0,16.0,16.0,16.0,16.0,16.0,19.0,19.0,10.0,6.0,5.0,0.0,0.0,0.0,33.5,28.5,23.5,74.5,73.0,70.0,94.0,74.0,54.0,1018.0,1015.5,1013.0,16.0,16.0,13.0,19.5,6.0,0.0,-0.7071067811865476,0.0,0.0,0.7071067811865476,0.7071067811865476,0.0,-4.242640687119285,-1.5811388300841898,2.8284271247461903,-1.4142135623730951,-2.0,-1.5811388300841898,0.0,0.0,-4.242640687119285,4.47213595499958,-4.898979485566356,0.0,0.0,0.0,0.0,0.5773502691896257,0.0,0.0,-3.4641016151377544,-1.7320508075688772,0.0,-1.632993161855452,-2.0,-1.7320508075688772,0.0,0.0,-3.4641016151377544,3.6514837167011076,-3.958114029012639,0.0
554,28,33.0,34.0,34.0,28.0,29.0,28.0,23.0,24.0,23.0,75.0,74.0,74.0,73.0,73.0,72.0,70.0,70.0,70.0,94.0,94.0,100.0,75.0,73.0,76.0,56.0,52.0,52.0,1018.0,1018.0,1020.0,1016.0,1015.0,1018.0,1014.0,1012.0,1015.0,16.0,16.0,16.0,16.0,16.0,16.0,10.0,16.0,16.0,23.0,16.0,19.0,2.0,10.0,6.0,0.0,0.0,0.0,33.0,28.0,23.0,75.0,73.0,70.0,94.0,74.0,54.0,1018.0,1016.0,1014.0,16.0,15.0,6.5,22.0,2.5,1.0,-0.7071067811865476,-0.7071067811865476,-0.7071067811865476,0.7071067811865476,0.0,0.0,0.0,0.0,0.0,0.0,0.7071067811865476,1.4142135623730951,0.0,-1.4142135623730951,-6.519202405202649,4.743416490252569,-5.612486080160912,1.4142135623730951,-0.5773502691896257,0.0,0.0,0.5773502691896257,0.5773502691896257,0.0,-3.4641016151377544,-1.7320508075688772,0.0,-1.1547005383792515,-1.632993161855452,-1.2909944487358056,0.0,-1.1547005383792515,-5.32290647422377,3.4641016151377544,-3.958114029012639,1.1547005383792515
555,29,33.0,33.0,34.0,28.0,28.0,29.0,23.0,23.0,24.0,75.0,75.0,74.0,73.0,73.0,73.0,70.0,70.0,70.0,94.0,94.0,94.0,73.0,75.0,73.0,52.0,56.0,52.0,1018.0,1018.0,1018.0,1016.0,1016.0,1015.0,1014.0,1014.0,1012.0,16.0,16.0,16.0,14.0,16.0,16.0,3.0,10.0,16.0,21.0,23.0,16.0,3.0,2.0,10.0,2.0,0.0,0.0,33.5,28.5,23.0,74.5,72.5,70.0,97.0,74.0,50.5,1017.5,1015.5,1013.5,16.0,14.0,5.5,18.5,5.5,1.0,0.7071067811865476,0.7071067811865476,0.0,-0.7071067811865476,-0.7071067811865476,0.0,4.242640687119285,0.0,-3.5355339059327378,-0.7071067811865476,-0.7071067811865476,-0.7071067811865476,0.0,-1.4142135623730951,-3.4641016151377544,-3.8078865529319543,3.605551275463989,0.0,0.0,0.0,-0.5773502691896257,0.0,-0.5773502691896257,0.0,3.4641016151377544,1.1547005383792515,-1.7320508075688772,-0.5773502691896257,0.0,1.0,0.0,-1.1547005383792515,-4.47213595499958,2.581988897471611,-3.559026084010437,0.0
556,29,34.0,33.0,33.0,29.0,28.0,28.0,23.0,23.0,23.0,74.0,75.0,75.0,72.0,73.0,73.0,70.0,70.0,70.0,100.0,94.0,94.0,75.0,73.0,75.0,49.0,52.0,56.0,1017.0,1018.0,1018.0,1015.0,1016.0,1016.0,1013.0,1014.0,1014.0,16.0,16.0,16.0,14.0,14.0,16.0,8.0,3.0,10.0,16.0,21.0,23.0,8.0,3.0,2.0,0.0,2.0,0.0,34.0,29.0,23.0,75.0,72.5,70.5,100.0,75.5,50.5,1018.0,1015.5,1013.5,16.0,12.5,4.0,19.5,7.0,9.5,0.7071067811865476,0.7071067811865476,0.0,1.224744871391589,0.0,0.7071067811865476,4.242640687119285,1.5811388300841898,0.0,1.224744871391589,0.0,0.0,0.0,-2.1213203435596424,-4.415880433163924,3.4641016151377544,3.24037034920393,13.360389215887388,0.5773502691896257,0.5773502691896257,0.0,1.0,0.0,0.5773502691896257,3.4641016151377544,0.5773502691896257,-2.309401076758503,1.0,0.0,0.0,0.0,-2.0816659994661326,-5.41602560309064,2.581988897471611,2.70801280154532,10.969655114602888
557,27,34.0,34.0,33.0,29.0,29.0,28.0,23.0,23.0,23.0,76.0,74.0,75.0,73.0,72.0,73.0,71.0,70.0,70.0,100.0,100.0,94.0,76.0,75.0,73.0,52.0,49.0,52.0,1019.0,1017.0,1018.0,1016.0,1015.0,1016.0,1014.0,1013.0,1014.0,16.0,16.0,16.0,11.0,14.0,14.0,0.0,8.0,3.0,23.0,16.0,21.0,6.0,8.0,3.0,19.0,0.0,2.0,33.5,28.0,22.5,75.5,72.0,70.0,96.5,77.0,57.5,1018.5,1016.0,1014.5,16.0,13.5,8.0,25.0,6.0,19.0,-0.7071067811865476,-1.4142135623730951,-0.7071067811865476,1.224744871391589,-1.224744871391589,-1.224744871391589,-4.949747468305833,1.5811388300841898,8.06225774829855,1.224744871391589,0.7071067811865476,1.0,0.0,2.8284271247461903,9.797958971132712,5.70087712549569,-1.4142135623730951,13.435028842544403,0.0,-1.0,-0.5773502691896257,0.816496580927726,-1.1547005383792515,-1.0,-2.0816659994661326,1.7320508075688772,6.3508529610858835,0.816496580927726,0.0,0.5773502691896257,0.0,2.309401076758503,8.504900548115382,3.6514837167011076,2.6457513110645907,10.908712114635714
558,27,33.0,34.0,34.0,27.0,29.0,29.0,22.0,23.0,23.0,75.0,76.0,74.0,71.0,73.0,72.0,69.0,71.0,70.0,93.0,100.0,100.0,78.0,76.0,75.0,63.0,52.0,49.0,1018.0,1019.0,1017.0,1016.0,1016.0,1015.0,1015.0,1014.0,1013.0,16.0,16.0,16.0,16.0,11.0,14.0,16.0,0.0,8.0,27.0,23.0,16.0,6.0,6.0,8.0,19.0,19.0,0.0,33.0,27.0,21.5,74.0,71.0,69.0,96.5,78.0,59.5,1017.5,1015.5,1014.0,16.0,16.0,13.0,26.5,8.0,19.0,-0.7071067811865476,-1.4142135623730951,-1.0,-1.5811388300841898,-1.4142135623730951,-1.4142135623730951,0.0,1.4142135623730951,6.0,-1.0,-0.7071067811865476,-1.224744871391589,0.0,3.5355339059327378,10.488088481701515,2.7386127875258306,2.8284271247461903,0.0,-0.5773502691896257,-1.1547005383792515,-0.816496580927726,-0.5773502691896257,-1.0,-1.0,0.0,1.2909944487358056,5.196152422706632,0.816496580927726,0.0,-0.816496580927726,0.0,2.309401076758503,7.211102550927978,4.618802153517006,2.0,10.969655114602888
559,29,33.0,33.0,34.0,27.0,27.0,29.0,21.0,22.0,23.0,73.0,75.0,76.0,71.0,71.0,73.0,69.0,69.0,71.0,100.0,93.0,100.0,78.0,78.0,76.0,56.0,63.0,52.0,1017.0,1018.0,1019.0,1015.0,1016.0,1016.0,1013.0,1015.0,1014.0,16.0,16.0,16.0,16.0,16.0,11.0,10.0,16.0,0.0,26.0,27.0,23.0,10.0,6.0,6.0,19.0,19.0,19.0,33.0,28.0,22.5,73.5,71.5,69.0,94.0,73.5,52.5,1017.0,1015.0,1012.5,16.0,15.0,10.5,22.5,10.0,19.0,0.0,1.4142135623730951,2.0,-1.224744871391589,0.7071067811865476,0.0,-6.892024376045111,-6.363961030678928,-7.0,-0.7071067811865476,-0.7071067811865476,-1.5811388300841898,0.0,-1.4142135623730951,-4.183300132670378,-5.0,2.8284271247461903,0.0,-0.5773502691896257,0.0,1.5275252316519468,-1.1547005383792515,-1.0,-1.1547005383792515,-6.928203230275509,-5.066228051190222,2.7688746209726918,-0.816496580927726,-0.5773502691896257,-1.1547005383792515,0.0,2.6457513110645907,8.582928793055823,-3.366501646120693,2.309401076758503,0.0
560,29,33.0,33.0,33.0,29.0,27.0,27.0,24.0,21.0,22.0,74.0,73.0,75.0,72.0,71.0,71.0,69.0,69.0,69.0,88.0,100.0,93.0,69.0,78.0,78.0,49.0,56.0,63.0,1017.0,1017.0,1018.0,1015.0,1015.0,1016.0,1012.0,1013.0,1015.0,16.0,16.0,16.0,14.0,16.0,16.0,11.0,10.0,16.0,19.0,26.0,27.0,10.0,10.0,6.0,19.0,19.0,19.0,33.0,29.0,24.0,74.0,72.5,70.5,91.0,71.0,50.5,1017.0,1015.0,1012.5,16.0,15.0,12.5,21.0,10.5,9.5,0.0,1.4142135623730951,2.1213203435596424,0.7071067811865476,1.0,2.1213203435596424,-7.3484692283495345,-5.70087712549569,-4.47213595499958,0.0,0.0,0.0,0.0,0.0,2.23606797749979,-4.06201920231798,0.7071067811865476,-13.435028842544403,0.0,1.1547005383792515,1.632993161855452,-1.0,0.816496580927726,1.7320508075688772,-4.43471156521669,-4.654746681256314,-5.446711546122731,-0.5773502691896257,-0.5773502691896257,-1.1547005383792515,0.0,0.0,-2.943920288775949,-3.366501646120693,2.3804761428476167,-10.969655114602888
561,29,33.0,33.0,33.0,29.0,29.0,27.0,24.0,24.0,21.0,74.0,74.0,73.0,73.0,72.0,71.0,72.0,69.0,69.0,94.0,88.0,100.0,73.0,69.0,78.0,52.0,49.0,56.0,1017.0,1017.0,1017.0,1015.0,1015.0,1015.0,1013.0,1012.0,1013.0,16.0,16.0,16.0,16.0,14.0,16.0,14.0,11.0,10.0,23.0,19.0,26.0,11.0,10.0,10.0,0.0,19.0,19.0,33.0,29.0,24.0,74.5,73.0,71.5,94.0,74.0,54.0,1018.0,1015.5,1013.0,16.0,16.0,13.5,23.0,11.0,0.0,0.0,0.0,0.0,0.7071067811865476,0.7071067811865476,2.0,4.242640687119285,3.1622776601683795,3.5355339059327378,1.4142135623730951,0.7071067811865476,0.7071067811865476,0.0,1.4142135623730951,2.0,2.8284271247461903,0.7071067811865476,-13.435028842544403,0.0,1.1547005383792515,1.7320508075688772,0.816496580927726,0.816496580927726,1.632993161855452,-6.0,-4.509249752822894,-2.8284271247461903,1.1547005383792515,0.5773502691896257,0.0,0.0,0.0,1.7320508075688772,-3.3166247903554,0.5773502691896257,-10.969655114602888
562,29,33.0,33.0,33.0,29.0,29.0,29.0,24.0,24.0,24.0,75.0,74.0,74.0,73.0,73.0,72.0,71.0,72.0,69.0,94.0,94.0,88.0,75.0,73.0,69.0,56.0,52.0,49.0,1019.0,1017.0,1017.0,1016.0,1015.0,1015.0,1013.0,1013.0,1012.0,16.0,16.0,16.0,16.0,16.0,14.0,13.0,14.0,11.0,23.0,23.0,19.0,11.0,11.0,10.0,0.0,0.0,19.0,33.0,29.0,24.5,74.5,72.5,70.0,91.0,73.5,55.5,1018.5,1016.0,1012.5,16.0,15.0,12.0,24.5,12.0,0.0,0.0,0.0,0.7071067811865476,0.0,-0.7071067811865476,-1.5811388300841898,-4.242640687119285,-1.5811388300841898,2.7386127875258306,1.224744871391589,0.7071067811865476,-0.7071067811865476,0.0,-1.4142135623730951,-1.5811388300841898,2.1213203435596424,1.4142135623730951,0.0,0.0,0.0,0.5773502691896257,0.0,0.0,1.1547005383792515,0.0,1.9148542155126762,2.8284271247461903,1.0,0.5773502691896257,0.0,0.0,0.0,1.1547005383792515,2.886751345948129,1.2909944487358056,-10.969655114602888
563,29,33.0,33.0,33.0,29.0,29.0,29.0,25.0,24.0,24.0,74.0,75.0,74.0,72.0,73.0,73.0,69.0,71.0,72.0,88.0,94.0,94.0,72.0,75.0,73.0,55.0,56.0,52.0,1018.0,1019.0,1017.0,1016.0,1016.0,1015.0,1012.0,1013.0,1013.0,16.0,16.0,16.0,14.0,16.0,16.0,11.0,13.0,14.0,26.0,23.0,23.0,13.0,11.0,11.0,0.0,0.0,0.0,33.0,29.0,25.5,74.5,72.5,69.5,86.5,71.5,55.5,1017.5,1015.0,1012.5,16.0,15.0,12.0,26.0,13.0,0.0,0.0,0.0,1.0,0.0,0.0,-1.224744871391589,-4.743416490252569,-2.23606797749979,0.0,-1.0,-1.4142135623730951,0.0,0.0,0.0,0.0,2.1213203435596424,1.4142135623730951,0.0,0.0,0.0,0.816496580927726,0.5773502691896257,0.0,-1.1547005383792515,-3.872983346207417,-1.4142135623730951,2.309401076758503,0.816496580927726,-1.0,0.0,0.0,0.0,-0.5773502691896257,1.7320508075688772,1.1547005383792515,0.0
564,29,33.0,33.0,33.0,29.0,29.0,29.0,26.0,25.0,24.0,75.0,74.0,75.0,73.0,72.0,73.0,70.0,69.0,71.0,85.0,88.0,94.0,71.0,72.0,75.0,56.0,55.0,56.0,1017.0,1018.0,1019.0,1014.0,1016.0,1016.0,1013.0,1012.0,1013.0,16.0,16.0,16.0,16.0,14.0,16.0,13.0,11.0,13.0,26.0,26.0,23.0,13.0,13.0,11.0,0.0,0.0,0.0,33.0,29.0,26.0,74.5,72.5,69.5,85.0,70.0,54.0,1017.0,1014.5,1013.5,16.0,15.0,11.5,27.5,13.0,0.0,0.0,0.0,0.7071067811865476,0.0,0.0,0.0,-2.1213203435596424,-1.5811388300841898,-2.7386127875258306,-0.7071067811865476,-1.224744871391589,1.0,0.0,0.0,-1.5811388300841898,2.1213203435596424,0.0,0.0,0.0,0.0,0.816496580927726,-0.5773502691896257,-0.5773502691896257,-1.1547005383792515,-3.872983346207417,-2.160246899469287,-2.309401076758503,-0.816496580927726,-1.0,0.5773502691896257,0.0,-1.1547005383792515,-1.7320508075688772,2.449489742783178,1.1547005383792515,0.0
565,29,33.0,33.0,33.0,29.0,29.0,29.0,26.0,26.0,25.0,74.0,75.0,74.0,72.0,73.0,72.0,69.0,70.0,69.0,85.0,85.0,88.0,69.0,71.0,72.0,52.0,56.0,55.0,1017.0,1017.0,1018.0,1015.0,1014.0,1016.0,1014.0,1013.0,1012.0,16.0,16.0,16.0,14.0,16.0,14.0,10.0,13.0,11.0,29.0,26.0,26.0,13.0,13.0,13.0,0.0,0.0,0.0,33.5,29.0,25.0,74.0,71.5,67.5,86.5,67.0,46.5,1018.0,1016.0,1014.5,16.0,14.0,10.0,27.5,13.0,0.0,0.7071067811865476,0.0,-1.4142135623730951,-0.7071067811865476,-1.0,-2.23606797749979,2.1213203435596424,-3.1622776601683795,-8.276472678623424,1.4142135623730951,1.5811388300841898,1.0,0.0,-1.4142135623730951,-2.1213203435596424,0.0,0.0,0.0,0.5773502691896257,0.0,-1.0,0.0,-0.5773502691896257,-1.7320508075688772,0.0,-2.6457513110645907,-6.733003292241386,1.0,0.5773502691896257,1.0,0.0,0.0,-1.2909944487358056,0.0,0.0,0.0
566,29,34.0,33.0,33.0,29.0,29.0,29.0,24.0,26.0,26.0,74.0,74.0,75.0,71.0,72.0,73.0,66.0,69.0,70.0,88.0,85.0,85.0,65.0,69.0,71.0,41.0,52.0,56.0,1019.0,1017.0,1017.0,1017.0,1015.0,1014.0,1015.0,1014.0,1013.0,16.0,16.0,16.0,14.0,14.0,16.0,10.0,10.0,13.0,26.0,29.0,26.0,13.0,13.0,13.0,0.0,0.0,0.0,34.0,29.0,23.5,74.0,70.5,65.0,91.0,66.5,41.0,1019.5,1017.5,1015.5,16.0,14.0,10.0,23.5,11.5,0.0,0.7071067811865476,0.0,-1.5811388300841898,0.0,-1.0,-2.5495097567963922,4.743416490252569,-1.8708286933869707,-7.7781745930520225,1.5811388300841898,1.5811388300841898,1.0,0.0,0.0,0.0,-4.123105625617661,-2.1213203435596424,0.0,0.5773502691896257,0.0,-1.2909944487358056,-0.5773502691896257,-1.0,-2.160246899469287,3.872983346207417,-1.9148542155126762,-6.757711644237764,1.2909944487358056,1.4142135623730951,1.0,0.0,-1.1547005383792515,-1.7320508075688772,-2.886751345948129,-1.7320508075688772,0.0
567,28,34.0,34.0,33.0,29.0,29.0,29.0,23.0,24.0,26.0,74.0,74.0,74.0,70.0,71.0,72.0,64.0,66.0,69.0,94.0,88.0,85.0,68.0,65.0,69.0,41.0,41.0,52.0,1020.0,1019.0,1017.0,1018.0,1017.0,1015.0,1016.0,1015.0,1014.0,16.0,16.0,16.0,14.0,14.0,14.0,10.0,10.0,10.0,21.0,26.0,29.0,10.0,13.0,13.0,0.0,0.0,0.0,34.0,28.5,23.0,73.5,70.0,65.0,94.0,68.5,42.5,1020.5,1018.5,1017.0,16.0,15.0,11.5,22.0,9.0,0.0,0.0,-0.7071067811865476,-0.7071067811865476,-0.7071067811865476,-0.7071067811865476,0.0,4.242640687119285,2.23606797749979,2.1213203435596424,1.0,1.0,1.5811388300841898,0.0,1.4142135623730951,2.1213203435596424,-3.24037034920393,-2.5495097567963922,0.0,0.5773502691896257,-0.5773502691896257,-1.2909944487358056,-0.5773502691896257,-0.816496580927726,-1.7320508075688772,3.872983346207417,-1.4142135623730951,-6.110100926607787,1.4142135623730951,1.4142135623730951,1.4142135623730951,0.0,1.1547005383792515,1.7320508075688772,-3.1622776601683795,-2.0816659994661326,0.0
568,29,34.0,34.0,34.0,28.0,29.0,29.0,23.0,23.0,24.0,73.0,74.0,74.0,70.0,70.0,71.0,66.0,64.0,66.0,94.0,94.0,88.0,69.0,68.0,65.0,44.0,41.0,41.0,1021.0,1020.0,1019.0,1019.0,1018.0,1017.0,1018.0,1016.0,1015.0,16.0,16.0,16.0,16.0,14.0,14.0,13.0,10.0,10.0,23.0,21.0,26.0,8.0,10.0,13.0,0.0,0.0,0.0,34.0,28.5,23.0,73.0,70.5,67.0,90.5,68.0,45.0,1020.5,1018.5,1016.5,16.0,16.0,14.5,21.0,8.0,0.0,0.0,0.0,0.0,-0.7071067811865476,0.7071067811865476,2.0,-4.949747468305833,-1.224744871391589,2.5495097567963922,0.0,0.0,-1.5811388300841898,0.0,1.4142135623730951,3.0,-2.449489742783178,-1.4142135623730951,0.0,0.0,0.0,-0.5773502691896257,-0.5773502691896257,0.0,1.1547005383792515,-2.0816659994661326,1.4142135623730951,2.0816659994661326,0.5773502691896257,0.5773502691896257,-1.1547005383792515,0.0,1.1547005383792515,2.449489742783178,-3.5118845842842465,-2.0816659994661326,0.0
569,30,34.0,34.0,34.0,29.0,28.0,29.0,23.0,23.0,23.0,73.0,73.0,74.0,71.0,70.0,70.0,68.0,66.0,64.0,87.0,94.0,94.0,67.0,69.0,68.0,46.0,44.0,41.0,1020.0,1021.0,1020.0,1018.0,1019.0,1018.0,1015.0,1018.0,1016.0,16.0,16.0,16.0,16.0,16.0,14.0,16.0,13.0,10.0,19.0,23.0,21.0,8.0,8.0,10.0,0.0,0.0,0.0,35.0,29.5,23.5,73.0,71.0,68.0,90.5,68.0,44.5,1018.0,1016.0,1012.5,16.0,16.0,15.0,20.0,8.0,0.0,1.4142135623730951,1.0,0.7071067811865476,0.0,0.7071067811865476,1.4142135623730951,0.0,0.0,-1.5811388300841898,-2.9154759474226504,-2.9154759474226504,-4.123105625617661,0.0,0.0,1.5811388300841898,-2.449489742783178,0.0,0.0,1.1547005383792515,0.5773502691896257,0.5773502691896257,-0.5773502691896257,0.5773502691896257,1.632993161855452,0.0,0.5773502691896257,1.1547005383792515,-2.309401076758503,-2.309401076758503,-3.1622776601683795,0.0,1.1547005383792515,2.160246899469287,-1.632993161855452,-1.1547005383792515,0.0
570,30,36.0,34.0,34.0,30.0,29.0,28.0,24.0,23.0,23.0,73.0,73.0,73.0,71.0,71.0,70.0,68.0,68.0,66.0,94.0,87.0,94.0,69.0,67.0,69.0,43.0,46.0,44.0,1016.0,1020.0,1021.0,1014.0,1018.0,1019.0,1010.0,1015.0,1018.0,16.0,16.0,16.0,16.0,16.0,16.0,14.0,16.0,13.0,21.0,19.0,23.0,8.0,8.0,8.0,0.0,0.0,0.0,36.0,30.0,23.5,72.5,70.0,65.0,90.5,65.0,38.5,1015.0,1013.0,1009.5,16.0,16.0,15.0,18.5,9.0,0.0,1.4142135623730951,0.7071067811865476,0.0,-0.7071067811865476,-1.4142135623730951,-4.242640687119285,0.0,-5.477225575051661,-6.708203932499369,-3.1622776601683795,-3.1622776601683795,-3.605551275463989,0.0,0.0,0.0,-3.24037034920393,1.4142135623730951,0.0,1.1547005383792515,0.816496580927726,0.0,-0.5773502691896257,-1.0,-3.265986323710904,-4.041451884327381,-4.618802153517006,-5.354126134736337,-2.6457513110645907,-2.6457513110645907,-3.415650255319866,0.0,0.0,1.7320508075688772,-3.5118845842842465,1.1547005383792515,0.0
571,29,36.0,36.0,34.0,30.0,30.0,29.0,23.0,24.0,23.0,72.0,73.0,73.0,69.0,71.0,71.0,62.0,68.0,68.0,87.0,94.0,87.0,61.0,69.0,67.0,34.0,43.0,46.0,1014.0,1016.0,1020.0,1012.0,1014.0,1018.0,1009.0,1010.0,1015.0,16.0,16.0,16.0,16.0,16.0,16.0,16.0,14.0,16.0,16.0,21.0,19.0,10.0,8.0,8.0,0.0,0.0,0.0,35.5,29.5,23.5,72.0,69.5,64.0,87.0,62.5,37.5,1015.0,1012.5,1009.5,16.0,16.0,16.0,18.5,10.0,0.0,-0.7071067811865476,-0.7071067811865476,0.0,-0.7071067811865476,-1.224744871391589,-3.1622776601683795,-4.949747468305833,-5.244044240850758,-4.0,0.0,-1.224744871391589,0.0,0.0,0.0,1.4142135623730951,0.0,1.4142135623730951,0.0,1.0,0.0,0.5773502691896257,-0.5773502691896257,-1.0,-2.581988897471611,0.0,-4.123105625617661,-3.696845502136472,-2.309401076758503,-2.516611478423583,-2.886751345948129,0.0,0.0,0.0,1.1547005383792515,1.1547005383792515,0.0
572,29,35.0,36.0,36.0,29.0,30.0,30.0,24.0,23.0,24.0,72.0,72.0,73.0,70.0,69.0,71.0,66.0,62.0,68.0,87.0,87.0,94.0,64.0,61.0,69.0,41.0,34.0,43.0,1016.0,1014.0,1016.0,1013.0,1012.0,1014.0,1010.0,1009.0,1010.0,16.0,16.0,16.0,16.0,16.0,16.0,16.0,16.0,14.0,21.0,16.0,21.0,10.0,10.0,8.0,0.0,0.0,0.0,35.0,29.0,23.5,72.0,70.0,66.5,90.0,66.5,42.5,1016.5,1013.5,1011.0,16.0,16.0,11.0,20.0,10.0,0.0,-0.7071067811865476,-0.7071067811865476,0.0,0.0,0.7071067811865476,2.9154759474226504,4.242640687119285,4.123105625617661,5.385164807134504,1.5811388300841898,1.0,1.5811388300841898,0.0,0.0,-7.0710678118654755,3.24037034920393,0.0,0.0,-0.5773502691896257,-0.5773502691896257,-0.5773502691896257,-0.5773502691896257,-1.0,-2.516611478423583,-2.0816659994661326,-3.1622776601683795,-2.7688746209726918,0.5773502691896257,-0.816496580927726,1.1547005383792515,0.0,0.0,-5.656854249492381,-1.1547005383792515,1.1547005383792515,0.0
573,30,35.0,35.0,36.0,29.0,29.0,30.0,23.0,24.0,23.0,72.0,72.0,72.0,70.0,70.0,69.0,67.0,66.0,62.0,93.0,87.0,87.0,69.0,64.0,61.0,44.0,41.0,34.0,1017.0,1016.0,1014.0,1014.0,1013.0,1012.0,1012.0,1010.0,1009.0,16.0,16.0,16.0,16.0,16.0,16.0,6.0,16.0,16.0,19.0,21.0,16.0,10.0,10.0,10.0,0.0,0.0,0.0,35.5,29.5,23.5,73.0,71.0,68.0,90.5,67.5,43.5,1017.0,1014.0,1011.0,16.0,16.0,11.0,20.0,10.5,0.0,0.7071067811865476,0.7071067811865476,0.0,1.4142135623730951,1.4142135623730951,1.5811388300841898,2.345207879911715,2.8284271247461903,2.0,0.7071067811865476,0.7071067811865476,0.0,0.0,0.0,0.0,0.0,0.7071067811865476,0.0,0.0,0.0,0.5773502691896257,1.1547005383792515,1.2909944487358056,2.6457513110645907,1.9148542155126762,2.886751345948129,4.358898943540674,1.2909944487358056,0.816496580927726,0.5773502691896257,0.0,0.0,0.0,2.886751345948129,0.5773502691896257,0.0
574,31,36.0,35.0,35.0,30.0,29.0,29.0,24.0,23.0,24.0,74.0,72.0,72.0,72.0,70.0,70.0,69.0,67.0,66.0,88.0,93.0,87.0,66.0,69.0,64.0,43.0,44.0,41.0,1017.0,1017.0,1016.0,1014.0,1014.0,1013.0,1010.0,1012.0,1010.0,16.0,16.0,16.0,16.0,16.0,16.0,16.0,6.0,16.0,21.0,19.0,21.0,11.0,10.0,10.0,0.0,0.0,0.0,36.5,30.5,24.5,74.0,72.0,69.0,88.0,65.5,42.5,1016.5,1014.5,1011.5,16.0,16.0,16.0,22.0,11.0,0.0,1.0,1.0,1.0,1.4142135623730951,1.4142135623730951,1.4142135623730951,-3.5355339059327378,-2.23606797749979,-1.0,-0.7071067811865476,0.7071067811865476,1.5811388300841898,0.0,0.0,7.0710678118654755,2.0,0.7071067811865476,0.0,0.816496580927726,0.816496580927726,0.5773502691896257,1.1547005383792515,1.1547005383792515,1.2909944487358056,1.9148542155126762,2.23606797749979,1.5275252316519468,0.0,0.816496580927726,1.7320508075688772,0.0,0.0,0.0,1.1547005383792515,0.5773502691896257,0.0
575,31,37.0,36.0,35.0,31.0,30.0,29.0,25.0,24.0,23.0,74.0,74.0,72.0,72.0,72.0,70.0,69.0,69.0,67.0,88.0,88.0,93.0,65.0,66.0,69.0,42.0,43.0,44.0,1016.0,1017.0,1017.0,1015.0,1014.0,1014.0,1013.0,1010.0,1012.0,16.0,16.0,16.0,16.0,16.0,16.0,16.0,16.0,6.0,23.0,21.0,19.0,11.0,11.0,10.0,0.0,0.0,0.0,36.5,31.0,24.5,74.0,72.0,68.5,88.0,65.0,42.0,1017.0,1015.0,1013.0,16.0,16.0,16.0,22.0,10.5,0.0,0.0,0.7071067811865476,0.0,0.0,0.0,-0.7071067811865476,0.0,-0.7071067811865476,-0.7071067811865476,1.224744871391589,0.7071067811865476,2.1213203435596424,0.0,0.0,0.0,0.0,-0.7071067811865476,0.0,0.5773502691896257,0.816496580927726,0.5773502691896257,1.1547005383792515,1.1547005383792515,1.0,-2.886751345948129,-1.8257418583505538,-0.816496580927726,1.0,0.5773502691896257,1.2909944487358056,0.0,0.0,5.773502691896258,1.1547005383792515,0.0,0.0
576,30,36.0,37.0,36.0,31.0,31.0,30.0,24.0,25.0,24.0,74.0,74.0,74.0,72.0,72.0,72.0,68.0,69.0,69.0,88.0,88.0,88.0,65.0,65.0,66.0,42.0,42.0,43.0,1018.0,1016.0,1017.0,1015.0,1015.0,1014.0,1013.0,1013.0,1010.0,16.0,16.0,16.0,16.0,16.0,16.0,16.0,16.0,16.0,21.0,23.0,21.0,10.0,11.0,11.0,0.0,0.0,0.0,36.0,30.5,23.5,73.5,71.5,67.5,91.0,65.5,40.0,1017.5,1014.5,1011.5,16.0,16.0,14.5,20.0,9.0,0.0,-0.7071067811865476,-0.7071067811865476,-1.0,-0.7071067811865476,-0.7071067811865476,-1.0,4.242640687119285,0.7071067811865476,-2.8284271247461903,1.224744871391589,-0.7071067811865476,-2.1213203435596424,0.0,0.0,-2.1213203435596424,-2.0,-1.5811388300841898,0.0,0.0,0.0,-0.5773502691896257,-0.5773502691896257,-0.5773502691896257,-0.816496580927726,3.4641016151377544,0.0,-2.3804761428476167,0.816496580927726,0.0,0.0,0.0,0.0,-1.7320508075688772,-1.1547005383792515,-1.2909944487358056,0.0
577,30,36.0,36.0,37.0,30.0,31.0,31.0,23.0,24.0,25.0,73.0,74.0,74.0,71.0,72.0,72.0,67.0,68.0,69.0,94.0,88.0,88.0,66.0,65.0,65.0,38.0,42.0,42.0,1017.0,1018.0,1016.0,1014.0,1015.0,1015.0,1010.0,1013.0,1013.0,16.0,16.0,16.0,16.0,16.0,16.0,13.0,16.0,16.0,19.0,21.0,23.0,8.0,10.0,11.0,0.0,0.0,0.0,36.0,30.0,23.5,73.0,71.0,66.5,94.0,66.0,38.0,1015.5,1013.0,1009.5,16.0,16.0,13.0,20.0,9.0,0.0,0.0,-0.7071067811865476,0.0,-0.7071067811865476,-0.7071067811865476,-1.0,4.242640687119285,0.7071067811865476,-2.8284271247461903,-2.23606797749979,-1.5811388300841898,-2.23606797749979,0.0,0.0,-2.1213203435596424,0.0,0.0,0.0,-0.5773502691896257,-0.5773502691896257,-0.5773502691896257,-0.5773502691896257,-0.5773502691896257,-1.0,3.4641016151377544,0.5773502691896257,-2.309401076758503,-1.4142135623730951,-1.2909944487358056,-1.8257418583505538,0.0,0.0,-1.7320508075688772,-1.1547005383792515,-0.5773502691896257,0.0
578,31,36.0,36.0,36.0,30.0,30.0,31.0,24.0,23.0,24.0,73.0,73.0,74.0,71.0,71.0,72.0,66.0,67.0,68.0,94.0,94.0,88.0,66.0,66.0,65.0,38.0,38.0,42.0,1014.0,1017.0,1018.0,1012.0,1014.0,1015.0,1009.0,1010.0,1013.0,16.0,16.0,16.0,16.0,16.0,16.0,13.0,13.0,16.0,21.0,19.0,21.0,10.0,8.0,10.0,0.0,0.0,0.0,36.0,30.5,24.5,73.5,71.5,67.0,89.5,65.0,40.0,1014.0,1012.0,1009.0,16.0,16.0,14.5,21.0,10.5,0.0,0.0,0.7071067811865476,1.0,0.7071067811865476,0.7071067811865476,1.224744871391589,-6.363961030678928,-1.4142135623730951,2.8284271247461903,-2.1213203435596424,-1.4142135623730951,-0.7071067811865476,0.0,0.0,2.1213203435596424,1.4142135623730951,1.5811388300841898,0.0,0.0,0.0,0.5773502691896257,0.0,0.0,0.816496580927726,-3.872983346207417,-1.0,0.0,-1.8257418583505538,-1.2909944487358056,-1.8257418583505538,0.0,0.0,0.0,0.0,0.5773502691896257,0.0
579,31,36.0,36.0,36.0,31.0,30.0,30.0,25.0,24.0,23.0,74.0,73.0,73.0,72.0,71.0,71.0,68.0,66.0,67.0,85.0,94.0,94.0,64.0,66.0,66.0,42.0,38.0,38.0,1014.0,1014.0,1017.0,1012.0,1012.0,1014.0,1009.0,1009.0,1010.0,16.0,16.0,16.0,16.0,16.0,16.0,16.0,13.0,13.0,21.0,21.0,19.0,11.0,10.0,8.0,0.0,0.0,0.0,36.5,31.0,25.0,73.5,71.0,66.5,86.5,63.0,38.5,1015.5,1013.0,1010.5,16.0,16.0,16.0,22.0,11.0,0.0,0.7071067811865476,0.7071067811865476,0.7071067811865476,0.0,-1.224744871391589,-1.5811388300841898,-6.0,-2.0,-4.06201920231798,2.1213203435596424,1.4142135623730951,2.1213203435596424,0.0,0.0,2.1213203435596424,1.4142135623730951,0.7071067811865476,0.0,0.5773502691896257,0.5773502691896257,0.816496580927726,0.0,-1.0,-1.4142135623730951,-4.898979485566356,-1.632993161855452,-3.3166247903554,0.0,0.0,1.632993161855452,0.0,0.0,1.7320508075688772,1.632993161855452,1.2909944487358056,0.0
580,31,37.0,36.0,36.0,31.0,31.0,30.0,25.0,25.0,24.0,73.0,74.0,73.0,70.0,72.0,71.0,65.0,68.0,66.0,88.0,85.0,94.0,62.0,64.0,66.0,35.0,42.0,38.0,1017.0,1014.0,1014.0,1014.0,1012.0,1012.0,1012.0,1009.0,1009.0,16.0,16.0,16.0,16.0,16.0,16.0,16.0,16.0,13.0,23.0,21.0,21.0,11.0,11.0,10.0,0.0,0.0,0.0,37.0,31.0,25.0,73.5,70.5,66.5,86.5,62.0,36.5,1017.5,1014.5,1012.0,16.0,16.0,16.0,22.0,10.5,0.0,0.7071067811865476,0.0,0.0,0.0,-1.224744871391589,0.0,0.0,-1.4142135623730951,-4.47213595499958,2.23606797749979,1.5811388300841898,2.1213203435596424,0.0,0.0,0.0,0.0,-0.7071067811865476,0.0,0.5773502691896257,0.5773502691896257,0.5773502691896257,0.5773502691896257,-0.816496580927726,1.1547005383792515,-5.196152422706632,-1.632993161855452,-2.8284271247461903,1.8257418583505538,1.2909944487358056,1.7320508075688772,0.0,0.0,1.7320508075688772,0.0,0.0,0.0
581,31,37.0,37.0,36.0,31.0,31.0,31.0,25.0,25.0,25.0,74.0,73.0,74.0,71.0,70.0,72.0,68.0,65.0,68.0,85.0,88.0,85.0,62.0,62.0,64.0,38.0,35.0,42.0,1018.0,1017.0,1014.0,1015.0,1014.0,1012.0,1012.0,1012.0,1009.0,16.0,16.0,16.0,16.0,16.0,16.0,16.0,16.0,16.0,21.0,23.0,21.0,10.0,11.0,11.0,0.0,0.0,0.0,37.0,31.0,24.5,73.5,70.5,67.0,89.5,64.0,38.0,1017.5,1014.5,1011.0,16.0,16.0,16.0,20.0,9.0,0.0,0.0,0.0,-0.7071067811865476,0.0,0.0,1.5811388300841898,6.0,2.8284271247461903,2.1213203435596424,0.0,0.0,-1.4142135623730951,0.0,0.0,0.0,-2.0,-1.5811388300841898,0.0,0.5773502691896257,0.0,-0.5773502691896257,-0.5773502691896257,-1.1547005383792515,-1.1547005383792515,5.196152422706632,2.0,-3.6514837167011076,1.7320508075688772,1.1547005383792515,1.2909944487358056,0.0,0.0,0.0,-1.1547005383792515,-1.2909944487358056,0.0
582,31,37.0,37.0,37.0,31.0,31.0,31.0,24.0,25.0,25.0,73.0,74.0,73.0,70.0,71.0,70.0,66.0,68.0,65.0,94.0,85.0,88.0,66.0,62.0,62.0,38.0,38.0,35.0,1017.0,1018.0,1017.0,1014.0,1015.0,1014.0,1010.0,1012.0,1012.0,16.0,16.0,16.0,16.0,16.0,16.0,16.0,16.0,16.0,19.0,21.0,23.0,8.0,10.0,11.0,0.0,0.0,0.0,37.0,31.0,24.0,74.0,71.0,67.0,94.0,66.5,39.0,1015.5,1013.0,1010.0,16.0,15.0,13.0,19.0,9.0,0.0,0.0,0.0,-0.7071067811865476,1.224744871391589,1.224744871391589,0.0,6.363961030678928,2.9154759474226504,1.4142135623730951,-2.23606797749979,-1.5811388300841898,-1.4142135623730951,0.0,-1.4142135623730951,-4.242640687119285,-1.4142135623730951,0.0,0.0,0.0,0.0,-0.5773502691896257,1.1547005383792515,1.1547005383792515,1.7320508075688772,4.898979485566356,2.3804761428476167,2.0816659994661326,-1.7320508075688772,-1.1547005383792515,-1.1547005383792515,0.0,-1.1547005383792515,-3.4641016151377544,-1.632993161855452,-0.5773502691896257,0.0
583,32,37.0,37.0,37.0,31.0,31.0,31.0,24.0,24.0,25.0,75.0,73.0,74.0,72.0,70.0,71.0,68.0,66.0,68.0,94.0,94.0,85.0,67.0,66.0,62.0,40.0,38.0,38.0,1014.0,1017.0,1018.0,1012.0,1014.0,1015.0,1010.0,1010.0,1012.0,16.0,16.0,16.0,14.0,16.0,16.0,10.0,16.0,16.0,19.0,19.0,21.0,10.0,8.0,10.0,0.0,0.0,0.0,37.5,31.5,24.5,75.0,72.0,67.0,91.0,64.5,37.5,1014.5,1012.5,1009.5,16.0,14.0,9.0,20.0,10.0,0.0,0.7071067811865476,0.7071067811865476,0.7071067811865476,1.4142135623730951,1.4142135623730951,0.0,-4.242640687119285,-3.4641016151377544,-3.24037034920393,-2.0,-1.224744871391589,-0.7071067811865476,0.0,-1.4142135623730951,-4.47213595499958,1.4142135623730951,1.4142135623730951,0.0,0.5773502691896257,0.5773502691896257,0.0,1.0,1.0,-1.1547005383792515,3.872983346207417,-1.632993161855452,-2.6457513110645907,-1.7320508075688772,-1.1547005383792515,-1.2909944487358056,0.0,-1.1547005383792515,-3.6514837167011076,0.0,0.0,0.0
584,32,38.0,37.0,37.0,32.0,31.0,31.0,25.0,24.0,24.0,75.0,75.0,73.0,72.0,72.0,70.0,66.0,68.0,66.0,88.0,94.0,94.0,62.0,67.0,66.0,35.0,40.0,38.0,1015.0,1014.0,1017.0,1013.0,1012.0,1014.0,1009.0,1010.0,1010.0,16.0,16.0,16.0,14.0,14.0,16.0,8.0,10.0,16.0,21.0,19.0,19.0,10.0,10.0,8.0,0.0,0.0,0.0,38.0,32.0,25.0,75.0,71.5,65.5,89.5,62.5,35.0,1015.5,1013.5,1010.0,16.0,14.0,9.0,22.0,11.5,0.0,0.7071067811865476,0.7071067811865476,0.7071067811865476,0.0,-0.7071067811865476,-1.5811388300841898,-3.6742346141747673,-3.4641016151377544,-3.5355339059327378,1.0,1.0,1.224744871391589,0.0,0.0,0.0,2.0,2.1213203435596424,0.0,0.5773502691896257,0.5773502691896257,0.5773502691896257,1.1547005383792515,1.0,-0.5773502691896257,-3.0,-2.7688746209726918,-2.6457513110645907,-1.5275252316519468,-0.816496580927726,1.0,0.0,-1.1547005383792515,-3.4641016151377544,1.632993161855452,2.0816659994661326,0.0
585,32,38.0,38.0,37.0,32.0,32.0,31.0,25.0,25.0,24.0,75.0,75.0,75.0,71.0,72.0,72.0,65.0,66.0,68.0,91.0,88.0,94.0,63.0,62.0,67.0,35.0,35.0,40.0,1016.0,1015.0,1014.0,1014.0,1013.0,1012.0,1011.0,1009.0,1010.0,16.0,16.0,16.0,14.0,14.0,14.0,10.0,8.0,10.0,23.0,21.0,19.0,13.0,10.0,10.0,0.0,0.0,0.0,38.0,32.0,24.5,74.5,71.0,65.0,89.5,62.0,34.0,1017.0,1015.0,1012.5,16.0,15.0,13.0,21.0,11.5,0.0,0.0,0.0,-0.7071067811865476,-0.7071067811865476,-0.7071067811865476,-0.7071067811865476,0.0,-1.224744871391589,-1.4142135623730951,1.5811388300841898,1.5811388300841898,2.5495097567963922,0.0,1.4142135623730951,4.47213595499958,-2.449489742783178,0.0,0.0,0.5773502691896257,0.5773502691896257,0.0,-0.5773502691896257,-0.5773502691896257,-1.2909944487358056,-3.4641016151377544,-3.0550504633038935,-3.1091263510296048,1.4142135623730951,1.4142135623730951,2.0,0.0,1.1547005383792515,3.4641016151377544,-1.632993161855452,0.0,0.0
586,31,38.0,38.0,38.0,32.0,32.0,32.0,24.0,25.0,25.0,74.0,75.0,75.0,71.0,71.0,72.0,65.0,65.0,66.0,88.0,91.0,88.0,61.0,63.0,62.0,33.0,35.0,35.0,1018.0,1016.0,1015.0,1016.0,1014.0,1013.0,1014.0,1011.0,1009.0,16.0,16.0,16.0,16.0,14.0,14.0,16.0,10.0,8.0,19.0,23.0,21.0,10.0,13.0,10.0,0.0,0.0,0.0,38.0,31.5,24.0,72.5,68.5,62.5,85.0,58.0,30.0,1018.0,1016.0,1014.0,16.0,16.0,16.0,17.5,6.5,0.0,0.0,-0.7071067811865476,-0.7071067811865476,-2.23606797749979,-3.5355339059327378,-3.5355339059327378,-4.743416490252569,-4.47213595499958,-4.47213595499958,1.4142135623730951,1.4142135623730951,2.1213203435596424,0.0,1.4142135623730951,4.242640687119285,-3.5355339059327378,-5.385164807134504,0.0,0.0,-0.5773502691896257,-0.5773502691896257,-1.8257418583505538,-2.943920288775949,-2.943920288775949,-3.4641016151377544,-3.605551275463989,-3.6514837167011076,1.2909944487358056,1.2909944487358056,2.0816659994661326,0.0,1.1547005383792515,3.6514837167011076,-2.6457513110645907,-4.041451884327381,0.0
587,32,38.0,38.0,38.0,31.0,32.0,32.0,24.0,24.0,25.0,71.0,74.0,75.0,66.0,71.0,71.0,60.0,65.0,65.0,82.0,88.0,91.0,55.0,61.0,63.0,27.0,33.0,35.0,1018.0,1018.0,1016.0,1016.0,1016.0,1014.0,1014.0,1014.0,1011.0,16.0,16.0,16.0,16.0,16.0,14.0,16.0,16.0,10.0,16.0,19.0,23.0,3.0,10.0,13.0,0.0,0.0,0.0,38.5,31.5,25.0,70.5,67.0,61.0,75.5,53.5,31.0,1017.0,1015.5,1013.0,16.0,16.0,16.0,18.5,4.5,0.0,0.7071067811865476,0.0,1.4142135623730951,-2.23606797749979,-3.24037034920393,-3.24037034920393,-10.124228365658293,-4.743416490252569,3.7416573867739413,-1.4142135623730951,-0.7071067811865476,-1.4142135623730951,0.0,0.0,0.0,2.8284271247461903,-4.47213595499958,0.0,0.5773502691896257,0.0,1.0,-1.9148542155126762,-2.6457513110645907,-2.6457513110645907,-8.445906306213285,-4.041451884327381,2.8284271247461903,0.0,1.0,1.2909944487358056,0.0,1.1547005383792515,3.4641016151377544,0.0,-4.041451884327381,0.0
588,30,39.0,38.0,38.0,32.0,31.0,32.0,26.0,24.0,24.0,70.0,71.0,74.0,68.0,66.0,71.0,62.0,60.0,65.0,69.0,82.0,88.0,52.0,55.0,61.0,35.0,27.0,33.0,1016.0,1018.0,1018.0,1015.0,1016.0,1016.0,1012.0,1014.0,1014.0,16.0,16.0,16.0,16.0,16.0,16.0,16.0,16.0,16.0,21.0,16.0,19.0,6.0,3.0,10.0,0.0,0.0,0.0,38.0,31.0,24.5,67.0,64.5,59.0,68.5,49.5,30.0,1016.0,1014.5,1012.0,16.0,16.0,16.0,18.5,5.5,0.0,-1.224744871391589,-1.224744871391589,-1.5811388300841898,-4.301162633521313,-4.743416490252569,-4.0,-9.219544457292887,-4.123105625617661,-4.242640687119285,-1.4142135623730951,-1.0,-1.4142135623730951,0.0,0.0,0.0,0.0,2.0,0.0,-1.0,-1.1547005383792515,-1.2909944487358056,-3.9157800414902435,-4.83045891539648,-4.358898943540674,-8.286535263104035,-4.83045891539648,-4.898979485566356,-1.1547005383792515,-0.816496580927726,-1.1547005383792515,0.0,0.0,0.0,-1.7320508075688772,-3.696845502136472,0.0
589,31,37.0,39.0,38.0,30.0,32.0,31.0,23.0,26.0,24.0,64.0,70.0,71.0,61.0,68.0,66.0,56.0,62.0,60.0,68.0,69.0,82.0,47.0,52.0,55.0,25.0,35.0,27.0,1016.0,1016.0,1018.0,1014.0,1015.0,1016.0,1012.0,1012.0,1014.0,16.0,16.0,16.0,16.0,16.0,16.0,16.0,16.0,16.0,16.0,21.0,16.0,5.0,6.0,3.0,0.0,0.0,0.0,37.5,30.5,23.5,65.0,61.0,57.0,68.5,47.5,25.5,1015.0,1013.0,1010.5,16.0,16.0,16.0,16.0,5.0,0.0,-1.224744871391589,-1.224744871391589,-2.0,-4.0,-4.949747468305833,-4.0,0.0,-3.4641016151377544,-7.035623639735144,-1.4142135623730951,-1.5811388300841898,-2.1213203435596424,0.0,0.0,0.0,-3.5355339059327378,-0.7071067811865476,0.0,-0.816496580927726,-0.816496580927726,-1.1547005383792515,-3.3166247903554,-3.872983346207417,-3.0550504633038935,-7.505553499465135,-3.3166247903554,-3.415650255319866,-1.632993161855452,-1.4142135623730951,-2.0816659994661326,0.0,0.0,0.0,0.0,1.632993161855452,0.0
590,31,38.0,37.0,39.0,31.0,30.0,32.0,24.0,23.0,26.0,66.0,64.0,70.0,61.0,61.0,68.0,58.0,56.0,62.0,69.0,68.0,69.0,48.0,47.0,52.0,26.0,25.0,35.0,1014.0,1016.0,1016.0,1012.0,1014.0,1015.0,1009.0,1012.0,1012.0,16.0,16.0,16.0,16.0,16.0,16.0,16.0,16.0,16.0,16.0,16.0,21.0,5.0,5.0,6.0,0.0,0.0,0.0,37.5,31.0,24.0,67.5,62.5,59.0,74.0,51.0,27.5,1013.5,1011.5,1009.5,16.0,16.0,16.0,18.5,5.5,0.0,0.0,0.7071067811865476,0.7071067811865476,2.5495097567963922,2.1213203435596424,2.0,7.106335201775948,4.301162633521313,2.23606797749979,-1.5811388300841898,-1.5811388300841898,-2.0,0.0,0.0,0.0,3.5355339059327378,0.7071067811865476,0.0,-1.1547005383792515,-1.0,-1.632993161855452,-2.7688746209726918,-3.6514837167011076,-3.0550504633038935,5.773502691896258,2.0,-5.477225575051661,-1.2909944487358056,-1.4142135623730951,-1.632993161855452,0.0,0.0,0.0,0.0,0.0,0.0
591,32,37.0,38.0,37.0,31.0,31.0,30.0,24.0,24.0,23.0,69.0,66.0,64.0,64.0,61.0,61.0,60.0,58.0,56.0,79.0,69.0,68.0,54.0,48.0,47.0,29.0,26.0,25.0,1013.0,1014.0,1016.0,1011.0,1012.0,1014.0,1010.0,1009.0,1012.0,16.0,16.0,16.0,16.0,16.0,16.0,16.0,16.0,16.0,21.0,16.0,16.0,6.0,5.0,5.0,0.0,0.0,0.0,37.5,31.5,24.5,71.5,67.0,63.0,83.5,58.0,32.0,1014.5,1012.0,1010.5,16.0,16.0,16.0,20.0,8.0,0.0,0.0,0.7071067811865476,0.7071067811865476,4.123105625617661,4.743416490252569,4.47213595499958,9.513148795220223,7.0710678118654755,4.743416490252569,2.0,1.224744871391589,1.0,0.0,0.0,0.0,3.24037034920393,2.9154759474226504,0.0,0.5773502691896257,0.816496580927726,0.816496580927726,3.559026084010437,3.872983346207417,3.8297084310253524,7.788880963698615,5.802298395176403,3.9157800414902435,1.1547005383792515,-0.5773502691896257,-1.5275252316519468,0.0,0.0,0.0,2.6457513110645907,2.3804761428476167,0.0
592,32,38.0,37.0,38.0,32.0,31.0,31.0,25.0,24.0,24.0,74.0,69.0,66.0,70.0,64.0,61.0,66.0,60.0,58.0,88.0,79.0,69.0,62.0,54.0,48.0,35.0,29.0,26.0,1016.0,1013.0,1014.0,1013.0,1011.0,1012.0,1011.0,1010.0,1009.0,16.0,16.0,16.0,16.0,16.0,16.0,16.0,16.0,16.0,19.0,21.0,16.0,10.0,6.0,5.0,0.0,0.0,0.0,38.0,32.0,25.5,74.5,70.5,65.0,86.5,60.5,34.0,1016.5,1013.5,1011.0,16.0,16.0,16.0,20.0,10.5,0.0,0.7071067811865476,0.7071067811865476,1.0,3.605551275463989,4.301162633521313,4.0,6.0,5.244044240850758,4.0,2.23606797749979,1.5811388300841898,0.7071067811865476,0.0,0.0,0.0,0.0,2.9154759474226504,0.0,0.0,0.5773502691896257,0.816496580927726,3.415650255319866,3.9157800414902435,3.4641016151377544,7.571877794400365,5.507570547286102,3.696845502136472,1.7320508075688772,1.1547005383792515,0.816496580927726,0.0,0.0,0.0,2.886751345948129,2.449489742783178,0.0
593,32,38.0,38.0,37.0,32.0,32.0,31.0,26.0,25.0,24.0,75.0,74.0,69.0,71.0,70.0,64.0,64.0,66.0,60.0,85.0,88.0,79.0,59.0,62.0,54.0,33.0,35.0,29.0,1017.0,1016.0,1013.0,1014.0,1013.0,1011.0,1011.0,1011.0,1010.0,16.0,16.0,16.0,16.0,16.0,16.0,16.0,16.0,16.0,21.0,19.0,21.0,11.0,10.0,6.0,0.0,0.0,0.0,38.5,32.0,25.5,74.0,71.0,64.5,85.0,59.0,33.0,1016.5,1013.0,1010.0,16.0,16.0,16.0,21.0,11.0,0.0,0.7071067811865476,0.0,0.0,-1.224744871391589,0.7071067811865476,-1.224744871391589,-2.1213203435596424,-2.1213203435596424,-1.4142135623730951,0.0,-1.224744871391589,-1.4142135623730951,0.0,0.0,0.0,1.4142135623730951,0.7071067811865476,0.0,0.816496580927726,0.5773502691896257,0.5773502691896257,2.70801280154532,3.5118845842842465,3.3166247903554,4.898979485566356,4.281744192888376,3.265986323710904,1.7320508075688772,0.5773502691896257,-1.0,0.0,0.0,0.0,0.0,2.3804761428476167,0.0
594,32,39.0,38.0,38.0,32.0,32.0,32.0,25.0,26.0,25.0,73.0,75.0,74.0,71.0,71.0,70.0,65.0,64.0,66.0,85.0,85.0,88.0,59.0,59.0,62.0,33.0,33.0,35.0,1016.0,1017.0,1016.0,1012.0,1014.0,1013.0,1009.0,1011.0,1011.0,16.0,16.0,16.0,16.0,16.0,16.0,16.0,16.0,16.0,21.0,21.0,19.0,11.0,11.0,10.0,0.0,0.0,0.0,38.5,32.0,24.5,73.0,70.5,65.5,86.5,60.0,33.0,1015.0,1012.0,1009.0,16.0,16.0,16.0,21.0,10.5,0.0,0.0,0.0,-1.0,-1.4142135623730951,-0.7071067811865476,1.0,2.1213203435596424,1.4142135623730951,0.0,-1.5811388300841898,-1.4142135623730951,-1.4142135623730951,0.0,0.0,0.0,0.0,-0.7071067811865476,0.0,0.0,0.0,-0.5773502691896257,-1.0,0.0,-0.816496580927726,0.0,-1.2909944487358056,-1.1547005383792515,-1.1547005383792515,-1.0,-1.1547005383792515,0.0,0.0,0.0,1.1547005383792515,0.0,0.0
595,32,38.0,39.0,38.0,32.0,32.0,32.0,24.0,25.0,26.0,73.0,73.0,75.0,70.0,71.0,71.0,66.0,65.0,64.0,88.0,85.0,85.0,61.0,59.0,59.0,33.0,33.0,33.0,1014.0,1016.0,1017.0,1012.0,1012.0,1014.0,1009.0,1009.0,1011.0,16.0,16.0,16.0,16.0,16.0,16.0,16.0,16.0,16.0,21.0,21.0,21.0,10.0,11.0,11.0,0.0,0.0,0.0,38.5,32.0,24.0,73.0,71.5,69.0,94.0,63.5,32.0,1012.5,1011.5,1010.0,16.0,16.0,16.0,26.5,13.0,0.0,0.0,0.0,-0.7071067811865476,0.0,2.0,4.301162633521313,8.74642784226795,3.8078865529319543,-1.4142135623730951,-2.5495097567963922,-0.7071067811865476,1.4142135623730951,0.0,0.0,0.0,7.7781745930520225,4.183300132670378,0.0,0.5773502691896257,0.0,-0.816496580927726,-1.1547005383792515,1.632993161855452,3.559026084010437,7.14142842854285,3.1091263510296048,-1.1547005383792515,-2.160246899469287,-1.2909944487358056,0.0,0.0,0.0,0.0,6.3508529610858835,3.415650255319866,0.0
596,32,39.0,38.0,39.0,32.0,32.0,32.0,24.0,24.0,25.0,73.0,73.0,73.0,73.0,70.0,71.0,72.0,66.0,65.0,100.0,88.0,85.0,66.0,61.0,59.0,31.0,33.0,33.0,1011.0,1014.0,1016.0,1011.0,1012.0,1012.0,1011.0,1009.0,1009.0,16.0,16.0,16.0,16.0,16.0,16.0,16.0,16.0,16.0,32.0,21.0,21.0,16.0,10.0,11.0,0.0,0.0,0.0,39.0,32.0,23.5,73.0,73.0,72.0,100.0,65.5,30.0,1011.0,1011.0,1011.0,16.0,16.0,16.0,32.0,16.0,0.0,0.7071067811865476,0.0,-0.7071067811865476,0.0,2.1213203435596424,4.242640687119285,8.48528137423857,3.4641016151377544,-2.0,-2.1213203435596424,-0.7071067811865476,1.4142135623730951,0.0,0.0,0.0,7.7781745930520225,4.242640687119285,0.0,0.0,0.0,-0.816496580927726,0.0,1.632993161855452,3.5118845842842465,7.14142842854285,3.0550504633038935,-1.632993161855452,-2.0816659994661326,-0.5773502691896257,1.1547005383792515,0.0,0.0,0.0,6.3508529610858835,3.415650255319866,0.0
597,32,39.0,39.0,38.0,32.0,32.0,32.0,23.0,24.0,24.0,73.0,73.0,73.0,73.0,73.0,70.0,72.0,72.0,66.0,100.0,100.0,88.0,65.0,66.0,61.0,29.0,31.0,33.0,1011.0,1011.0,1014.0,1011.0,1011.0,1012.0,1011.0,1011.0,1009.0,16.0,16.0,16.0,16.0,16.0,16.0,16.0,16.0,16.0,32.0,32.0,21.0,16.0,16.0,10.0,0.0,0.0,0.0,40.0,32.0,23.0,73.0,73.0,72.0,100.0,63.5,26.5,1011.0,1011.0,1011.0,16.0,16.0,16.0,27.5,13.0,0.0,1.4142135623730951,0.0,-0.7071067811865476,0.0,0.0,0.0,0.0,-2.23606797749979,-3.8078865529319543,0.0,0.0,0.0,0.0,0.0,0.0,-6.363961030678928,-4.242640687119285,0.0,1.2909944487358056,0.0,-0.5773502691896257,0.0,1.7320508075688772,3.4641016151377544,6.928203230275509,2.23606797749979,-3.3166247903554,-1.7320508075688772,-0.5773502691896257,1.1547005383792515,0.0,0.0,0.0,3.6514837167011076,0.0,0.0
598,32,41.0,39.0,39.0,32.0,32.0,32.0,23.0,23.0,24.0,73.0,73.0,73.0,73.0,73.0,73.0,72.0,72.0,72.0,100.0,100.0,100.0,62.0,65.0,66.0,24.0,29.0,31.0,1011.0,1011.0,1011.0,1011.0,1011.0,1011.0,1011.0,1011.0,1011.0,16.0,16.0,16.0,16.0,16.0,16.0,16.0,16.0,16.0,23.0,32.0,32.0,10.0,16.0,16.0,0.0,0.0,0.0,41.0,32.0,23.5,73.0,73.0,72.0,100.0,62.0,24.0,1011.0,1011.0,1011.0,16.0,16.0,16.0,23.0,10.0,0.0,1.4142135623730951,0.0,0.7071067811865476,0.0,0.0,0.0,0.0,-2.1213203435596424,-3.5355339059327378,0.0,0.0,0.0,0.0,0.0,0.0,-6.363961030678928,-4.242640687119285,0.0,1.1547005383792515,0.0,0.0,0.0,0.0,0.0,0.0,-1.8257418583505538,-3.1091263510296048,0.0,0.0,0.0,0.0,0.0,0.0,-5.196152422706632,-3.4641016151377544,0.0
599,33,41.0,41.0,39.0,32.0,32.0,32.0,24.0,23.0,23.0,73.0,73.0,73.0,73.0,73.0,73.0,72.0,72.0,72.0,100.0,100.0,100.0,62.0,62.0,65.0,24.0,24.0,29.0,1011.0,1011.0,1011.0,1011.0,1011.0,1011.0,1011.0,1011.0,1011.0,16.0,16.0,16.0,16.0,16.0,16.0,16.0,16.0,16.0,23.0,23.0,32.0,10.0,10.0,16.0,0.0,0.0,0.0,41.0,32.5,25.0,71.0,70.5,69.0,77.5,52.5,27.5,1013.5,1012.5,1012.0,16.0,16.0,16.0,22.0,7.5,0.0,0.0,0.7071067811865476,1.5811388300841898,-2.8284271247461903,-3.5355339059327378,-4.242640687119285,-31.81980515339464,-13.435028842544403,4.949747468305833,3.5355339059327378,2.1213203435596424,1.4142135623730951,0.0,0.0,0.0,-1.4142135623730951,-3.5355339059327378,0.0,1.1547005383792515,0.5773502691896257,1.2909944487358056,-2.309401076758503,-2.886751345948129,-3.4641016151377544,-25.98076211353316,-11.105554165971787,2.8284271247461903,2.886751345948129,1.7320508075688772,1.1547005383792515,0.0,0.0,0.0,-5.32290647422377,-4.509249752822894,0.0
600,33,41.0,41.0,41.0,33.0,32.0,32.0,26.0,24.0,23.0,69.0,73.0,73.0,68.0,73.0,73.0,66.0,72.0,72.0,55.0,100.0,100.0,43.0,62.0,62.0,31.0,24.0,24.0,1016.0,1011.0,1011.0,1014.0,1011.0,1011.0,1013.0,1011.0,1011.0,16.0,16.0,16.0,16.0,16.0,16.0,16.0,16.0,16.0,21.0,23.0,23.0,5.0,10.0,10.0,0.0,0.0,0.0,40.5,33.0,26.0,69.5,67.5,64.5,64.5,47.0,29.0,1016.0,1014.0,1012.5,16.0,16.0,16.0,18.5,5.0,0.0,-0.7071067811865476,0.7071067811865476,1.4142135623730951,-2.7386127875258306,-3.605551275463989,-4.743416490252569,-28.844410203711913,-12.186057606953941,4.06201920231798,3.5355339059327378,2.1213203435596424,1.224744871391589,0.0,0.0,0.0,-3.8078865529319543,-3.5355339059327378,0.0,-0.5773502691896257,0.5773502691896257,1.2909944487358056,-2.23606797749979,-2.943920288775949,-3.872983346207417,-23.55136231020759,-9.9498743710662,3.3166247903554,2.886751345948129,1.7320508075688772,1.0,0.0,0.0,0.0,-3.1091263510296048,-2.886751345948129,0.0
601,32,40.0,41.0,41.0,33.0,33.0,32.0,26.0,26.0,24.0,70.0,69.0,73.0,67.0,68.0,73.0,63.0,66.0,72.0,74.0,55.0,100.0,51.0,43.0,62.0,27.0,31.0,24.0,1016.0,1016.0,1011.0,1014.0,1014.0,1011.0,1012.0,1013.0,1011.0,16.0,16.0,16.0,16.0,16.0,16.0,16.0,16.0,16.0,16.0,21.0,23.0,5.0,5.0,10.0,0.0,0.0,0.0,39.0,32.5,26.0,72.0,68.0,64.0,79.5,54.5,29.0,1016.0,1014.0,1012.0,16.0,16.0,16.0,16.0,5.5,0.0,-1.5811388300841898,-0.7071067811865476,0.0,2.9154759474226504,1.224744871391589,-1.5811388300841898,15.524174696260024,7.516648189186454,0.0,0.0,0.0,-0.7071067811865476,0.0,0.0,0.0,-3.5355339059327378,0.7071067811865476,0.0,-1.2909944487358056,0.0,1.1547005383792515,0.5773502691896257,-2.70801280154532,-3.696845502136472,-22.678918257565403,-9.092121131323903,4.041451884327381,2.886751345948129,1.7320508075688772,1.0,0.0,0.0,0.0,-3.1091263510296048,-2.8284271247461903,0.0
602,32,38.0,40.0,41.0,32.0,33.0,33.0,26.0,26.0,26.0,74.0,70.0,69.0,69.0,67.0,68.0,65.0,63.0,66.0,85.0,74.0,55.0,58.0,51.0,43.0,31.0,27.0,31.0,1016.0,1016.0,1016.0,1014.0,1014.0,1014.0,1012.0,1012.0,1013.0,16.0,16.0,16.0,16.0,16.0,16.0,16.0,16.0,16.0,16.0,16.0,21.0,6.0,5.0,5.0,0.0,0.0,0.0,37.5,32.0,26.0,73.5,67.5,60.5,79.5,56.0,32.0,1016.5,1014.5,1012.0,16.0,16.0,16.0,16.0,5.5,0.0,-1.5811388300841898,-0.7071067811865476,0.0,2.7386127875258306,-1.5811388300841898,-6.2048368229954285,0.0,4.06201920231798,3.1622776601683795,0.7071067811865476,0.7071067811865476,0.0,0.0,0.0,0.0,0.0,0.0,0.0,-1.4142135623730951,-0.5773502691896257,0.0,2.309401076758503,-1.4142135623730951,-5.354126134736337,10.969655114602888,5.686240703077327,1.1547005383792515,0.5773502691896257,0.5773502691896257,-0.5773502691896257,0.0,0.0,0.0,-2.886751345948129,0.0,0.0
603,31,37.0,38.0,40.0,32.0,32.0,33.0,26.0,26.0,26.0,73.0,74.0,70.0,66.0,69.0,67.0,56.0,65.0,63.0,74.0,85.0,74.0,54.0,58.0,51.0,33.0,31.0,27.0,1017.0,1016.0,1016.0,1015.0,1014.0,1014.0,1012.0,1012.0,1012.0,16.0,16.0,16.0,16.0,16.0,16.0,16.0,16.0,16.0,16.0,16.0,16.0,5.0,6.0,5.0,0.0,0.0,0.0,37.0,31.5,25.0,71.5,66.5,58.5,78.0,56.0,33.0,1016.5,1014.5,1011.5,16.0,16.0,14.5,18.5,5.5,0.0,-0.7071067811865476,-0.7071067811865476,-1.4142135623730951,-2.23606797749979,-2.0,-5.291502622129181,-5.338539126015656,0.0,1.4142135623730951,0.0,0.0,-0.7071067811865476,0.0,0.0,-2.1213203435596424,3.5355339059327378,0.0,0.0,-1.2909944487358056,-0.816496580927726,-1.1547005383792515,1.4142135623730951,-1.1547005383792515,-4.163331998932265,4.618802153517006,4.041451884327381,2.581988897471611,0.0,0.0,-0.5773502691896257,0.0,0.0,-1.7320508075688772,2.886751345948129,0.5773502691896257,0.0
604,30,37.0,37.0,38.0,31.0,32.0,32.0,24.0,26.0,26.0,70.0,73.0,74.0,67.0,66.0,69.0,61.0,56.0,65.0,82.0,74.0,85.0,58.0,54.0,58.0,33.0,33.0,31.0,1016.0,1017.0,1016.0,1014.0,1015.0,1014.0,1011.0,1012.0,1012.0,16.0,16.0,16.0,16.0,16.0,16.0,13.0,16.0,16.0,21.0,16.0,16.0,6.0,5.0,6.0,0.0,0.0,0.0,37.0,30.5,23.5,70.5,67.5,62.5,84.5,59.5,34.0,1015.5,1013.5,1010.5,16.0,16.0,13.5,20.0,6.0,0.0,0.0,-1.0,-1.5811388300841898,-2.0,1.0,4.123105625617661,6.670832032063167,3.5355339059327378,1.4142135623730951,-1.0,-1.0,-1.0,0.0,0.0,-2.0,3.24037034920393,0.7071067811865476,0.0,-0.5773502691896257,-0.816496580927726,-1.2909944487358056,-1.7320508075688772,-1.5275252316519468,-3.958114029012639,-3.265986323710904,1.7320508075688772,1.632993161855452,-0.5773502691896257,-0.5773502691896257,-0.816496580927726,0.0,0.0,-1.632993161855452,2.6457513110645907,0.0,0.0
605,31,37.0,37.0,37.0,30.0,31.0,32.0,23.0,24.0,26.0,71.0,70.0,73.0,68.0,67.0,66.0,64.0,61.0,56.0,87.0,82.0,74.0,61.0,58.0,54.0,35.0,33.0,33.0,1015.0,1016.0,1017.0,1013.0,1014.0,1015.0,1010.0,1011.0,1012.0,16.0,16.0,16.0,16.0,16.0,16.0,14.0,13.0,16.0,19.0,21.0,16.0,6.0,6.0,5.0,0.0,0.0,0.0,37.0,30.5,23.5,72.0,69.0,64.5,87.5,61.5,35.0,1014.5,1011.5,1008.0,16.0,16.0,15.0,21.0,8.5,0.0,0.0,0.0,0.0,1.5811388300841898,1.5811388300841898,2.23606797749979,3.605551275463989,2.23606797749979,1.4142135623730951,-1.0,-2.23606797749979,-2.9154759474226504,0.0,0.0,1.5811388300841898,2.449489742783178,3.5355339059327378,0.0,0.0,-0.5773502691896257,-1.1547005383792515,-1.1547005383792515,1.4142135623730951,3.415650255319866,5.477225575051661,2.943920288775949,1.1547005383792515,-1.0,-1.9148542155126762,-2.449489742783178,0.0,0.0,-1.1547005383792515,3.5118845842842465,2.943920288775949,0.0
606,32,37.0,37.0,37.0,31.0,30.0,31.0,24.0,23.0,24.0,73.0,71.0,70.0,70.0,68.0,67.0,65.0,64.0,61.0,88.0,87.0,82.0,62.0,61.0,58.0,35.0,35.0,33.0,1014.0,1015.0,1016.0,1010.0,1013.0,1014.0,1006.0,1010.0,1011.0,16.0,16.0,16.0,16.0,16.0,16.0,16.0,14.0,13.0,23.0,19.0,21.0,11.0,6.0,6.0,0.0,0.0,0.0,37.0,31.5,25.0,73.5,71.0,66.0,86.5,62.0,37.0,1013.0,1009.5,1006.0,16.0,16.0,16.0,22.0,10.5,0.0,0.0,1.0,1.5811388300841898,1.5811388300841898,2.0,1.5811388300841898,-2.0,0.7071067811865476,2.8284271247461903,-1.5811388300841898,-2.23606797749979,-2.8284271247461903,0.0,0.0,1.4142135623730951,2.449489742783178,3.4641016151377544,0.0,0.0,0.5773502691896257,1.1547005383792515,1.4142135623730951,1.7320508075688772,2.160246899469287,2.3804761428476167,1.8257418583505538,2.581988897471611,-1.4142135623730951,-1.9148542155126762,-2.3804761428476167,0.0,0.0,1.2909944487358056,1.632993161855452,2.8284271247461903,0.0
607,26,37.0,37.0,37.0,32.0,31.0,30.0,26.0,24.0,23.0,74.0,73.0,71.0,72.0,70.0,68.0,67.0,65.0,64.0,85.0,88.0,87.0,62.0,62.0,61.0,39.0,35.0,35.0,1012.0,1014.0,1015.0,1009.0,1010.0,1013.0,1006.0,1006.0,1010.0,16.0,16.0,16.0,16.0,16.0,16.0,16.0,16.0,14.0,21.0,23.0,19.0,10.0,11.0,6.0,0.0,0.0,0.0,33.0,29.0,24.5,74.0,71.5,66.5,89.5,70.0,50.5,1014.0,1011.5,1008.5,16.0,14.5,9.0,21.0,8.0,4.5,-5.656854249492381,-4.183300132670378,-1.5811388300841898,0.7071067811865476,1.224744871391589,1.224744871391589,6.0,11.313708498984761,16.507574019219177,2.449489742783178,3.4641016151377544,3.5355339059327378,0.0,-2.1213203435596424,-9.899494936611665,-1.4142135623730951,-2.9154759474226504,6.363961030678928,-4.618802153517006,-3.366501646120693,-1.1547005383792515,1.2909944487358056,1.5275252316519468,1.1547005383792515,4.932882862316247,9.255628917943215,13.478377746103819,1.9148542155126762,2.23606797749979,1.7320508075688772,0.0,-1.7320508075688772,-8.0,2.0,1.632993161855452,5.196152422706632
608,28,29.0,37.0,37.0,26.0,32.0,31.0,23.0,26.0,24.0,74.0,74.0,73.0,71.0,72.0,70.0,66.0,67.0,65.0,94.0,85.0,88.0,78.0,62.0,62.0,62.0,39.0,35.0,1016.0,1012.0,1014.0,1014.0,1009.0,1010.0,1011.0,1006.0,1006.0,16.0,16.0,16.0,13.0,16.0,16.0,2.0,16.0,16.0,21.0,21.0,23.0,6.0,10.0,11.0,9.0,0.0,0.0,31.0,27.0,22.5,74.0,71.0,66.5,93.5,75.5,57.0,1016.5,1014.5,1011.0,16.0,13.5,4.0,22.0,7.0,9.0,-4.898979485566356,-4.0,-2.23606797749979,0.0,-0.7071067811865476,0.0,6.324555320336759,10.747092630102339,14.64581851587681,2.9154759474226504,3.605551275463989,3.5355339059327378,0.0,-2.0,-9.486832980505138,1.4142135623730951,-2.449489742783178,6.363961030678928,-4.0,-3.2145502536643185,-1.4142135623730951,0.5773502691896257,1.0,1.1547005383792515,4.864839839775475,8.774964387392123,12.179217270963408,2.0816659994661326,2.886751345948129,2.886751345948129,0.0,-1.632993161855452,-7.745966692414834,0.0,-2.0816659994661326,5.196152422706632
609,31,33.0,29.0,37.0,28.0,26.0,32.0,22.0,23.0,26.0,74.0,74.0,74.0,71.0,71.0,72.0,67.0,66.0,67.0,93.0,94.0,85.0,73.0,78.0,62.0,52.0,62.0,39.0,1017.0,1016.0,1012.0,1015.0,1014.0,1009.0,1011.0,1011.0,1006.0,16.0,16.0,16.0,14.0,13.0,16.0,6.0,2.0,16.0,23.0,21.0,21.0,8.0,6.0,10.0,9.0,9.0,0.0,35.0,29.5,23.0,74.5,72.0,66.0,93.5,69.0,43.5,1016.0,1014.0,1010.5,16.0,15.0,11.0,22.0,9.0,4.5,4.0,2.5495097567963922,1.224744871391589,0.7071067811865476,1.4142135623730951,-1.224744871391589,0.0,-6.670832032063167,-13.946325680981353,-1.224744871391589,-1.224744871391589,-0.7071067811865476,0.0,1.5811388300841898,7.615773105863909,0.0,2.0,-6.363961030678928,-3.265986323710904,-2.7688746209726918,-1.4142135623730951,0.5773502691896257,1.0,-1.1547005383792515,5.196152422706632,7.461009761866464,6.831300510639732,2.0816659994661326,2.70801280154532,2.8284271247461903,0.0,-1.1547005383792515,-5.163977794943222,0.0,-1.632993161855452,0.0
610,32,37.0,33.0,29.0,31.0,28.0,26.0,24.0,22.0,23.0,75.0,74.0,74.0,73.0,71.0,71.0,65.0,67.0,66.0,94.0,93.0,94.0,65.0,73.0,78.0,35.0,52.0,62.0,1015.0,1017.0,1016.0,1013.0,1015.0,1014.0,1010.0,1011.0,1011.0,16.0,16.0,16.0,16.0,14.0,13.0,16.0,6.0,2.0,21.0,23.0,21.0,10.0,8.0,6.0,0.0,9.0,9.0,37.5,31.5,24.0,75.5,72.5,65.0,94.0,64.5,34.0,1016.5,1014.0,1011.5,16.0,16.0,16.0,20.0,9.0,0.0,2.9154759474226504,2.23606797749979,1.4142135623730951,1.0,1.224744871391589,-1.4142135623730951,0.7071067811865476,-5.70087712549569,-12.103718436910205,1.5811388300841898,0.0,2.0,0.0,1.4142135623730951,7.0710678118654755,-2.0,0.0,-6.363961030678928,3.3166247903554,2.160246899469287,1.0,0.816496580927726,1.0,-1.0,0.0,-5.477225575051661,-11.445523142259598,1.4142135623730951,0.5773502691896257,1.632993161855452,0.0,1.2909944487358056,6.2182527020592095,-1.1547005383792515,1.1547005383792515,-5.196152422706632
611,32,38.0,37.0,33.0,32.0,31.0,28.0,24.0,24.0,22.0,76.0,75.0,74.0,72.0,73.0,71.0,65.0,65.0,67.0,94.0,94.0,93.0,64.0,65.0,73.0,33.0,35.0,52.0,1018.0,1015.0,1017.0,1015.0,1013.0,1015.0,1013.0,1010.0,1011.0,16.0,16.0,16.0,16.0,16.0,14.0,16.0,16.0,6.0,19.0,21.0,23.0,8.0,10.0,8.0,0.0,0.0,9.0,38.0,32.0,24.0,74.5,70.0,63.5,90.5,61.0,31.0,1018.0,1015.5,1013.5,16.0,16.0,16.0,16.5,5.5,0.0,0.7071067811865476,0.7071067811865476,0.0,-2.0,-2.9154759474226504,-2.1213203435596424,-4.949747468305833,-4.301162633521313,-3.1622776601683795,2.1213203435596424,1.5811388300841898,2.23606797749979,0.0,0.0,0.0,-3.8078865529319543,-3.8078865529319543,0.0,2.3804761428476167,1.8257418583505538,1.1547005383792515,-1.5275252316519468,-2.0816659994661326,-2.0816659994661326,-4.0,-5.802298395176403,-10.14889156509222,1.2909944487358056,0.5773502691896257,1.7320508075688772,0.0,1.1547005383792515,5.773502691896258,-3.3166247903554,-2.886751345948129,-5.196152422706632
612,32,38.0,38.0,37.0,32.0,32.0,31.0,24.0,24.0,24.0,73.0,76.0,75.0,68.0,72.0,73.0,62.0,65.0,65.0,87.0,94.0,94.0,58.0,64.0,65.0,29.0,33.0,35.0,1018.0,1018.0,1015.0,1016.0,1015.0,1013.0,1014.0,1013.0,1010.0,16.0,16.0,16.0,16.0,16.0,16.0,16.0,16.0,16.0,14.0,19.0,21.0,3.0,8.0,10.0,0.0,0.0,0.0,38.0,32.0,24.5,72.0,68.0,63.5,83.0,57.0,31.0,1018.0,1016.0,1014.5,16.0,16.0,16.0,16.5,4.0,0.0,0.0,0.0,0.7071067811865476,-2.5495097567963922,-2.8284271247461903,0.0,-7.516648189186454,-4.47213595499958,0.0,0.0,0.7071067811865476,1.0,0.0,0.0,0.0,0.0,-3.24037034920393,0.0,0.5773502691896257,0.5773502691896257,0.5773502691896257,-2.0,-2.3804761428476167,0.0,-6.137317546507322,-3.696845502136472,-1.1547005383792515,1.7320508075688772,1.2909944487358056,1.9148542155126762,0.0,0.0,0.0,-1.1547005383792515,-2.886751345948129,0.0
613,30,38.0,38.0,38.0,32.0,32.0,32.0,25.0,24.0,24.0,71.0,73.0,76.0,68.0,68.0,72.0,65.0,62.0,65.0,79.0,87.0,94.0,56.0,58.0,64.0,33.0,29.0,33.0,1018.0,1018.0,1018.0,1016.0,1016.0,1015.0,1015.0,1014.0,1013.0,16.0,16.0,16.0,16.0,16.0,16.0,16.0,16.0,16.0,19.0,14.0,19.0,5.0,3.0,8.0,0.0,0.0,0.0,37.5,31.0,24.0,71.0,68.0,64.5,83.0,59.0,34.5,1019.0,1017.0,1015.5,16.0,16.0,16.0,16.0,5.0,0.0,-0.7071067811865476,-1.4142135623730951,-1.224744871391589,-1.4142135623730951,0.0,2.0,0.0,4.0,3.5355339059327378,1.4142135623730951,1.4142135623730951,1.0,0.0,0.0,0.0,-2.345207879911715,1.4142135623730951,0.0,-0.5773502691896257,-1.1547005383792515,-1.0,-2.0816659994661326,-2.309401076758503,-0.5773502691896257,-4.041451884327381,-1.1547005383792515,1.7320508075688772,1.1547005383792515,1.2909944487358056,1.0,0.0,0.0,0.0,-3.4641016151377544,-2.6457513110645907,0.0
614,30,37.0,38.0,38.0,30.0,32.0,32.0,23.0,25.0,24.0,71.0,71.0,73.0,68.0,68.0,68.0,64.0,65.0,62.0,87.0,79.0,87.0,62.0,56.0,58.0,36.0,33.0,29.0,1020.0,1018.0,1018.0,1018.0,1016.0,1016.0,1016.0,1015.0,1014.0,16.0,16.0,16.0,16.0,16.0,16.0,16.0,16.0,16.0,13.0,19.0,14.0,5.0,5.0,3.0,0.0,0.0,0.0,37.0,30.0,23.0,71.5,66.0,60.0,87.0,59.0,30.5,1019.0,1017.0,1015.0,16.0,16.0,16.0,16.0,5.5,0.0,-0.7071067811865476,-1.4142135623730951,-1.4142135623730951,0.7071067811865476,-2.8284271247461903,-5.70087712549569,5.656854249492381,0.0,-7.483314773547883,0.0,0.0,-1.224744871391589,0.0,0.0,0.0,0.0,0.7071067811865476,0.0,-0.5773502691896257,-1.1547005383792515,-1.0,-1.0,-2.309401076758503,-4.320493798938574,0.0,-1.1547005383792515,-5.656854249492381,0.0,0.0,-0.816496580927726,0.0,0.0,0.0,2.886751345948129,1.2909944487358056,0.0
615,29,37.0,37.0,38.0,30.0,30.0,32.0,23.0,23.0,25.0,72.0,71.0,71.0,64.0,68.0,68.0,56.0,64.0,65.0,87.0,87.0,79.0,56.0,62.0,56.0,25.0,36.0,33.0,1018.0,1020.0,1018.0,1016.0,1018.0,1016.0,1014.0,1016.0,1015.0,16.0,16.0,16.0,16.0,16.0,16.0,16.0,16.0,16.0,19.0,13.0,19.0,6.0,5.0,5.0,0.0,0.0,0.0,37.0,29.5,22.5,68.5,62.0,56.5,80.0,53.0,26.0,1017.0,1015.0,1013.0,16.0,16.0,16.0,19.0,6.0,0.0,0.0,-0.7071067811865476,-0.7071067811865476,-4.898979485566356,-4.0,-5.612486080160912,-9.899494936611665,-6.0,-7.648529270389178,-2.0,-2.0,-2.0,0.0,0.0,0.0,4.242640687119285,0.7071067811865476,0.0,-0.5773502691896257,-1.2909944487358056,-1.2909944487358056,-4.0,-3.265986323710904,-4.618802153517006,-6.6332495807108,-3.4641016151377544,-6.0,-1.1547005383792515,-1.1547005383792515,-1.5275252316519468,0.0,0.0,0.0,0.0,0.5773502691896257,0.0
616,28,37.0,37.0,37.0,29.0,30.0,30.0,22.0,23.0,23.0,65.0,72.0,71.0,60.0,64.0,68.0,57.0,56.0,64.0,73.0,87.0,87.0,50.0,56.0,62.0,27.0,25.0,36.0,1016.0,1018.0,1020.0,1014.0,1016.0,1018.0,1012.0,1014.0,1016.0,16.0,16.0,16.0,16.0,16.0,16.0,16.0,16.0,16.0,19.0,19.0,13.0,6.0,6.0,5.0,0.0,0.0,0.0,36.0,28.5,22.0,65.0,61.5,58.5,76.0,52.5,29.0,1016.5,1014.5,1013.0,16.0,16.0,16.0,16.5,5.5,0.0,-1.4142135623730951,-1.0,-0.7071067811865476,-4.949747468305833,-1.8708286933869707,2.23606797749979,-8.94427190999916,-2.345207879911715,3.1622776601683795,-1.224744871391589,-1.224744871391589,0.0,0.0,0.0,0.0,-3.5355339059327378,-0.7071067811865476,0.0,-1.1547005383792515,-0.816496580927726,-0.5773502691896257,-4.0,-2.7688746209726918,-4.242640687119285,-7.302967433402215,-3.958114029012639,-5.802298395176403,-1.5275252316519468,-1.5275252316519468,-1.1547005383792515,0.0,0.0,0.0,1.9148542155126762,0.0,0.0
617,30,35.0,37.0,37.0,28.0,29.0,30.0,22.0,22.0,23.0,65.0,65.0,72.0,63.0,60.0,64.0,60.0,57.0,56.0,79.0,73.0,87.0,55.0,50.0,56.0,31.0,27.0,25.0,1017.0,1016.0,1018.0,1015.0,1014.0,1016.0,1014.0,1012.0,1014.0,16.0,16.0,16.0,16.0,16.0,16.0,16.0,16.0,16.0,14.0,19.0,19.0,5.0,6.0,6.0,0.0,0.0,0.0,35.5,29.0,23.0,66.0,64.0,61.0,76.5,55.0,33.5,1017.0,1015.0,1013.5,16.0,16.0,16.0,15.0,5.0,0.0,-1.224744871391589,1.224744871391589,1.4142135623730951,1.4142135623730951,2.5495097567963922,2.5495097567963922,2.345207879911715,3.5355339059327378,4.527692569068709,0.7071067811865476,0.7071067811865476,1.224744871391589,0.0,0.0,0.0,-3.24037034920393,-0.7071067811865476,0.0,-1.0,0.816496580927726,1.0,-3.872983346207417,-1.0,2.160246899469287,-7.852812659593164,-1.9148542155126762,3.872983346207417,-1.0,-1.0,-0.5773502691896257,0.0,0.0,0.0,-2.6457513110645907,-0.5773502691896257,0.0
618,30,36.0,35.0,37.0,30.0,28.0,29.0,24.0,22.0,22.0,67.0,65.0,65.0,65.0,63.0,60.0,62.0,60.0,57.0,74.0,79.0,73.0,55.0,55.0,50.0,36.0,31.0,27.0,1017.0,1017.0,1016.0,1015.0,1015.0,1014.0,1013.0,1014.0,1012.0,16.0,16.0,16.0,16.0,16.0,16.0,16.0,16.0,16.0,16.0,14.0,19.0,5.0,5.0,6.0,0.0,0.0,0.0,36.0,30.0,23.5,69.5,66.0,61.5,80.5,57.0,33.0,1017.5,1015.0,1013.0,16.0,16.0,16.0,21.0,6.5,0.0,0.7071067811865476,1.4142135623730951,1.224744871391589,3.8078865529319543,2.0,1.224744871391589,8.48528137423857,2.8284271247461903,-2.345207879911715,0.7071067811865476,0.0,-0.7071067811865476,0.0,0.0,0.0,7.211102550927978,2.1213203435596424,0.0,-1.0,1.0,1.0,3.1091263510296048,2.3804761428476167,2.0,7.745966692414834,3.696845502136472,1.2909944487358056,0.816496580927726,0.5773502691896257,1.0,0.0,0.0,0.0,5.131601439446884,1.632993161855452,0.0
619,29,36.0,36.0,35.0,30.0,30.0,28.0,23.0,24.0,22.0,72.0,67.0,65.0,67.0,65.0,63.0,61.0,62.0,60.0,87.0,74.0,79.0,59.0,55.0,55.0,30.0,36.0,31.0,1018.0,1017.0,1017.0,1015.0,1015.0,1015.0,1013.0,1013.0,1014.0,16.0,16.0,16.0,16.0,16.0,16.0,16.0,16.0,16.0,26.0,16.0,14.0,8.0,5.0,5.0,0.0,0.0,0.0,35.0,29.5,23.0,72.0,68.0,62.0,87.0,61.5,35.5,1018.0,1015.5,1013.0,16.0,16.0,16.0,24.5,8.0,0.0,-1.4142135623730951,-0.7071067811865476,-0.7071067811865476,3.5355339059327378,2.0,1.224744871391589,9.192388155425117,4.527692569068709,6.519202405202649,0.7071067811865476,0.7071067811865476,0.0,0.0,0.0,0.0,6.745368781616021,2.1213203435596424,0.0,-1.0,1.0,1.0,3.1091263510296048,2.0,1.5275252316519468,6.928203230275509,3.696845502136472,6.0553007081949835,0.5773502691896257,0.5773502691896257,-0.5773502691896257,0.0,0.0,0.0,5.627314338711377,1.7320508075688772,0.0
620,28,34.0,36.0,36.0,29.0,30.0,30.0,23.0,23.0,24.0,72.0,72.0,67.0,69.0,67.0,65.0,63.0,61.0,62.0,87.0,87.0,74.0,64.0,59.0,55.0,41.0,30.0,36.0,1018.0,1018.0,1017.0,1016.0,1015.0,1015.0,1013.0,1013.0,1013.0,16.0,16.0,16.0,16.0,16.0,16.0,16.0,16.0,16.0,23.0,26.0,16.0,8.0,8.0,5.0,0.0,0.0,0.0,34.5,28.5,22.5,71.0,68.0,63.5,88.5,64.5,40.0,1018.5,1016.0,1012.5,16.0,16.0,16.0,21.0,7.0,0.0,-1.224744871391589,-1.0,-0.7071067811865476,-1.4142135623730951,0.0,1.5811388300841898,2.1213203435596424,3.605551275463989,7.648529270389178,0.7071067811865476,0.7071067811865476,-0.7071067811865476,0.0,0.0,0.0,-3.5355339059327378,-1.4142135623730951,0.0,-1.0,-0.816496580927726,-0.816496580927726,2.6457513110645907,1.1547005383792515,1.1547005383792515,7.702813338860896,3.7416573867739413,5.196152422706632,0.816496580927726,0.5773502691896257,-0.5773502691896257,0.0,0.0,0.0,5.0,1.2909944487358056,0.0
621,29,35.0,34.0,36.0,28.0,29.0,30.0,22.0,23.0,23.0,70.0,72.0,72.0,67.0,69.0,67.0,64.0,63.0,61.0,90.0,87.0,87.0,65.0,64.0,59.0,39.0,41.0,30.0,1019.0,1018.0,1018.0,1016.0,1016.0,1015.0,1012.0,1013.0,1013.0,16.0,16.0,16.0,16.0,16.0,16.0,16.0,16.0,16.0,19.0,23.0,26.0,6.0,8.0,8.0,0.0,0.0,0.0,34.5,28.5,22.5,70.5,68.0,64.5,88.5,64.5,40.0,1017.5,1014.5,1010.5,16.0,16.0,16.0,20.0,5.5,0.0,0.0,0.0,0.0,-1.224744871391589,0.0,1.0,0.0,0.0,0.0,-2.0,-2.1213203435596424,-2.23606797749979,0.0,0.0,0.0,-2.449489742783178,-1.5811388300841898,0.0,-1.1547005383792515,-0.5773502691896257,0.0,-1.0,1.1547005383792515,1.4142135623730951,0.0,2.886751345948129,6.3508529610858835,-1.632993161855452,-1.632993161855452,-1.8257418583505538,0.0,0.0,0.0,-2.6457513110645907,-1.2909944487358056,0.0
622,31,34.0,35.0,34.0,29.0,28.0,29.0,23.0,22.0,23.0,71.0,70.0,72.0,69.0,67.0,69.0,65.0,64.0,63.0,87.0,90.0,87.0,64.0,65.0,64.0,41.0,39.0,41.0,1016.0,1019.0,1018.0,1013.0,1016.0,1016.0,1009.0,1012.0,1013.0,16.0,16.0,16.0,16.0,16.0,16.0,16.0,16.0,16.0,21.0,19.0,23.0,5.0,6.0,8.0,0.0,0.0,0.0,36.0,30.0,23.5,72.5,70.5,65.5,87.5,63.0,38.0,1015.5,1013.0,1009.5,16.0,16.0,16.0,22.0,7.5,0.0,2.7386127875258306,1.5811388300841898,1.0,2.23606797749979,2.5495097567963922,1.0,-2.0,-1.5811388300841898,-4.0,-2.23606797749979,-2.1213203435596424,-2.0,0.0,0.0,0.0,2.0,3.4641016151377544,0.0,2.309401076758503,1.1547005383792515,0.5773502691896257,1.4142135623730951,1.7320508075688772,1.0,0.5773502691896257,-1.1547005383792515,-3.4641016151377544,-1.7320508075688772,-1.7320508075688772,-1.7320508075688772,0.0,0.0,0.0,-1.632993161855452,2.581988897471611,0.0
623,32,38.0,34.0,35.0,31.0,29.0,28.0,24.0,23.0,22.0,74.0,71.0,70.0,72.0,69.0,67.0,66.0,65.0,64.0,88.0,87.0,90.0,62.0,64.0,65.0,35.0,41.0,39.0,1015.0,1016.0,1019.0,1013.0,1013.0,1016.0,1010.0,1009.0,1012.0,16.0,16.0,16.0,16.0,16.0,16.0,16.0,16.0,16.0,23.0,21.0,19.0,10.0,5.0,6.0,0.0,0.0,0.0,38.0,31.5,25.0,75.5,72.5,66.0,89.5,62.0,34.0,1016.0,1013.5,1011.0,16.0,16.0,16.0,24.5,10.5,0.0,2.8284271247461903,1.5811388300841898,1.5811388300841898,3.0,2.23606797749979,0.7071067811865476,2.23606797749979,-1.4142135623730951,-4.47213595499958,1.224744871391589,0.7071067811865476,1.5811388300841898,0.0,0.0,0.0,2.5495097567963922,3.605551275463989,0.0,2.23606797749979,1.4142135623730951,1.4142135623730951,2.516611478423583,2.160246899469287,0.816496580927726,0.5773502691896257,-1.2909944487358056,-3.4641016151377544,-1.4142135623730951,-1.632993161855452,-1.1547005383792515,0.0,0.0,0.0,2.3804761428476167,2.886751345948129,0.0
624,31,38.0,38.0,34.0,32.0,31.0,29.0,26.0,24.0,23.0,77.0,74.0,71.0,73.0,72.0,69.0,66.0,66.0,65.0,91.0,88.0,87.0,62.0,62.0,64.0,33.0,35.0,41.0,1017.0,1015.0,1016.0,1014.0,1013.0,1013.0,1012.0,1010.0,1009.0,16.0,16.0,16.0,16.0,16.0,16.0,16.0,16.0,16.0,26.0,23.0,21.0,11.0,10.0,5.0,0.0,0.0,0.0,38.0,31.5,25.0,76.0,72.0,65.5,92.5,62.5,32.0,1017.5,1014.0,1011.5,16.0,16.0,14.5,22.5,10.5,0.0,0.0,0.0,0.0,1.5811388300841898,-1.224744871391589,-0.7071067811865476,3.0,0.7071067811865476,-2.0,1.5811388300841898,0.7071067811865476,1.224744871391589,0.0,0.0,-2.1213203435596424,-4.47213595499958,0.0,0.0,2.309401076758503,1.1547005383792515,0.5773502691896257,2.160246899469287,1.4142135623730951,0.0,2.516611478423583,-1.0,-3.8297084310253524,1.1547005383792515,0.5773502691896257,1.1547005383792515,0.0,0.0,-1.7320508075688772,-3.4641016151377544,2.886751345948129,0.0
625,31,38.0,38.0,38.0,31.0,32.0,31.0,24.0,26.0,24.0,75.0,77.0,74.0,71.0,73.0,72.0,65.0,66.0,66.0,94.0,91.0,88.0,63.0,62.0,62.0,31.0,33.0,35.0,1018.0,1017.0,1015.0,1014.0,1014.0,1013.0,1011.0,1012.0,1010.0,16.0,16.0,16.0,16.0,16.0,16.0,13.0,16.0,16.0,19.0,26.0,23.0,10.0,11.0,10.0,0.0,0.0,0.0,38.0,31.0,24.0,74.5,70.5,64.5,91.0,62.0,32.0,1016.5,1013.5,1010.5,16.0,16.0,14.5,20.0,10.0,0.0,0.0,-0.7071067811865476,-1.4142135623730951,-1.5811388300841898,-1.5811388300841898,-1.0,-3.6742346141747673,-1.224744871391589,0.0,-2.0,-0.7071067811865476,-1.0,0.0,0.0,0.0,-4.743416490252569,-0.7071067811865476,0.0,0.0,0.0,0.0,1.1547005383792515,-1.1547005383792515,-0.816496580927726,-2.449489742783178,-1.0,-1.1547005383792515,-1.1547005383792515,0.0,0.816496580927726,0.0,0.0,0.0,-3.4641016151377544,0.0,0.0
626,31,38.0,38.0,38.0,31.0,31.0,32.0,24.0,24.0,26.0,74.0,75.0,77.0,70.0,71.0,73.0,64.0,65.0,66.0,88.0,94.0,91.0,61.0,63.0,62.0,33.0,31.0,33.0,1015.0,1018.0,1017.0,1013.0,1014.0,1014.0,1010.0,1011.0,1012.0,16.0,16.0,16.0,16.0,16.0,16.0,16.0,13.0,16.0,21.0,19.0,26.0,10.0,10.0,11.0,0.0,0.0,0.0,37.5,31.0,24.0,74.0,70.5,64.5,88.0,61.0,33.0,1015.0,1012.5,1009.0,16.0,16.0,16.0,18.5,9.0,0.0,-0.7071067811865476,0.0,0.0,-0.7071067811865476,0.0,0.0,-4.242640687119285,-1.4142135623730951,1.4142135623730951,-2.1213203435596424,-1.0,-1.5811388300841898,0.0,0.0,2.1213203435596424,-3.24037034920393,-1.4142135623730951,0.0,-0.5773502691896257,-0.5773502691896257,-1.1547005383792515,-1.2909944487358056,-1.1547005383792515,-0.5773502691896257,-3.0,-1.0,0.0,-1.632993161855452,-0.816496580927726,-1.4142135623730951,0.0,0.0,0.0,-4.83045891539648,-1.2909944487358056,0.0
627,29,37.0,38.0,38.0,31.0,31.0,31.0,24.0,24.0,24.0,74.0,74.0,75.0,71.0,70.0,71.0,65.0,64.0,65.0,88.0,88.0,94.0,61.0,61.0,63.0,33.0,33.0,31.0,1015.0,1015.0,1018.0,1012.0,1013.0,1014.0,1008.0,1010.0,1011.0,16.0,16.0,16.0,16.0,16.0,16.0,16.0,16.0,13.0,16.0,21.0,19.0,8.0,10.0,10.0,0.0,0.0,0.0,35.5,30.0,23.5,74.5,72.0,66.5,94.0,67.5,40.0,1015.0,1012.5,1008.5,16.0,14.5,9.0,16.0,6.5,13.5,-2.23606797749979,-1.4142135623730951,-0.7071067811865476,0.7071067811865476,1.5811388300841898,2.23606797749979,8.48528137423857,9.192388155425117,9.899494936611665,0.0,0.0,-1.224744871391589,0.0,-2.1213203435596424,-9.899494936611665,-3.5355339059327378,-2.5495097567963922,19.091883092036785,-1.8257418583505538,-1.1547005383792515,-0.5773502691896257,0.0,1.1547005383792515,1.7320508075688772,6.0,7.416198487095663,8.16496580927726,-1.7320508075688772,-0.5773502691896257,-1.1547005383792515,0.0,-1.7320508075688772,-7.895146188218008,-2.6457513110645907,-2.0816659994661326,15.588457268119896
628,29,34.0,37.0,38.0,29.0,31.0,31.0,23.0,24.0,24.0,75.0,74.0,74.0,73.0,71.0,70.0,68.0,65.0,64.0,100.0,88.0,88.0,74.0,61.0,61.0,47.0,33.0,33.0,1015.0,1015.0,1015.0,1013.0,1012.0,1013.0,1009.0,1008.0,1010.0,16.0,16.0,16.0,13.0,16.0,16.0,2.0,16.0,16.0,16.0,16.0,21.0,5.0,8.0,10.0,27.0,0.0,0.0,35.0,29.0,22.5,75.5,73.0,68.0,100.0,72.5,44.5,1015.0,1013.0,1009.0,16.0,12.0,1.0,21.0,4.0,23.5,-1.5811388300841898,-1.4142135623730951,-1.0,1.0,1.4142135623730951,2.1213203435596424,8.48528137423857,8.94427190999916,9.246621004453464,0.0,0.7071067811865476,0.7071067811865476,0.0,-2.5495097567963922,-10.0,7.0710678118654755,-2.5495097567963922,18.439088914585774,-1.4142135623730951,-1.1547005383792515,-0.816496580927726,0.816496580927726,1.2909944487358056,1.8257418583505538,6.928203230275509,7.302967433402215,7.54983443527075,0.0,0.0,-1.0,0.0,-2.0816659994661326,-8.16496580927726,5.0,-2.3804761428476167,15.05545305418162
629,29,36.0,34.0,37.0,29.0,29.0,31.0,22.0,23.0,24.0,76.0,75.0,74.0,73.0,73.0,71.0,68.0,68.0,65.0,100.0,100.0,88.0,71.0,74.0,61.0,42.0,47.0,33.0,1015.0,1015.0,1015.0,1013.0,1013.0,1012.0,1009.0,1009.0,1008.0,16.0,16.0,16.0,11.0,13.0,16.0,0.0,2.0,16.0,26.0,16.0,16.0,3.0,5.0,8.0,20.0,27.0,0.0,35.0,29.0,23.0,75.5,73.0,68.0,97.0,71.5,45.5,1015.5,1013.0,1010.0,16.0,12.0,3.0,22.5,4.0,20.0,0.0,0.0,1.224744871391589,0.0,0.0,0.0,-4.242640687119285,-2.0,3.4641016151377544,0.7071067811865476,0.0,1.4142135623730951,0.0,0.0,4.0,5.049752469181039,0.0,-4.949747468305833,-1.7320508075688772,-1.1547005383792515,0.816496580927726,0.5773502691896257,1.1547005383792515,1.7320508075688772,6.0,7.32575365861197,8.563488385776752,0.5773502691896257,0.5773502691896257,1.2909944487358056,0.0,-1.7320508075688772,-7.393691004272944,4.123105625617661,-1.7320508075688772,15.05545305418162
630,27,34.0,36.0,34.0,29.0,29.0,29.0,24.0,22.0,23.0,75.0,76.0,75.0,73.0,73.0,73.0,68.0,68.0,68.0,94.0,100.0,100.0,72.0,71.0,74.0,49.0,42.0,47.0,1016.0,1015.0,1015.0,1013.0,1013.0,1013.0,1011.0,1009.0,1009.0,16.0,16.0,16.0,13.0,11.0,13.0,6.0,0.0,2.0,19.0,26.0,16.0,5.0,3.0,5.0,20.0,20.0,27.0,33.5,28.0,22.5,73.5,65.0,57.0,90.5,63.5,36.0,1017.5,1015.0,1013.0,16.0,14.5,11.0,20.0,6.5,10.0,-1.5811388300841898,-1.4142135623730951,-1.5811388300841898,-2.23606797749979,-11.313708498984761,-15.556349186104045,-6.519202405202649,-12.0,-17.705931209625774,2.23606797749979,2.8284271247461903,3.1622776601683795,0.0,2.5495097567963922,8.246211251235321,-4.743416490252569,2.5495097567963922,-14.142135623730951,-0.5773502691896257,-1.1547005383792515,-1.4142135623730951,-1.7320508075688772,-9.237604307034012,-12.701705922171767,-5.32290647422377,-9.9498743710662,-14.742229591663987,1.8257418583505538,2.309401076758503,2.581988897471611,0.0,1.7320508075688772,6.6332495807108,4.281744192888376,1.7320508075688772,-12.233832869001711
631,25,33.0,34.0,36.0,27.0,29.0,29.0,21.0,24.0,22.0,72.0,75.0,76.0,57.0,73.0,73.0,46.0,68.0,68.0,87.0,94.0,100.0,55.0,72.0,71.0,23.0,49.0,42.0,1019.0,1016.0,1015.0,1017.0,1013.0,1013.0,1015.0,1011.0,1009.0,16.0,16.0,16.0,16.0,13.0,11.0,16.0,6.0,0.0,21.0,19.0,26.0,8.0,5.0,3.0,0.0,20.0,20.0,33.0,26.0,19.0,65.0,54.0,46.5,80.0,52.0,23.5,1019.0,1017.0,1014.5,16.0,16.0,16.0,21.0,7.0,0.0,-0.7071067811865476,-2.0,-3.5355339059327378,-10.124228365658293,-12.083045973594572,-15.540270267920054,-11.067971810589327,-12.747548783981962,-18.371173070873837,2.1213203435596424,2.8284271247461903,2.7386127875258306,0.0,2.1213203435596424,7.0710678118654755,1.4142135623730951,1.5811388300841898,-14.142135623730951,-1.2909944487358056,-1.632993161855452,-2.6457513110645907,-8.286535263104035,-9.865765724632494,-12.68857754044952,-9.678154093971983,-10.392304845413264,-14.445299120013633,1.8257418583505538,2.309401076758503,2.516611478423583,0.0,2.0816659994661326,6.733003292241386,-3.872983346207417,1.7320508075688772,-11.547005383792516
632,25,33.0,33.0,34.0,25.0,27.0,29.0,17.0,21.0,24.0,58.0,72.0,75.0,51.0,57.0,73.0,47.0,46.0,68.0,73.0,87.0,94.0,49.0,55.0,72.0,24.0,23.0,49.0,1019.0,1019.0,1016.0,1017.0,1017.0,1013.0,1014.0,1015.0,1011.0,16.0,16.0,16.0,16.0,16.0,13.0,16.0,16.0,6.0,21.0,21.0,19.0,6.0,8.0,5.0,0.0,0.0,20.0,32.5,25.0,17.5,63.0,54.0,49.0,76.0,51.0,25.5,1018.5,1016.5,1014.0,16.0,16.0,16.0,20.0,7.0,0.0,-0.7071067811865476,-1.4142135623730951,-2.7386127875258306,-6.928203230275509,0.0,2.9154759474226504,-8.94427190999916,-3.1622776601683795,2.23606797749979,-0.7071067811865476,-0.7071067811865476,-0.7071067811865476,0.0,0.0,0.0,-1.4142135623730951,0.0,0.0,-0.816496580927726,-1.632993161855452,-2.8284271247461903,-5.916079783099616,-9.237604307034012,-12.476644848141934,-8.34665601703261,-10.14889156509222,-14.89966442575134,1.632993161855452,2.23606797749979,2.23606797749979,0.0,1.7320508075688772,5.773502691896258,0.0,1.7320508075688772,-11.547005383792516
633,29,32.0,33.0,33.0,25.0,25.0,27.0,18.0,17.0,21.0,68.0,58.0,72.0,57.0,51.0,57.0,51.0,47.0,46.0,79.0,73.0,87.0,53.0,49.0,55.0,27.0,24.0,23.0,1018.0,1019.0,1019.0,1016.0,1017.0,1017.0,1014.0,1014.0,1015.0,16.0,16.0,16.0,16.0,16.0,16.0,16.0,16.0,16.0,19.0,21.0,21.0,8.0,6.0,8.0,0.0,0.0,0.0,33.5,27.0,20.5,70.0,63.5,59.5,83.0,60.0,36.5,1018.5,1016.5,1014.5,16.0,16.0,13.5,22.5,8.0,0.0,2.0,2.8284271247461903,3.605551275463989,7.615773105863909,10.124228365658293,12.349089035228468,7.0710678118654755,10.295630140987,13.601470508735444,0.0,0.0,0.7071067811865476,0.0,0.0,-3.5355339059327378,4.743416490252569,1.4142135623730951,0.0,1.632993161855452,2.0,1.8257418583505538,-5.163977794943222,7.505553499465135,10.099504938362077,-5.656854249492381,7.659416862050705,11.120551545074852,0.0,0.0,0.0,0.0,0.0,-2.886751345948129,3.872983346207417,0.0,0.0
634,29,35.0,32.0,33.0,29.0,25.0,25.0,23.0,18.0,17.0,72.0,68.0,58.0,70.0,57.0,51.0,68.0,51.0,47.0,87.0,79.0,73.0,67.0,53.0,49.0,46.0,27.0,24.0,1019.0,1018.0,1019.0,1017.0,1016.0,1017.0,1015.0,1014.0,1014.0,16.0,16.0,16.0,16.0,16.0,16.0,11.0,16.0,16.0,26.0,19.0,21.0,8.0,8.0,6.0,0.0,0.0,0.0,34.5,29.0,23.5,73.0,71.0,68.5,90.5,69.5,47.5,1019.5,1017.5,1015.0,16.0,15.0,7.0,23.5,9.0,0.5,2.0,2.8284271247461903,3.605551275463989,3.1622776601683795,9.300537618869138,12.041594578792296,7.516648189186454,10.51189802081432,13.601470508735444,1.0,1.0,0.7071067811865476,0.0,-1.4142135623730951,-6.670832032063167,3.4641016151377544,1.4142135623730951,0.7071067811865476,1.5275252316519468,2.309401076758503,3.0,6.324555320336759,8.34665601703261,10.099504938362077,7.047458170621991,8.888194417315589,11.239810200058244,0.5773502691896257,0.5773502691896257,0.5773502691896257,0.0,-1.1547005383792515,-5.446711546122731,2.581988897471611,1.632993161855452,0.5773502691896257
635,30,34.0,35.0,32.0,29.0,29.0,25.0,24.0,23.0,18.0,74.0,72.0,68.0,72.0,70.0,57.0,69.0,68.0,51.0,94.0,87.0,79.0,72.0,67.0,53.0,49.0,46.0,27.0,1020.0,1019.0,1018.0,1018.0,1017.0,1016.0,1015.0,1015.0,1014.0,16.0,16.0,16.0,14.0,16.0,16.0,3.0,11.0,16.0,21.0,26.0,19.0,10.0,8.0,8.0,1.0,0.0,0.0,35.0,29.5,24.0,73.5,71.5,67.0,94.0,69.5,44.0,1019.0,1017.0,1013.0,16.0,15.0,9.5,21.0,10.0,0.5,1.224744871391589,0.7071067811865476,0.7071067811865476,1.224744871391589,1.224744871391589,-2.7386127875258306,4.949747468305833,0.0,-6.745368781616021,-1.224744871391589,-1.224744871391589,-2.8284271247461903,0.0,0.0,7.245688373094719,-3.5355339059327378,1.4142135623730951,0.0,2.0,2.3804761428476167,2.943920288775949,2.516611478423583,7.571877794400365,9.556847457887633,6.137317546507322,8.082903768654761,9.486832980505138,-0.816496580927726,-0.816496580927726,-2.23606797749979,0.0,0.0,5.163977794943222,2.8284271247461903,1.1547005383792515,0.0
636,30,36.0,34.0,35.0,30.0,29.0,29.0,24.0,24.0,23.0,73.0,74.0,72.0,71.0,72.0,70.0,65.0,69.0,68.0,94.0,94.0,87.0,67.0,72.0,67.0,39.0,49.0,46.0,1018.0,1020.0,1019.0,1016.0,1018.0,1017.0,1011.0,1015.0,1015.0,16.0,16.0,16.0,16.0,14.0,16.0,16.0,3.0,11.0,21.0,21.0,26.0,10.0,10.0,8.0,0.0,1.0,0.0,36.0,30.0,24.0,73.0,70.5,63.0,94.0,65.5,36.0,1016.5,1014.0,1010.0,16.0,16.0,16.0,20.0,10.0,0.0,1.4142135623730951,0.7071067811865476,0.0,-0.7071067811865476,-1.0,-4.0,0.0,-4.123105625617661,-8.246211251235321,-2.5495097567963922,-3.1622776601683795,-3.1622776601683795,0.0,1.4142135623730951,9.192388155425117,-1.4142135623730951,0.0,-0.7071067811865476,1.0,0.5773502691896257,0.5773502691896257,1.0,0.816496580927726,-3.2145502536643185,4.041451884327381,-1.7320508075688772,-6.506407098647712,-2.0,-2.516611478423583,-2.581988897471611,0.0,0.0,5.916079783099616,-3.1091263510296048,1.1547005383792515,0.0
637,29,36.0,36.0,34.0,30.0,30.0,29.0,24.0,24.0,24.0,73.0,73.0,74.0,70.0,71.0,72.0,61.0,65.0,69.0,94.0,94.0,94.0,64.0,67.0,72.0,33.0,39.0,49.0,1015.0,1018.0,1020.0,1012.0,1016.0,1018.0,1009.0,1011.0,1015.0,16.0,16.0,16.0,16.0,16.0,14.0,16.0,16.0,3.0,19.0,21.0,21.0,10.0,10.0,10.0,0.0,0.0,1.0,36.0,29.5,23.5,73.0,69.0,57.0,94.0,62.0,29.5,1015.5,1012.5,1010.0,16.0,16.0,16.0,16.5,7.5,0.0,0.0,-0.7071067811865476,-0.7071067811865476,0.0,-1.5811388300841898,-6.324555320336759,0.0,-3.5355339059327378,-6.519202405202649,-2.0,-2.7386127875258306,0.0,0.0,0.0,0.0,-3.8078865529319543,-3.5355339059327378,0.0,1.1547005383792515,0.0,-0.5773502691896257,-0.5773502691896257,-1.4142135623730951,-5.656854249492381,0.0,-4.08248290463863,-7.852812659593164,-2.0,-2.516611478423583,-2.309401076758503,0.0,1.1547005383792515,7.505553499465135,-3.1091263510296048,-2.886751345948129,-0.5773502691896257
638,28,36.0,36.0,36.0,29.0,30.0,30.0,23.0,24.0,24.0,73.0,73.0,73.0,68.0,70.0,71.0,53.0,61.0,65.0,94.0,94.0,94.0,60.0,64.0,67.0,26.0,33.0,39.0,1016.0,1015.0,1018.0,1013.0,1012.0,1016.0,1011.0,1009.0,1011.0,16.0,16.0,16.0,16.0,16.0,16.0,16.0,16.0,16.0,14.0,19.0,21.0,5.0,10.0,10.0,0.0,0.0,0.0,35.5,28.5,22.0,71.5,65.5,55.0,92.0,60.0,28.0,1016.0,1014.0,1012.0,16.0,16.0,16.0,14.0,5.0,0.0,-0.7071067811865476,-1.0,-1.5811388300841898,-2.1213203435596424,-3.8078865529319543,-4.898979485566356,-2.8284271247461903,-2.8284271247461903,-4.06201920231798,0.7071067811865476,1.5811388300841898,2.0,0.0,0.0,0.0,-3.5355339059327378,-3.5355339059327378,0.0,-0.5773502691896257,-0.816496580927726,-1.2909944487358056,-1.7320508075688772,-3.1622776601683795,-4.618802153517006,-2.309401076758503,-2.886751345948129,-4.795831523312719,-1.632993161855452,-1.9148542155126762,1.1547005383792515,0.0,0.0,0.0,-3.1091263510296048,-2.886751345948129,0.0
639,29,35.0,36.0,36.0,28.0,29.0,30.0,21.0,23.0,24.0,70.0,73.0,73.0,63.0,68.0,70.0,57.0,53.0,61.0,90.0,94.0,94.0,60.0,60.0,64.0,30.0,26.0,33.0,1016.0,1016.0,1015.0,1015.0,1013.0,1012.0,1013.0,1011.0,1009.0,16.0,16.0,16.0,16.0,16.0,16.0,16.0,16.0,16.0,14.0,14.0,19.0,5.0,5.0,10.0,0.0,0.0,0.0,35.0,28.5,22.0,70.5,63.5,55.0,88.5,58.5,28.0,1016.0,1014.5,1013.0,16.0,16.0,16.0,16.5,5.5,0.0,-0.7071067811865476,0.0,0.0,-2.0,-3.4641016151377544,0.0,-3.5355339059327378,-2.1213203435596424,0.0,0.0,1.224744871391589,1.4142135623730951,0.0,0.0,0.0,3.5355339059327378,0.7071067811865476,0.0,-0.5773502691896257,-0.5773502691896257,-0.5773502691896257,-1.632993161855452,-3.0550504633038935,-4.618802153517006,-2.886751345948129,-2.886751345948129,-4.041451884327381,0.5773502691896257,1.1547005383792515,1.632993161855452,0.0,0.0,0.0,0.0,-2.8284271247461903,0.0
640,29,35.0,35.0,36.0,29.0,28.0,29.0,23.0,21.0,23.0,71.0,70.0,73.0,64.0,63.0,68.0,53.0,57.0,53.0,87.0,90.0,94.0,57.0,60.0,60.0,26.0,30.0,26.0,1016.0,1016.0,1016.0,1014.0,1015.0,1013.0,1013.0,1013.0,1011.0,16.0,16.0,16.0,16.0,16.0,16.0,16.0,16.0,16.0,19.0,14.0,14.0,6.0,5.0,5.0,0.0,0.0,0.0,35.5,29.0,22.0,69.0,64.0,57.0,83.0,56.5,29.5,1016.5,1014.5,1013.5,16.0,16.0,16.0,17.5,6.0,0.0,0.7071067811865476,0.7071067811865476,0.0,-2.7386127875258306,0.7071067811865476,4.898979485566356,-6.041522986797286,-2.23606797749979,4.06201920231798,0.7071067811865476,0.0,0.7071067811865476,0.0,0.0,0.0,2.8284271247461903,0.7071067811865476,0.0,0.0,0.0,-1.1547005383792515,-2.8284271247461903,-2.8284271247461903,4.618802153517006,-5.446711546122731,-1.8257418583505538,4.041451884327381,0.5773502691896257,1.1547005383792515,1.2909944487358056,0.0,0.0,0.0,2.309401076758503,0.5773502691896257,0.0
641,27,36.0,35.0,35.0,29.0,29.0,28.0,21.0,23.0,21.0,67.0,71.0,70.0,64.0,64.0,63.0,61.0,53.0,57.0,79.0,87.0,90.0,56.0,57.0,60.0,33.0,26.0,30.0,1017.0,1016.0,1016.0,1015.0,1014.0,1015.0,1014.0,1013.0,1013.0,16.0,16.0,16.0,16.0,16.0,16.0,16.0,16.0,16.0,16.0,19.0,14.0,6.0,6.0,5.0,0.0,0.0,0.0,35.0,28.0,20.5,68.0,63.0,57.0,84.5,57.0,29.5,1017.5,1015.5,1013.5,16.0,16.0,15.0,16.0,4.5,0.0,-1.224744871391589,-1.4142135623730951,-1.5811388300841898,-2.449489742783178,-1.4142135623730951,0.0,5.338539126015656,1.224744871391589,0.0,1.0,1.0,0.0,0.0,0.0,-1.4142135623730951,-2.1213203435596424,-2.1213203435596424,0.0,-1.0,-1.0,-0.5773502691896257,-1.9148542155126762,-1.0,-2.309401076758503,4.0,-1.4142135623730951,-2.309401076758503,0.816496580927726,0.5773502691896257,0.0,0.0,0.0,-1.1547005383792515,2.309401076758503,-1.632993161855452,0.0
642,28,34.0,36.0,35.0,27.0,29.0,29.0,20.0,21.0,23.0,69.0,67.0,71.0,62.0,64.0,64.0,53.0,61.0,53.0,90.0,79.0,87.0,58.0,56.0,57.0,26.0,33.0,26.0,1018.0,1017.0,1016.0,1016.0,1015.0,1014.0,1013.0,1014.0,1013.0,16.0,16.0,16.0,16.0,16.0,16.0,14.0,16.0,16.0,16.0,16.0,19.0,3.0,6.0,6.0,0.0,0.0,0.0,34.5,27.5,20.5,66.5,60.0,52.5,81.5,53.5,25.0,1017.5,1016.0,1013.5,16.0,16.0,15.0,16.0,3.0,0.0,-1.224744871391589,-1.224744871391589,0.0,-3.24037034920393,-3.1622776601683795,-5.70087712549569,-9.16515138991168,-6.2048368229954285,-5.1478150704935,0.0,0.7071067811865476,0.0,0.0,0.0,0.0,0.0,-2.1213203435596424,0.0,-0.816496580927726,-1.0,-1.1547005383792515,-3.5118845842842465,-2.581988897471611,-0.5773502691896257,-8.793937305515279,-5.0990195135927845,-1.1547005383792515,0.5773502691896257,0.816496580927726,0.5773502691896257,0.0,0.0,0.0,-1.7320508075688772,-1.7320508075688772,0.0
643,29,35.0,34.0,36.0,28.0,27.0,29.0,21.0,20.0,21.0,64.0,69.0,67.0,58.0,62.0,64.0,52.0,53.0,61.0,73.0,90.0,79.0,49.0,58.0,56.0,24.0,26.0,33.0,1017.0,1018.0,1017.0,1016.0,1016.0,1015.0,1014.0,1013.0,1014.0,16.0,16.0,16.0,16.0,16.0,16.0,16.0,14.0,16.0,16.0,16.0,16.0,3.0,3.0,6.0,0.0,0.0,0.0,35.5,28.5,21.5,65.5,61.0,56.0,76.0,53.5,30.0,1017.0,1016.0,1014.0,16.0,16.0,16.0,17.5,3.0,0.0,1.0,1.0,1.0,-2.8284271247461903,3.1622776601683795,5.612486080160912,-11.247221879201993,0.0,8.366600265340756,-0.7071067811865476,0.0,0.7071067811865476,0.0,0.0,1.4142135623730951,2.1213203435596424,0.0,0.0,-0.816496580927726,-0.816496580927726,0.5773502691896257,-2.0,2.309401076758503,-0.5773502691896257,-6.6332495807108,1.1547005383792515,5.507570547286102,0.0,0.5773502691896257,0.0,0.0,0.0,0.0,1.7320508075688772,-1.7320508075688772,0.0
644,28,36.0,35.0,34.0,29.0,28.0,27.0,22.0,21.0,20.0,67.0,64.0,69.0,64.0,58.0,62.0,60.0,52.0,53.0,79.0,73.0,90.0,58.0,49.0,58.0,36.0,24.0,26.0,1017.0,1017.0,1018.0,1016.0,1016.0,1016.0,1014.0,1014.0,1013.0,16.0,16.0,16.0,16.0,16.0,16.0,16.0,16.0,14.0,19.0,16.0,16.0,3.0,3.0,3.0,0.0,0.0,0.0,35.5,28.5,21.0,66.0,61.5,55.5,81.5,56.0,30.0,1016.5,1015.0,1012.5,16.0,16.0,16.0,19.0,4.0,0.0,0.0,0.0,-1.224744871391589,1.5811388300841898,2.345207879911715,-2.9154759474226504,5.522680508593631,5.70087712549569,0.0,-0.7071067811865476,-1.4142135623730951,-2.1213203435596424,0.0,0.0,0.0,2.1213203435596424,1.4142135623730951,0.0,0.5773502691896257,0.5773502691896257,-0.816496580927726,-2.581988897471611,-1.2909944487358056,-2.449489742783178,-8.717797887081348,-2.309401076758503,-1.1547005383792515,-0.816496580927726,-1.1547005383792515,-1.632993161855452,0.0,0.0,1.1547005383792515,1.7320508075688772,1.1547005383792515,0.0
645,27,35.0,36.0,35.0,28.0,29.0,28.0,20.0,22.0,21.0,65.0,67.0,64.0,59.0,64.0,58.0,51.0,60.0,52.0,84.0,79.0,73.0,54.0,58.0,49.0,24.0,36.0,24.0,1016.0,1017.0,1017.0,1014.0,1016.0,1016.0,1011.0,1014.0,1014.0,16.0,16.0,16.0,16.0,16.0,16.0,16.0,16.0,16.0,19.0,19.0,16.0,5.0,3.0,3.0,0.0,0.0,0.0,35.0,27.5,19.5,66.0,59.0,51.5,80.0,52.0,24.0,1015.0,1013.0,1010.0,16.0,16.0,16.0,20.0,4.0,0.0,-0.7071067811865476,-1.0,-1.5811388300841898,0.0,-3.5355339059327378,-6.324555320336759,-4.415880433163924,-4.0,-8.48528137423857,-1.5811388300841898,-2.0,-2.5495097567963922,0.0,0.0,0.0,1.4142135623730951,0.0,0.0,0.0,-0.5773502691896257,-1.1547005383792515,1.7320508075688772,1.9148542155126762,-2.309401076758503,-1.0,4.041451884327381,0.0,-1.2909944487358056,-1.632993161855452,-2.0816659994661326,0.0,0.0,0.0,2.0816659994661326,0.0,0.0
646,26,35.0,35.0,36.0,27.0,28.0,29.0,19.0,20.0,22.0,67.0,65.0,67.0,59.0,59.0,64.0,52.0,51.0,60.0,76.0,84.0,79.0,50.0,54.0,58.0,24.0,24.0,36.0,1014.0,1016.0,1017.0,1012.0,1014.0,1016.0,1009.0,1011.0,1014.0,16.0,16.0,16.0,16.0,16.0,16.0,16.0,16.0,16.0,21.0,19.0,19.0,3.0,5.0,3.0,0.0,0.0,0.0,33.5,26.5,20.0,66.5,61.0,56.0,83.0,57.0,31.0,1013.0,1011.0,1008.5,16.0,16.0,13.5,20.0,4.0,0.0,-2.1213203435596424,-1.0,1.224744871391589,1.224744871391589,2.8284271247461903,5.70087712549569,8.12403840463596,9.486832980505138,9.899494936611665,-2.0,-2.0,-1.5811388300841898,0.0,0.0,-3.5355339059327378,0.0,0.0,0.0,-1.8257418583505538,-1.0,-0.5773502691896257,-0.5773502691896257,-1.7320508075688772,-2.309401076758503,7.234178138070235,7.393691004272944,4.163331998932265,-1.7320508075688772,-2.0,-2.160246899469287,0.0,0.0,-2.886751345948129,0.0,1.1547005383792515,0.0
647,27,32.0,35.0,35.0,26.0,27.0,28.0,21.0,19.0,20.0,66.0,67.0,65.0,63.0,59.0,59.0,60.0,52.0,51.0,90.0,76.0,84.0,64.0,50.0,54.0,38.0,24.0,24.0,1012.0,1014.0,1016.0,1010.0,1012.0,1014.0,1008.0,1009.0,1011.0,16.0,16.0,16.0,16.0,16.0,16.0,11.0,16.0,16.0,19.0,21.0,19.0,5.0,3.0,5.0,0.0,0.0,0.0,33.0,26.5,20.0,66.0,63.5,61.0,88.5,63.5,38.0,1012.5,1010.5,1009.0,16.0,16.0,13.5,17.5,4.0,0.0,-1.5811388300841898,0.0,0.0,-0.7071067811865476,2.9154759474226504,5.830951894845301,9.669539802906858,9.874208829065749,9.899494936611665,-1.224744871391589,-1.224744871391589,1.224744871391589,0.0,0.0,0.0,-2.5495097567963922,0.0,0.0,-1.2909944487358056,-0.5773502691896257,-0.5773502691896257,1.0,2.3804761428476167,4.795831523312719,6.4031242374328485,7.724420150837645,8.082903768654761,-1.5275252316519468,-1.5275252316519468,-0.5773502691896257,0.0,0.0,0.0,-1.7320508075688772,-1.1547005383792515,0.0
648,28,34.0,32.0,35.0,27.0,26.0,27.0,19.0,21.0,19.0,66.0,66.0,67.0,64.0,63.0,59.0,62.0,60.0,52.0,87.0,90.0,76.0,63.0,64.0,50.0,38.0,38.0,24.0,1013.0,1012.0,1014.0,1011.0,1010.0,1012.0,1010.0,1008.0,1009.0,16.0,16.0,16.0,16.0,16.0,16.0,16.0,11.0,16.0,16.0,19.0,21.0,3.0,5.0,3.0,0.0,0.0,0.0,34.5,27.5,20.0,65.5,63.0,60.0,85.5,59.5,33.0,1014.5,1012.5,1011.5,16.0,16.0,16.0,16.0,3.0,0.0,1.5811388300841898,1.0,0.0,-0.7071067811865476,-1.224744871391589,-2.449489742783178,-3.0,-5.0,-7.0710678118654755,2.23606797749979,2.23606797749979,2.5495097567963922,0.0,0.0,3.5355339059327378,-2.1213203435596424,-1.4142135623730951,0.0,-1.1547005383792515,0.5773502691896257,1.1547005383792515,-0.816496580927726,2.0816659994661326,4.163331998932265,7.702813338860896,6.97614984548545,5.656854249492381,1.4142135623730951,1.4142135623730951,2.0,0.0,0.0,0.0,-2.0816659994661326,0.0,0.0
649,28,35.0,34.0,32.0,28.0,27.0,26.0,21.0,19.0,21.0,65.0,66.0,66.0,62.0,64.0,63.0,58.0,62.0,60.0,84.0,87.0,90.0,56.0,63.0,64.0,28.0,38.0,38.0,1016.0,1013.0,1012.0,1014.0,1011.0,1010.0,1013.0,1010.0,1008.0,16.0,16.0,16.0,16.0,16.0,16.0,16.0,16.0,11.0,16.0,16.0,19.0,3.0,3.0,5.0,0.0,0.0,0.0,34.5,28.0,21.0,64.0,61.0,57.5,78.5,54.0,29.0,1017.5,1015.0,1013.5,16.0,15.0,9.0,17.5,4.5,0.0,0.0,0.7071067811865476,1.4142135623730951,-1.5811388300841898,-2.0,-2.9154759474226504,-8.06225774829855,-5.70087712549569,-6.928203230275509,3.0,2.5495097567963922,2.23606797749979,0.0,-1.4142135623730951,-9.899494936611665,2.1213203435596424,2.1213203435596424,0.0,1.1547005383792515,0.816496580927726,0.0,-1.2909944487358056,-1.5275252316519468,-2.0816659994661326,-6.8068592855540455,-4.69041575982343,-5.656854249492381,2.516611478423583,2.160246899469287,2.160246899469287,0.0,-1.1547005383792515,-7.54983443527075,0.0,1.2909944487358056,0.0
650,26,34.0,35.0,34.0,28.0,28.0,27.0,21.0,21.0,19.0,63.0,65.0,66.0,60.0,62.0,64.0,57.0,58.0,62.0,73.0,84.0,87.0,52.0,56.0,63.0,30.0,28.0,38.0,1019.0,1016.0,1013.0,1016.0,1014.0,1011.0,1014.0,1013.0,1010.0,16.0,16.0,16.0,14.0,16.0,16.0,2.0,16.0,16.0,19.0,16.0,16.0,6.0,3.0,3.0,0.0,0.0,0.0,33.0,27.0,20.0,60.5,55.0,48.5,70.5,48.5,26.0,1018.5,1015.5,1013.0,16.0,15.0,9.0,19.0,7.0,0.0,-1.5811388300841898,-1.4142135623730951,-1.4142135623730951,-3.8078865529319543,-7.211102550927978,-12.041594578792296,-8.54400374531753,-5.70087712549569,-5.477225575051661,2.0,1.224744871391589,-1.224744871391589,0.0,0.0,0.0,2.1213203435596424,2.5495097567963922,0.0,-1.1547005383792515,-1.0,0.0,-3.1622776601683795,-6.0,-10.099504938362077,-7.187952884282608,-6.164414002968976,-7.302967433402215,2.3804761428476167,2.0,1.4142135623730951,0.0,0.0,0.0,1.7320508075688772,2.0816659994661326,0.0
651,22,32.0,34.0,35.0,26.0,28.0,28.0,19.0,21.0,21.0,58.0,63.0,65.0,50.0,60.0,62.0,40.0,57.0,58.0,68.0,73.0,84.0,45.0,52.0,56.0,22.0,30.0,28.0,1018.0,1019.0,1016.0,1015.0,1016.0,1014.0,1012.0,1014.0,1013.0,16.0,16.0,16.0,16.0,14.0,16.0,16.0,2.0,16.0,19.0,19.0,16.0,8.0,6.0,3.0,0.0,0.0,0.0,31.5,24.0,16.0,51.5,46.5,40.0,62.5,42.5,22.0,1016.0,1013.5,1010.5,16.0,16.0,16.0,16.0,6.5,0.0,-1.5811388300841898,-3.1622776601683795,-4.47213595499958,-9.848857801796104,-8.631338250816034,-12.020815280171307,-8.54400374531753,-6.082762530298219,-5.656854249492381,-2.9154759474226504,-2.23606797749979,-2.5495097567963922,0.0,1.4142135623730951,9.899494936611665,-4.242640687119285,-1.5811388300841898,0.0,-1.4142135623730951,-2.581988897471611,-3.6514837167011076,-8.12403840463596,-7.14142842854285,-9.83192080250175,-9.433981132056603,-5.477225575051661,-4.47213595499958,-1.632993161855452,-1.4142135623730951,-2.0,0.0,0.0,0.0,-3.0,1.1547005383792515,0.0
652,23,31.0,32.0,34.0,22.0,26.0,28.0,13.0,19.0,21.0,45.0,58.0,63.0,43.0,50.0,60.0,40.0,40.0,57.0,57.0,68.0,73.0,40.0,45.0,52.0,22.0,22.0,30.0,1014.0,1018.0,1019.0,1012.0,1015.0,1016.0,1009.0,1012.0,1014.0,16.0,16.0,16.0,16.0,16.0,14.0,16.0,16.0,2.0,13.0,19.0,19.0,5.0,8.0,6.0,0.0,0.0,0.0,31.0,22.5,14.0,47.5,45.0,42.0,62.0,42.5,22.5,1015.5,1013.0,1010.5,16.0,16.0,16.0,13.0,4.0,0.0,-0.7071067811865476,-2.7386127875258306,-4.0,-8.48528137423857,-4.06201920231798,2.8284271247461903,-3.24037034920393,0.0,0.7071067811865476,-1.8708286933869707,-1.5811388300841898,0.0,0.0,0.0,0.0,-4.242640687119285,-2.5495097567963922,0.0,-1.2909944487358056,-2.516611478423583,-3.4641016151377544,-7.505553499465135,-6.658328118479393,-9.539392014169456,-3.9157800414902435,-4.041451884327381,-4.58257569495584,-1.632993161855452,-1.4142135623730951,-1.1547005383792515,0.0,1.1547005383792515,8.082903768654761,-3.4641016151377544,-1.7320508075688772,0.0
653,24,31.0,31.0,32.0,23.0,22.0,26.0,15.0,13.0,19.0,50.0,45.0,58.0,47.0,43.0,50.0,44.0,40.0,40.0,67.0,57.0,68.0,45.0,40.0,45.0,23.0,22.0,22.0,1017.0,1014.0,1018.0,1014.0,1012.0,1015.0,1012.0,1009.0,1012.0,16.0,16.0,16.0,16.0,16.0,16.0,16.0,16.0,16.0,13.0,13.0,19.0,3.0,5.0,8.0,0.0,0.0,0.0,30.0,23.5,17.0,53.0,49.5,46.0,62.0,45.0,27.5,1018.0,1015.5,1013.5,16.0,16.0,16.0,13.5,3.0,0.0,-1.4142135623730951,1.0,3.1622776601683795,5.522680508593631,4.527692569068709,4.0,0.0,3.5355339059327378,6.4031242374328485,2.5495097567963922,2.5495097567963922,3.0,0.0,0.0,0.0,0.7071067811865476,-1.4142135623730951,0.0,-1.2909944487358056,-2.160246899469287,-2.309401076758503,-6.0,-1.632993161855452,3.265986323710904,-6.3508529610858835,0.0,5.228129047119374,-1.0,1.1547005383792515,1.7320508075688772,0.0,0.0,0.0,-3.415650255319866,-2.0816659994661326,0.0
654,25,29.0,31.0,31.0,24.0,23.0,22.0,19.0,15.0,13.0,56.0,50.0,45.0,52.0,47.0,43.0,48.0,44.0,40.0,57.0,67.0,57.0,45.0,45.0,40.0,32.0,23.0,22.0,1019.0,1017.0,1014.0,1017.0,1014.0,1012.0,1015.0,1012.0,1009.0,16.0,16.0,16.0,16.0,16.0,16.0,16.0,16.0,16.0,14.0,13.0,13.0,3.0,3.0,5.0,0.0,0.0,0.0,30.5,24.5,18.0,56.0,52.5,48.5,60.0,44.5,28.0,1020.0,1017.5,1015.5,16.0,16.0,16.0,13.5,4.0,0.0,1.5811388300841898,1.0,2.449489742783178,4.242640687119285,3.605551275463989,2.9154759474226504,-5.656854249492381,-0.7071067811865476,2.9154759474226504,2.0,2.23606797749979,2.23606797749979,0.0,0.0,0.0,0.0,1.4142135623730951,0.0,1.2909944487358056,1.0,2.309401076758503,4.509249752822894,3.7416573867739413,3.3166247903554,3.4641016151377544,2.8284271247461903,2.449489742783178,2.3804761428476167,2.160246899469287,2.516611478423583,0.0,0.0,0.0,0.0,0.0,0.0
655,25,32.0,29.0,31.0,25.0,24.0,23.0,17.0,19.0,15.0,56.0,56.0,50.0,53.0,52.0,47.0,49.0,48.0,44.0,63.0,57.0,67.0,44.0,45.0,45.0,24.0,32.0,23.0,1021.0,1019.0,1017.0,1018.0,1017.0,1014.0,1016.0,1015.0,1012.0,16.0,16.0,16.0,16.0,16.0,16.0,16.0,16.0,16.0,13.0,14.0,13.0,5.0,3.0,3.0,0.0,0.0,0.0,32.5,25.0,17.0,59.5,55.5,51.0,67.5,49.0,30.0,1020.0,1017.5,1015.5,16.0,16.0,16.0,16.0,5.0,0.0,2.23606797749979,0.7071067811865476,-1.4142135623730951,4.949747468305833,3.605551275463989,2.9154759474226504,7.648529270389178,7.035623639735144,6.324555320336759,0.0,0.0,0.0,0.0,0.0,0.0,4.183300132670378,1.4142135623730951,0.0,1.4142135623730951,0.816496580927726,2.0,5.32290647422377,4.123105625617661,3.3166247903554,2.3804761428476167,5.744562646538029,7.32575365861197,1.1547005383792515,1.7320508075688772,1.7320508075688772,0.0,0.0,0.0,3.4641016151377544,1.1547005383792515,0.0
656,27,33.0,32.0,29.0,25.0,25.0,24.0,17.0,17.0,19.0,63.0,56.0,56.0,58.0,53.0,52.0,53.0,49.0,48.0,72.0,63.0,57.0,54.0,44.0,45.0,36.0,24.0,32.0,1019.0,1021.0,1019.0,1017.0,1018.0,1017.0,1015.0,1016.0,1015.0,16.0,16.0,16.0,16.0,16.0,16.0,16.0,16.0,16.0,19.0,13.0,14.0,5.0,5.0,3.0,0.0,0.0,0.0,33.0,26.0,18.5,66.0,61.0,56.0,81.0,59.0,37.0,1018.5,1016.5,1014.5,16.0,16.0,16.0,17.5,5.0,0.0,0.7071067811865476,1.4142135623730951,2.1213203435596424,6.519202405202649,5.522680508593631,5.0990195135927845,14.230249470757707,10.0,8.602325267042627,-1.5811388300841898,-1.0,-1.0,0.0,0.0,0.0,3.6742346141747673,0.0,0.0,1.8257418583505538,1.2909944487358056,1.2909944487358056,5.32290647422377,4.546060565661952,4.203173404306164,12.12435565298214,8.144527815247077,5.291502622129181,-0.5773502691896257,-0.5773502691896257,-0.5773502691896257,0.0,0.0,0.0,2.943920288775949,1.1547005383792515,0.0
657,27,33.0,33.0,32.0,27.0,25.0,25.0,20.0,17.0,17.0,69.0,63.0,56.0,64.0,58.0,53.0,59.0,53.0,49.0,90.0,72.0,63.0,64.0,54.0,44.0,38.0,36.0,24.0,1018.0,1019.0,1021.0,1016.0,1017.0,1018.0,1014.0,1015.0,1016.0,16.0,16.0,16.0,16.0,16.0,16.0,16.0,16.0,16.0,16.0,19.0,13.0,5.0,5.0,5.0,0.0,0.0,0.0,32.0,27.0,21.0,67.5,64.0,60.5,84.5,63.0,41.5,1019.5,1017.0,1015.5,16.0,16.0,15.0,14.5,4.0,0.0,-1.4142135623730951,1.4142135623730951,2.5495097567963922,3.6742346141747673,4.242640687119285,4.743416490252569,10.074720839804943,6.928203230275509,5.1478150704935,2.0,1.224744871391589,2.0,0.0,0.0,-1.4142135623730951,-3.0,-1.4142135623730951,0.0,-1.0,1.1547005383792515,2.0816659994661326,5.033222956847166,4.509249752822894,4.509249752822894,9.72967967955095,8.082903768654761,8.103497187428813,1.1547005383792515,0.816496580927726,1.5275252316519468,0.0,0.0,-1.1547005383792515,2.449489742783178,-1.1547005383792515,0.0
658,26,31.0,33.0,33.0,27.0,27.0,25.0,22.0,20.0,17.0,66.0,69.0,63.0,64.0,64.0,58.0,62.0,59.0,53.0,79.0,90.0,72.0,62.0,64.0,54.0,45.0,38.0,36.0,1021.0,1018.0,1019.0,1018.0,1016.0,1017.0,1017.0,1014.0,1015.0,16.0,16.0,16.0,16.0,16.0,16.0,14.0,16.0,16.0,13.0,16.0,19.0,3.0,5.0,5.0,0.0,0.0,0.0,31.5,26.5,20.5,64.0,61.5,60.0,78.5,59.0,39.5,1022.0,1019.0,1017.0,16.0,16.0,15.0,14.5,4.0,0.0,-1.224744871391589,-0.7071067811865476,-1.5811388300841898,-3.5355339059327378,-3.5355339059327378,-1.8708286933869707,-7.810249675906654,-4.47213595499958,-6.0,2.5495097567963922,2.0,2.1213203435596424,0.0,0.0,0.0,0.0,0.0,0.0,-1.0,1.0,1.1547005383792515,1.9148542155126762,1.9148542155126762,3.1091263510296048,8.205689083394114,4.47213595499958,-4.760952285695233,2.0,1.5275252316519468,1.632993161855452,0.0,0.0,0.0,-1.7320508075688772,0.0,0.0
659,27,32.0,31.0,33.0,26.0,27.0,27.0,19.0,22.0,20.0,62.0,66.0,69.0,59.0,64.0,64.0,58.0,62.0,59.0,78.0,79.0,90.0,56.0,62.0,64.0,34.0,45.0,38.0,1023.0,1021.0,1018.0,1020.0,1018.0,1016.0,1017.0,1017.0,1014.0,16.0,16.0,16.0,16.0,16.0,16.0,16.0,14.0,16.0,16.0,13.0,16.0,5.0,3.0,5.0,0.0,0.0,0.0,33.5,26.5,18.5,63.0,60.0,58.5,78.0,55.5,32.5,1020.5,1016.5,1013.0,16.0,16.0,16.0,18.5,5.5,0.0,2.23606797749979,0.0,-2.23606797749979,-2.449489742783178,-3.24037034920393,-2.7386127875258306,-0.7071067811865476,-4.301162633521313,-8.06225774829855,-3.24037034920393,-4.743416490252569,-5.656854249492381,0.0,0.0,1.4142135623730951,4.123105625617661,1.5811388300841898,0.0,1.4142135623730951,0.0,-1.4142135623730951,-2.6457513110645907,-2.6457513110645907,-1.4142135623730951,-6.377042156569663,-3.696845502136472,-5.196152422706632,-2.0,-3.696845502136472,-4.281744192888376,0.0,0.0,0.0,2.886751345948129,0.5773502691896257,0.0
660,30,35.0,32.0,31.0,27.0,26.0,27.0,18.0,19.0,22.0,64.0,62.0,66.0,61.0,59.0,64.0,59.0,58.0,62.0,78.0,78.0,79.0,55.0,56.0,62.0,31.0,34.0,45.0,1018.0,1023.0,1021.0,1013.0,1020.0,1018.0,1009.0,1017.0,1017.0,16.0,16.0,16.0,16.0,16.0,16.0,16.0,16.0,14.0,21.0,16.0,13.0,6.0,5.0,3.0,0.0,0.0,0.0,36.0,28.5,20.0,68.5,64.0,61.5,84.0,58.5,32.0,1014.0,1010.5,1007.5,16.0,15.0,12.0,21.0,8.0,0.0,2.5495097567963922,2.23606797749979,2.7386127875258306,6.519202405202649,4.47213595499958,3.605551275463989,8.48528137423857,4.898979485566356,-1.5811388300841898,-6.670832032063167,-6.082762530298219,-6.041522986797286,0.0,-1.4142135623730951,-5.656854249492381,3.5355339059327378,2.9154759474226504,0.0,2.160246899469287,1.7320508075688772,1.4142135623730951,4.795831523312719,2.23606797749979,1.8257418583505538,6.904105059069326,2.0,-6.48074069840786,-5.32290647422377,-4.83045891539648,-4.932882862316247,0.0,-1.1547005383792515,-4.47213595499958,3.366501646120693,2.6457513110645907,0.0
661,26,37.0,35.0,32.0,30.0,27.0,26.0,22.0,18.0,19.0,73.0,64.0,62.0,67.0,61.0,59.0,64.0,59.0,58.0,90.0,78.0,78.0,62.0,55.0,56.0,33.0,31.0,34.0,1010.0,1018.0,1023.0,1008.0,1013.0,1020.0,1006.0,1009.0,1017.0,16.0,16.0,16.0,14.0,16.0,16.0,8.0,16.0,16.0,21.0,21.0,16.0,10.0,6.0,5.0,0.0,0.0,0.0,35.5,28.0,20.0,73.0,56.0,46.0,84.5,53.5,21.5,1013.5,1011.5,1008.5,16.0,15.0,12.0,20.0,9.0,0.0,-1.5811388300841898,-1.8708286933869707,0.0,6.363961030678928,-14.966629547095765,-25.20912533191106,3.391164991562634,-10.954451150103322,-16.20185174601965,-2.7386127875258306,3.4641016151377544,2.8284271247461903,0.0,0.0,0.0,-1.4142135623730951,2.449489742783178,0.0,1.1547005383792515,-1.4142135623730951,-0.5773502691896257,5.32290647422377,-12.165525060596439,-20.575065816014618,2.7688746209726918,-8.962886439832502,-13.341664064126334,-3.6514837167011076,-2.886751345948129,-4.0,0.0,0.0,0.0,2.6457513110645907,2.0816659994661326,0.0
662,26,34.0,37.0,35.0,26.0,30.0,27.0,18.0,22.0,18.0,73.0,73.0,64.0,45.0,67.0,61.0,28.0,64.0,59.0,79.0,90.0,78.0,45.0,62.0,55.0,10.0,33.0,31.0,1017.0,1010.0,1018.0,1015.0,1008.0,1013.0,1011.0,1006.0,1009.0,16.0,16.0,16.0,16.0,14.0,16.0,16.0,8.0,16.0,19.0,21.0,21.0,8.0,10.0,6.0,0.0,0.0,0.0,35.0,26.0,17.0,61.0,43.0,31.5,69.5,40.5,11.0,1018.0,1016.0,1013.0,16.0,16.0,12.0,16.5,6.5,0.0,-1.5811388300841898,-2.8284271247461903,-3.1622776601683795,-16.97056274847714,-15.811388300841896,-24.969981978367546,-15.524174696260024,-13.601470508735444,-16.20185174601965,5.1478150704935,5.1478150704935,4.527692569068709,0.0,1.4142135623730951,0.0,-3.8078865529319543,-2.5495097567963922,0.0,-0.5773502691896257,-1.5275252316519468,-1.1547005383792515,-12.84523257866513,-12.436505404118419,-20.182500670960803,-10.614455552060438,-10.344080432788601,-13.178264933847197,-1.9148542155126762,3.0550504633038935,3.265986323710904,0.0,0.0,-4.618802153517006,-3.1091263510296048,1.0,0.0
663,26,36.0,34.0,37.0,26.0,26.0,30.0,16.0,18.0,22.0,49.0,73.0,73.0,41.0,45.0,67.0,35.0,28.0,64.0,60.0,79.0,90.0,36.0,45.0,62.0,12.0,10.0,33.0,1019.0,1017.0,1010.0,1017.0,1015.0,1008.0,1015.0,1011.0,1006.0,16.0,16.0,16.0,16.0,16.0,14.0,8.0,16.0,8.0,14.0,19.0,21.0,5.0,8.0,10.0,0.0,0.0,0.0,35.5,26.0,16.5,58.0,48.5,40.5,73.5,45.5,17.5,1019.5,1017.5,1015.5,16.0,16.0,9.5,16.5,5.5,0.0,1.224744871391589,0.0,-1.224744871391589,-11.224972160321824,10.222524150130436,9.219544457292887,13.564659966250536,11.832159566199232,7.905694150420948,1.5811388300841898,1.5811388300841898,2.9154759474226504,0.0,0.0,-5.244044240850758,0.0,-2.0,0.0,-1.4142135623730951,-2.309401076758503,-2.516611478423583,-9.16515138991168,-9.574271077563381,-19.37352144896052,9.073771725877465,-1.7320508075688772,-11.604596790352806,4.242640687119285,4.242640687119285,3.7416573867739413,0.0,1.1547005383792515,1.7320508075688772,-1.1547005383792515,-2.0,0.0
664,24,35.0,36.0,34.0,26.0,26.0,26.0,17.0,16.0,18.0,67.0,49.0,73.0,56.0,41.0,45.0,46.0,35.0,28.0,87.0,60.0,79.0,55.0,36.0,45.0,23.0,12.0,10.0,1020.0,1019.0,1017.0,1018.0,1017.0,1015.0,1016.0,1015.0,1011.0,16.0,16.0,16.0,16.0,16.0,16.0,11.0,8.0,16.0,19.0,14.0,19.0,6.0,5.0,8.0,0.0,0.0,0.0,33.5,25.0,17.0,66.5,56.0,47.0,90.0,57.5,24.5,1021.5,1019.5,1017.5,16.0,16.0,13.5,19.0,4.5,0.0,-2.23606797749979,-1.4142135623730951,0.7071067811865476,12.708265027138834,10.606601717798213,7.905694150420948,19.557607215607945,13.892443989449804,8.06225774829855,2.23606797749979,2.23606797749979,2.23606797749979,0.0,0.0,4.123105625617661,3.5355339059327378,-2.0,0.0,-1.4142135623730951,-1.1547005383792515,-1.0,-9.183318209303941,8.34665601703261,7.615773105863909,11.604596790352806,10.082988974836116,6.683312551921141,2.160246899469287,2.160246899469287,2.943920288775949,0.0,0.0,-3.1622776601683795,0.0,-2.3804761428476167,0.0
665,24,32.0,35.0,36.0,24.0,26.0,26.0,17.0,17.0,16.0,66.0,67.0,49.0,56.0,56.0,41.0,48.0,46.0,35.0,93.0,87.0,60.0,60.0,55.0,36.0,26.0,23.0,12.0,1023.0,1020.0,1019.0,1021.0,1018.0,1017.0,1019.0,1016.0,1015.0,16.0,16.0,16.0,16.0,16.0,16.0,16.0,11.0,8.0,19.0,19.0,14.0,3.0,6.0,5.0,0.0,0.0,0.0,31.5,24.0,17.0,60.0,52.0,45.0,80.0,53.0,25.5,1024.5,1022.0,1020.5,16.0,16.0,16.0,16.5,4.5,0.0,-2.23606797749979,-1.4142135623730951,0.0,-8.514693182963201,-5.656854249492381,-4.0,-17.88854381999832,-9.246621004453464,2.0,3.0,2.5495097567963922,3.0,0.0,0.0,3.5355339059327378,-3.5355339059327378,0.0,0.0,-1.9148542155126762,-1.1547005383792515,0.5773502691896257,7.724420150837645,7.32575365861197,5.446711546122731,5.446711546122731,7.958224257542215,6.557438524302,2.516611478423583,2.160246899469287,2.516611478423583,0.0,0.0,3.366501646120693,0.0,0.5773502691896257,0.0
666,22,31.0,32.0,35.0,24.0,24.0,26.0,17.0,17.0,17.0,54.0,66.0,67.0,48.0,56.0,56.0,42.0,48.0,46.0,67.0,93.0,87.0,46.0,60.0,55.0,25.0,26.0,23.0,1026.0,1023.0,1020.0,1023.0,1021.0,1018.0,1022.0,1019.0,1016.0,16.0,16.0,16.0,16.0,16.0,16.0,16.0,16.0,11.0,14.0,19.0,19.0,6.0,3.0,6.0,0.0,0.0,0.0,30.0,23.0,15.5,48.0,41.5,35.5,59.0,39.5,19.5,1027.0,1024.0,1022.5,16.0,16.0,16.0,14.0,6.0,0.0,-1.5811388300841898,-1.4142135623730951,-2.1213203435596424,-12.0,-10.793516572461451,-10.124228365658293,-21.587033144922902,-13.509256086106296,-7.810249675906654,2.5495097567963922,2.0,2.23606797749979,0.0,0.0,0.0,-3.5355339059327378,2.1213203435596424,0.0,-2.160246899469287,-1.632993161855452,-1.7320508075688772,-9.814954576223638,-8.812869377601524,-8.18535277187245,-17.281975195754296,-10.64581294844754,-6.137317546507322,2.70801280154532,2.3804761428476167,2.516611478423583,0.0,0.0,2.886751345948129,-2.886751345948129,0.0,0.0
667,21,29.0,31.0,32.0,22.0,24.0,24.0,14.0,17.0,17.0,42.0,54.0,66.0,35.0,48.0,56.0,29.0,42.0,48.0,51.0,67.0,93.0,33.0,46.0,60.0,14.0,25.0,26.0,1028.0,1026.0,1023.0,1025.0,1023.0,1021.0,1023.0,1022.0,1019.0,16.0,16.0,16.0,16.0,16.0,16.0,16.0,16.0,16.0,14.0,14.0,19.0,6.0,6.0,3.0,0.0,0.0,0.0,29.5,21.5,13.0,47.5,40.0,33.5,59.0,39.5,19.5,1026.5,1023.5,1021.0,16.0,16.0,16.0,16.5,6.0,0.0,-1.224744871391589,-1.5811388300841898,-2.5495097567963922,-3.391164991562634,-5.873670062235365,-6.6332495807108,0.0,0.0,0.0,-1.5811388300841898,-1.5811388300841898,-2.7386127875258306,0.0,0.0,0.0,3.5355339059327378,0.0,0.0,-1.1547005383792515,-1.2909944487358056,-2.0816659994661326,-7.461009761866464,-6.658328118479393,-6.429100507328637,-15.01110699893027,-8.082903768654761,-0.5773502691896257,1.1547005383792515,-0.5773502691896257,-1.4142135623730951,0.0,0.0,0.0,0.0,1.7320508075688772,0.0
668,23,30.0,29.0,31.0,21.0,22.0,24.0,12.0,14.0,17.0,53.0,42.0,54.0,45.0,35.0,48.0,38.0,29.0,42.0,67.0,51.0,67.0,46.0,33.0,46.0,25.0,14.0,25.0,1025.0,1028.0,1026.0,1022.0,1025.0,1023.0,1019.0,1023.0,1022.0,16.0,16.0,16.0,16.0,16.0,16.0,16.0,16.0,16.0,19.0,14.0,14.0,6.0,6.0,6.0,0.0,0.0,0.0,30.5,22.0,13.0,60.5,51.5,45.0,76.5,53.5,30.0,1023.5,1020.5,1017.5,16.0,16.0,16.0,20.0,6.0,0.0,1.0,1.224744871391589,0.0,13.152946437965905,11.597413504743201,11.76860229593982,17.564168070250297,14.035668847618199,10.51189802081432,-3.0,-3.0,-3.5355339059327378,0.0,0.0,0.0,3.8078865529319543,0.0,0.0,-0.816496580927726,-0.5773502691896257,-1.7320508075688772,8.205689083394114,5.773502691896258,6.0,10.969655114602888,8.660254037844387,5.773502691896258,-2.160246899469287,-2.160246899469287,-2.8284271247461903,0.0,0.0,0.0,3.1091263510296048,0.0,0.0
669,26,31.0,30.0,29.0,23.0,21.0,22.0,14.0,12.0,14.0,68.0,53.0,42.0,58.0,45.0,35.0,52.0,38.0,29.0,86.0,67.0,51.0,61.0,46.0,33.0,35.0,25.0,14.0,1022.0,1025.0,1028.0,1019.0,1022.0,1025.0,1016.0,1019.0,1023.0,16.0,16.0,16.0,16.0,16.0,16.0,16.0,16.0,16.0,21.0,19.0,14.0,6.0,6.0,6.0,0.0,0.0,0.0,30.5,24.5,18.0,69.0,63.0,58.5,88.0,66.0,43.0,1021.0,1018.5,1015.5,16.0,16.0,15.0,23.5,9.5,0.0,0.0,2.5495097567963922,5.830951894845301,10.700467279516348,11.597413504743201,13.509256086106296,13.729530217745982,12.747548783981962,13.341664064126334,-2.5495097567963922,-2.23606797749979,-2.23606797749979,0.0,0.0,-1.4142135623730951,3.8078865529319543,4.949747468305833,0.0,0.5773502691896257,2.0,4.618802153517006,10.801234497346433,11.090536506409418,12.192894105447921,14.52583904633395,12.832251036613439,12.609520212918492,-2.70801280154532,-2.516611478423583,-2.943920288775949,0.0,0.0,-1.1547005383792515,4.242640687119285,4.041451884327381,0.0
670,24,30.0,31.0,30.0,26.0,23.0,21.0,22.0,14.0,12.0,70.0,68.0,53.0,68.0,58.0,45.0,65.0,52.0,38.0,90.0,86.0,67.0,71.0,61.0,46.0,51.0,35.0,25.0,1020.0,1022.0,1025.0,1018.0,1019.0,1022.0,1015.0,1016.0,1019.0,16.0,16.0,16.0,16.0,16.0,16.0,14.0,16.0,16.0,26.0,21.0,19.0,13.0,6.0,6.0,0.0,0.0,0.0,29.0,25.0,21.5,72.0,69.0,66.0,95.0,78.0,60.0,1018.5,1016.5,1013.5,16.0,13.5,8.5,26.0,12.0,2.0,-1.5811388300841898,1.5811388300841898,5.612486080160912,3.1622776601683795,7.211102550927978,9.300537618869138,7.615773105863909,12.165525060596439,17.029386365926403,-2.5495097567963922,-2.23606797749979,-2.23606797749979,0.0,-3.5355339059327378,-7.905694150420948,3.5355339059327378,4.743416490252569,2.8284271247461903,-1.1547005383792515,1.7320508075688772,4.725815626252608,9.03696114115064,9.539392014169456,11.090536506409418,12.609520212918492,13.178264933847197,15.05545305418162,-2.70801280154532,-2.516611478423583,-2.516611478423583,0.0,-2.886751345948129,-6.454972243679028,3.1091263510296048,3.872983346207417,2.309401076758503
671,24,28.0,30.0,31.0,24.0,26.0,23.0,21.0,22.0,14.0,74.0,70.0,68.0,70.0,68.0,58.0,67.0,65.0,52.0,100.0,90.0,86.0,85.0,71.0,61.0,69.0,51.0,35.0,1017.0,1020.0,1022.0,1015.0,1018.0,1019.0,1012.0,1015.0,1016.0,16.0,16.0,16.0,11.0,16.0,16.0,3.0,14.0,16.0,26.0,26.0,21.0,11.0,13.0,6.0,4.0,0.0,0.0,27.5,24.0,21.5,75.0,71.5,68.0,100.0,88.0,75.5,1015.5,1013.5,1011.0,16.0,11.0,2.5,30.0,10.5,7.5,-1.5811388300841898,-1.4142135623730951,0.0,3.1622776601683795,2.5495097567963922,2.0,7.0710678118654755,10.770329614269007,15.700318468107582,-3.0,-3.0,-2.5495097567963922,0.0,-3.5355339059327378,-7.810249675906654,5.656854249492381,-1.5811388300841898,5.70087712549569,-1.4142135623730951,1.2909944487358056,4.618802153517006,2.8284271247461903,6.137317546507322,7.681145747868608,6.2182527020592095,10.519822558706334,15.800843859321775,-2.70801280154532,-2.516611478423583,-2.160246899469287,0.0,-2.886751345948129,-6.48074069840786,5.446711546122731,3.8297084310253524,4.654746681256314
672,20,27.0,28.0,30.0,24.0,24.0,26.0,22.0,21.0,22.0,76.0,74.0,70.0,73.0,70.0,68.0,69.0,67.0,65.0,100.0,100.0,90.0,91.0,85.0,71.0,82.0,69.0,51.0,1014.0,1017.0,1020.0,1012.0,1015.0,1018.0,1010.0,1012.0,1015.0,16.0,16.0,16.0,11.0,11.0,16.0,2.0,3.0,14.0,34.0,26.0,26.0,10.0,11.0,13.0,11.0,4.0,0.0,25.5,22.0,19.0,75.0,69.5,64.5,100.0,92.5,84.5,1015.0,1012.5,1009.5,16.0,8.5,2.0,30.5,12.0,66.5,-2.23606797749979,-2.8284271247461903,-4.183300132670378,0.0,-4.47213595499958,-6.2048368229954285,0.0,4.743416490252569,9.848857801796104,-1.5811388300841898,-2.0,-1.5811388300841898,0.0,-3.5355339059327378,-0.7071067811865476,2.7386127875258306,2.7386127875258306,78.64477096412705,-2.160246899469287,-2.581988897471611,-3.4641016151377544,2.309401076758503,-3.4641016151377544,-4.932882862316247,5.773502691896258,8.962886439832502,13.140268896284683,-2.160246899469287,-2.3804761428476167,-2.160246899469287,0.0,-4.08248290463863,-6.377042156569663,2.23606797749979,1.9148542155126762,64.25470151410453
673,16,24.0,27.0,28.0,20.0,24.0,24.0,16.0,22.0,21.0,74.0,76.0,74.0,66.0,73.0,70.0,60.0,69.0,67.0,100.0,100.0,100.0,94.0,91.0,85.0,87.0,82.0,69.0,1016.0,1014.0,1017.0,1013.0,1012.0,1015.0,1009.0,1010.0,1012.0,16.0,16.0,16.0,6.0,11.0,11.0,2.0,2.0,3.0,27.0,34.0,26.0,14.0,10.0,11.0,122.0,11.0,4.0,21.0,18.0,15.0,66.0,61.5,57.5,100.0,91.5,82.5,1017.0,1015.0,1012.5,16.0,9.5,3.5,27.0,14.0,69.5,-4.743416490252569,-4.0,-4.47213595499958,-11.40175425099138,-8.06225774829855,-7.280109889280518,0.0,-2.8284271247461903,-5.291502622129181,2.0,2.9154759474226504,4.898979485566356,0.0,3.4641016151377544,2.1213203435596424,-4.949747468305833,2.8284271247461903,25.45584412271571,-3.9157800414902435,-3.265986323710904,-3.605551275463989,-9.237604307034012,-6.3508529610858835,-5.830951894845301,0.0,2.581988897471611,6.137317546507322,-0.5773502691896257,1.632993161855452,3.8297084310253524,0.0,2.8284271247461903,1.632993161855452,2.23606797749979,2.23606797749979,21.173883284209662
674,21,18.0,24.0,27.0,16.0,20.0,24.0,14.0,16.0,22.0,58.0,74.0,76.0,57.0,66.0,73.0,55.0,60.0,69.0,100.0,100.0,100.0,89.0,94.0,91.0,78.0,87.0,82.0,1018.0,1016.0,1014.0,1017.0,1013.0,1012.0,1016.0,1009.0,1010.0,16.0,16.0,16.0,13.0,6.0,11.0,5.0,2.0,2.0,27.0,27.0,34.0,14.0,14.0,10.0,17.0,122.0,11.0,22.0,18.5,14.0,57.5,55.5,52.5,89.0,75.5,61.5,1018.0,1016.0,1014.0,16.0,14.5,10.5,25.5,12.0,8.5,3.7416573867739413,2.1213203435596424,-1.4142135623730951,-11.335784048754634,-6.708203932499369,-5.0,-15.556349186104045,-19.4164878389476,-24.186773244895647,1.4142135623730951,2.449489742783178,4.06201920231798,0.0,5.385164807134504,8.06225774829855,-2.1213203435596424,-2.8284271247461903,-75.21303078589507,2.516611478423583,-1.5275252316519468,-3.6514837167011076,-9.327379053088816,-6.8068592855540455,-6.60807586719967,-12.701705922171767,-15.758595538097085,-19.53629101612347,1.632993161855452,2.0816659994661326,3.265986323710904,0.0,3.3166247903554,6.582805886043833,-4.396968652757639,0.0,18.321208111548394
675,22,26.0,18.0,24.0,21.0,16.0,20.0,14.0,14.0,16.0,57.0,58.0,74.0,54.0,57.0,66.0,50.0,55.0,60.0,78.0,100.0,100.0,62.0,89.0,94.0,45.0,78.0,87.0,1018.0,1018.0,1016.0,1015.0,1017.0,1013.0,1012.0,1016.0,1009.0,16.0,16.0,16.0,16.0,13.0,6.0,16.0,5.0,2.0,24.0,27.0,27.0,10.0,14.0,14.0,0.0,17.0,122.0,27.5,21.5,14.0,56.5,53.5,48.5,85.5,61.5,36.5,1016.0,1013.0,1009.5,16.0,16.0,16.0,18.5,7.5,0.0,6.041522986797286,3.605551275463989,0.0,-1.0,-2.23606797749979,-4.123105625617661,-11.379806676741042,-19.1049731745428,-26.248809496813376,-2.8284271247461903,-3.1622776601683795,-4.527692569068709,0.0,2.1213203435596424,7.7781745930520225,-8.06225774829855,-4.527692569068709,-12.020815280171307,3.5118845842842465,1.8257418583505538,-1.1547005383792515,-9.273618495495704,-5.507570547286102,-4.43471156521669,-9.291573243177568,-15.864005379054392,-22.052966542697455,-2.0,-1.1547005383792515,1.632993161855452,0.0,4.396968652757639,6.582805886043833,-6.582805886043833,-3.696845502136472,-61.411182477895125
676,21,29.0,26.0,18.0,22.0,21.0,16.0,14.0,14.0,14.0,56.0,57.0,58.0,53.0,54.0,57.0,47.0,50.0,55.0,93.0,78.0,100.0,61.0,62.0,89.0,28.0,45.0,78.0,1014.0,1018.0,1018.0,1011.0,1015.0,1017.0,1007.0,1012.0,1016.0,16.0,16.0,16.0,16.0,16.0,13.0,16.0,16.0,5.0,13.0,24.0,27.0,5.0,10.0,14.0,0.0,0.0,17.0,28.5,21.5,14.0,55.0,51.5,46.0,85.5,57.0,28.0,1013.5,1011.0,1007.5,16.0,16.0,16.0,21.0,5.5,0.0,2.0,0.0,0.0,-1.5811388300841898,-2.23606797749979,-2.5495097567963922,0.0,-5.70087712549569,-12.020815280171307,-2.9154759474226504,-2.8284271247461903,-3.4641016151377544,0.0,0.0,0.0,8.215838362577491,-3.4641016151377544,0.0,4.898979485566356,2.886751345948129,0.0,-1.4142135623730951,-2.516611478423583,-3.559026084010437,-12.701705922171767,-16.268579122549905,-21.432063207571346,-2.3804761428476167,-2.581988897471611,-3.6514837167011076,0.0,1.7320508075688772,6.3508529610858835,6.48074069840786,-3.6514837167011076,-9.814954576223638
677,19,28.0,29.0,26.0,21.0,22.0,21.0,14.0,14.0,14.0,54.0,56.0,57.0,50.0,53.0,54.0,45.0,47.0,50.0,78.0,93.0,78.0,53.0,61.0,62.0,28.0,28.0,45.0,1013.0,1014.0,1018.0,1011.0,1011.0,1015.0,1008.0,1007.0,1012.0,16.0,16.0,16.0,16.0,16.0,16.0,16.0,16.0,16.0,29.0,13.0,24.0,6.0,5.0,10.0,0.0,0.0,0.0,27.5,20.0,12.5,59.0,52.0,47.0,87.0,59.5,31.5,1014.0,1011.5,1009.0,16.0,16.0,16.0,24.0,6.0,0.0,-1.0,-1.5811388300841898,-2.1213203435596424,6.928203230275509,1.8708286933869707,2.449489742783178,7.035623639735144,7.245688373094719,4.949747468305833,1.224744871391589,0.7071067811865476,1.5811388300841898,0.0,0.0,0.0,8.831760866327848,0.7071067811865476,0.0,1.5275252316519468,-1.1547005383792515,-1.7320508075688772,5.627314338711377,1.4142135623730951,1.0,10.392304845413264,5.887840577551898,-8.94427190999916,-2.0816659994661326,-2.23606797749979,-2.581988897471611,0.0,0.0,0.0,3.415650255319866,-2.8284271247461903,0.0
678,22,27.0,28.0,29.0,19.0,21.0,22.0,11.0,14.0,14.0,64.0,54.0,56.0,54.0,50.0,53.0,49.0,45.0,47.0,96.0,78.0,93.0,66.0,53.0,61.0,35.0,28.0,28.0,1015.0,1013.0,1014.0,1012.0,1011.0,1011.0,1010.0,1008.0,1007.0,16.0,16.0,16.0,16.0,16.0,16.0,16.0,16.0,16.0,19.0,29.0,13.0,6.0,6.0,5.0,0.0,0.0,0.0,25.5,20.5,15.0,68.5,62.0,57.0,98.0,78.0,57.0,1013.5,1009.5,1006.5,16.0,11.0,8.0,33.0,9.5,62.5,-2.23606797749979,1.5811388300841898,5.244044240850758,9.513148795220223,11.661903789690601,11.661903789690601,13.038404810405298,19.300259065618782,31.50396800404673,-1.5811388300841898,-3.4641016151377544,-4.743416490252569,0.0,-7.0710678118654755,-11.313708498984761,18.49324200890693,4.949747468305833,88.38834764831844,-1.9148542155126762,1.1547005383792515,4.281744192888376,7.681145747868608,9.363047936792093,9.451631252505216,6.191391873668904,15.066519173319364,25.72288216096063,-1.4142135623730951,-2.8284271247461903,-3.8297084310253524,0.0,-5.773502691896258,-9.237604307034012,17.701224063135673,4.08248290463863,72.16878364870321
679,22,24.0,27.0,28.0,22.0,19.0,21.0,19.0,11.0,14.0,73.0,64.0,54.0,70.0,54.0,50.0,65.0,49.0,45.0,100.0,96.0,78.0,90.0,66.0,53.0,79.0,35.0,28.0,1012.0,1015.0,1013.0,1007.0,1012.0,1011.0,1003.0,1010.0,1008.0,16.0,16.0,16.0,6.0,16.0,16.0,0.0,16.0,16.0,47.0,19.0,29.0,13.0,6.0,6.0,125.0,0.0,0.0,24.5,22.0,18.5,73.0,67.5,62.0,100.0,86.0,71.5,1012.5,1007.0,1002.5,16.0,9.5,1.0,36.5,9.5,74.0,-2.0,2.1213203435596424,5.612486080160912,6.363961030678928,10.747092630102339,10.488088481701515,2.8284271247461903,16.0,29.248931604419333,-2.0,-3.5355339059327378,-5.0,0.0,-5.049752469181039,-11.224972160321824,13.095800853708795,0.0,51.09305236526782,-1.7320508075688772,1.2909944487358056,4.242640687119285,7.767453465154029,9.073771725877465,8.86942313043338,10.64581294844754,15.066519173319364,24.221202832779934,-1.1547005383792515,-2.8284271247461903,-3.9157800414902435,0.0,-4.123105625617661,-9.16515138991168,9.0,0.0,41.71730256540244
680,19,25.0,24.0,27.0,22.0,22.0,19.0,18.0,19.0,11.0,73.0,73.0,64.0,65.0,70.0,54.0,59.0,65.0,49.0,100.0,100.0,96.0,82.0,90.0,66.0,64.0,79.0,35.0,1013.0,1012.0,1015.0,1007.0,1007.0,1012.0,1002.0,1003.0,1010.0,16.0,16.0,16.0,13.0,6.0,16.0,2.0,0.0,16.0,26.0,47.0,19.0,6.0,13.0,6.0,23.0,125.0,0.0,24.5,20.5,16.5,66.0,61.0,56.0,98.5,78.5,58.5,1015.0,1011.0,1007.5,16.0,14.5,5.0,19.5,5.5,12.5,0.0,-2.1213203435596424,-2.23606797749979,-9.899494936611665,-6.670832032063167,-6.0,-2.1213203435596424,-7.516648189186454,-13.152946437965905,2.9154759474226504,5.656854249492381,7.745966692414834,0.0,5.385164807134504,4.47213595499958,-17.46424919657298,-5.0,-73.63762625180146,-1.7320508075688772,0.0,4.242640687119285,-6.191391873668904,7.461009761866464,7.831560082980487,1.5275252316519468,12.42309676905615,23.021728866442675,1.632993161855452,3.605551275463989,4.864839839775475,0.0,-3.7416573867739413,-8.48528137423857,7.615773105863909,-0.5773502691896257,39.91657967979388
681,20,24.0,25.0,24.0,19.0,22.0,22.0,15.0,18.0,19.0,59.0,73.0,73.0,57.0,65.0,70.0,53.0,59.0,65.0,97.0,100.0,100.0,75.0,82.0,90.0,53.0,64.0,79.0,1017.0,1013.0,1012.0,1015.0,1007.0,1007.0,1013.0,1002.0,1003.0,16.0,16.0,16.0,16.0,13.0,6.0,8.0,2.0,0.0,13.0,26.0,47.0,5.0,6.0,13.0,2.0,23.0,125.0,25.0,19.5,14.5,59.5,57.5,54.0,98.5,75.0,51.5,1017.0,1015.0,1013.0,16.0,12.0,4.0,14.5,5.0,1.0,1.224744871391589,-2.0,-2.23606797749979,-9.874208829065749,-5.612486080160912,-4.0,0.0,-4.949747468305833,-8.06225774829855,2.8284271247461903,5.656854249492381,7.7781745930520225,0.0,-5.244044240850758,-3.7416573867739413,-8.94427190999916,-0.7071067811865476,-14.916433890176299,1.1547005383792515,-1.632993161855452,-1.9148542155126762,-8.06225774829855,-5.41602560309064,-4.760952285695233,0.0,-6.137317546507322,-10.878112581387146,2.3804761428476167,4.618802153517006,6.324555320336759,0.0,-1.4142135623730951,-2.8284271247461903,-14.153915830374764,-4.08248290463863,-60.135957075058954
682,21,26.0,24.0,25.0,20.0,19.0,22.0,14.0,15.0,18.0,60.0,59.0,73.0,58.0,57.0,65.0,55.0,53.0,59.0,100.0,97.0,100.0,75.0,75.0,82.0,50.0,53.0,64.0,1017.0,1017.0,1013.0,1015.0,1015.0,1007.0,1013.0,1013.0,1002.0,16.0,16.0,16.0,8.0,16.0,13.0,0.0,8.0,2.0,16.0,13.0,26.0,5.0,5.0,6.0,0.0,2.0,23.0,26.5,20.5,14.0,61.0,58.5,55.0,100.0,74.5,48.5,1018.0,1015.5,1013.5,16.0,9.5,0.0,16.0,5.0,0.0,1.5811388300841898,1.0,-0.7071067811865476,1.5811388300841898,1.0,1.4142135623730951,2.1213203435596424,-0.7071067811865476,-3.0,1.4142135623730951,0.7071067811865476,0.7071067811865476,0.0,-5.244044240850758,-5.656854249492381,2.1213203435596424,0.0,-1.4142135623730951,1.1547005383792515,-1.5275252316519468,-1.8257418583505538,-7.979139469057215,-4.546060565661952,-3.265986323710904,0.0,-4.08248290463863,-6.8068592855540455,2.581988897471611,4.654746681256314,6.377042156569663,0.0,-3.9157800414902435,-3.0550504633038935,-7.302967433402215,-0.5773502691896257,-12.179217270963408
683,21,27.0,26.0,24.0,21.0,20.0,19.0,14.0,14.0,15.0,62.0,60.0,59.0,59.0,58.0,57.0,55.0,55.0,53.0,100.0,100.0,97.0,74.0,75.0,75.0,47.0,50.0,53.0,1019.0,1017.0,1017.0,1016.0,1015.0,1015.0,1014.0,1013.0,1013.0,16.0,16.0,16.0,11.0,8.0,16.0,0.0,0.0,8.0,16.0,16.0,13.0,5.0,5.0,5.0,0.0,0.0,2.0,26.5,21.0,15.0,65.0,61.5,57.0,100.0,78.0,55.5,1018.5,1016.5,1014.5,16.0,12.5,4.0,18.5,6.5,0.0,0.0,0.7071067811865476,1.4142135623730951,4.47213595499958,3.605551275463989,2.8284271247461903,0.0,5.612486080160912,11.832159566199232,1.224744871391589,1.0,1.0,0.0,3.0,5.656854249492381,3.5355339059327378,2.1213203435596424,0.0,1.1547005383792515,0.816496580927726,1.0,3.696845502136472,3.0,2.581988897471611,1.7320508075688772,4.58257569495584,9.504384952922168,1.0,0.816496580927726,0.816496580927726,0.0,-3.9157800414902435,0.0,3.366501646120693,1.7320508075688772,-1.1547005383792515
684,26,26.0,27.0,26.0,21.0,21.0,20.0,16.0,14.0,14.0,68.0,62.0,60.0,64.0,59.0,58.0,59.0,55.0,55.0,100.0,100.0,100.0,82.0,74.0,75.0,64.0,47.0,50.0,1018.0,1019.0,1017.0,1017.0,1016.0,1015.0,1015.0,1014.0,1013.0,16.0,16.0,16.0,14.0,11.0,8.0,8.0,0.0,0.0,21.0,16.0,16.0,8.0,5.0,5.0,0.0,0.0,0.0,27.5,23.5,19.0,71.0,68.0,64.0,100.0,82.5,64.5,1017.5,1016.0,1013.5,16.0,14.0,5.5,20.0,9.0,0.5,2.0,3.5355339059327378,4.47213595499958,6.0,6.670832032063167,7.615773105863909,0.0,5.70087712549569,12.041594578792296,-1.0,-1.224744871391589,-2.0,0.0,2.1213203435596424,4.415880433163924,3.24037034920393,2.5495097567963922,0.7071067811865476,1.7320508075688772,2.943920288775949,3.6514837167011076,5.033222956847166,5.477225575051661,6.2182527020592095,0.0,4.618802153517006,9.678154093971983,0.816496580927726,-0.816496580927726,-1.5275252316519468,0.0,2.449489742783178,3.605551275463989,2.6457513110645907,2.0816659994661326,0.5773502691896257
685,20,29.0,26.0,27.0,26.0,21.0,21.0,22.0,16.0,14.0,74.0,68.0,62.0,72.0,64.0,59.0,69.0,59.0,55.0,100.0,100.0,100.0,83.0,82.0,74.0,65.0,64.0,47.0,1017.0,1018.0,1019.0,1015.0,1017.0,1016.0,1012.0,1015.0,1014.0,16.0,16.0,16.0,14.0,14.0,11.0,3.0,8.0,0.0,19.0,21.0,16.0,10.0,8.0,5.0,1.0,0.0,0.0,26.5,23.0,18.5,72.5,63.0,56.0,93.5,72.5,51.0,1018.5,1016.5,1014.0,16.0,15.0,9.5,21.0,7.5,1.0,-2.8284271247461903,-2.345207879911715,-2.5495097567963922,3.6742346141747673,-11.40175425099138,-16.97056274847714,-9.192388155425117,-14.832396974191326,-19.78635893740938,2.0,1.5811388300841898,1.8708286933869707,0.0,1.4142135623730951,8.48528137423857,2.449489742783178,-3.24037034920393,0.7071067811865476,-2.3804761428476167,-1.9148542155126762,-1.7320508075688772,4.58257569495584,-8.850612031567836,-13.662601021279464,-7.505553499465135,-11.195237082497776,-12.832251036613439,1.5275252316519468,1.4142135623730951,1.632993161855452,0.0,2.0816659994661326,8.32666399786453,3.5118845842842465,-2.0,0.5773502691896257
686,16,24.0,29.0,26.0,20.0,26.0,21.0,15.0,22.0,16.0,71.0,74.0,68.0,54.0,72.0,64.0,43.0,69.0,59.0,87.0,100.0,100.0,62.0,83.0,82.0,37.0,65.0,64.0,1020.0,1017.0,1018.0,1018.0,1015.0,1017.0,1016.0,1012.0,1015.0,16.0,16.0,16.0,16.0,14.0,14.0,16.0,3.0,8.0,23.0,19.0,21.0,5.0,10.0,8.0,1.0,1.0,0.0,20.5,18.0,14.0,64.0,54.0,43.0,93.5,70.5,47.0,1022.5,1020.0,1016.5,16.0,14.5,8.0,25.0,9.0,7.0,-6.082762530298219,-5.0990195135927845,-5.1478150704935,-10.124228365658293,-12.727922061357855,-18.384776310850235,0.0,-8.717797887081348,-13.856406460551018,4.123105625617661,3.5355339059327378,2.9154759474226504,0.0,-1.5811388300841898,-6.59545297913646,4.0,4.415880433163924,8.48528137423857,-4.654746681256314,-3.0,-2.3804761428476167,-7.505553499465135,-9.309493362512628,-13.856406460551018,0.0,-7.094598884597588,-11.298967504452195,3.3166247903554,2.6457513110645907,1.632993161855452,0.0,-1.2909944487358056,-6.110100926607787,3.0550504633038935,3.7859388972001824,6.95221787153807
687,17,17.0,24.0,29.0,16.0,20.0,26.0,13.0,15.0,22.0,57.0,71.0,74.0,54.0,54.0,72.0,43.0,43.0,69.0,100.0,87.0,100.0,79.0,62.0,83.0,57.0,37.0,65.0,1025.0,1020.0,1017.0,1022.0,1018.0,1015.0,1017.0,1016.0,1012.0,16.0,16.0,16.0,13.0,16.0,14.0,0.0,16.0,3.0,27.0,23.0,19.0,13.0,5.0,10.0,13.0,1.0,1.0,19.5,16.5,12.5,52.0,48.5,42.0,86.0,67.5,48.0,1025.5,1023.0,1019.0,16.0,14.5,8.0,24.0,10.5,6.5,-3.4641016151377544,-2.7386127875258306,-1.5811388300841898,-12.165525060596439,-7.7781745930520225,-1.4142135623730951,-17.53567791675018,-10.954451150103322,6.164414002968976,3.605551275463989,3.1622776601683795,2.9154759474226504,0.0,0.0,0.0,-3.1622776601683795,4.415880433163924,-3.5355339059327378,-4.041451884327381,-4.123105625617661,-4.242640687119285,-10.082988974836116,-12.179217270963408,-15.05545305418162,-16.165807537309522,-15.066519173319364,-15.362291495737216,3.415650255319866,3.1091263510296048,3.3166247903554,0.0,1.1547005383792515,7.505553499465135,-1.1547005383792515,2.160246899469287,-2.886751345948129
688,17,22.0,17.0,24.0,17.0,16.0,20.0,12.0,13.0,15.0,47.0,57.0,71.0,43.0,54.0,54.0,41.0,43.0,43.0,72.0,100.0,87.0,56.0,79.0,62.0,39.0,57.0,37.0,1026.0,1025.0,1020.0,1024.0,1022.0,1018.0,1021.0,1017.0,1016.0,16.0,16.0,16.0,16.0,13.0,16.0,16.0,0.0,16.0,21.0,27.0,23.0,8.0,13.0,5.0,0.0,13.0,1.0,22.5,17.0,11.5,51.0,46.5,42.5,77.5,61.0,44.0,1024.0,1022.0,1019.5,16.0,16.0,16.0,15.5,5.0,0.0,3.605551275463989,0.7071067811865476,-1.0,-4.242640687119285,-6.0,1.5811388300841898,-18.207141456033124,-14.64581851587681,-10.583005244258363,-2.7386127875258306,-2.449489742783178,1.8708286933869707,0.0,2.1213203435596424,11.313708498984761,-8.860022573334675,-5.522680508593631,-9.192388155425117,-2.7688746209726918,-2.23606797749979,-1.4142135623730951,-8.793937305515279,-4.898979485566356,1.2909944487358056,-12.832251036613439,-6.831300510639732,7.659416862050705,1.8257418583505538,1.1547005383792515,1.632993161855452,0.0,0.0,0.0,-6.855654600401044,1.0,-2.886751345948129
689,19,23.0,22.0,17.0,17.0,17.0,16.0,11.0,12.0,13.0,55.0,47.0,57.0,50.0,43.0,54.0,44.0,41.0,43.0,83.0,72.0,100.0,66.0,56.0,79.0,49.0,39.0,57.0,1022.0,1026.0,1025.0,1020.0,1024.0,1022.0,1018.0,1021.0,1017.0,16.0,16.0,16.0,16.0,16.0,13.0,16.0,16.0,0.0,10.0,21.0,27.0,2.0,8.0,13.0,0.0,0.0,13.0,23.0,18.0,13.5,61.0,56.5,49.5,86.5,74.0,61.0,1021.0,1018.5,1016.0,16.0,16.0,16.0,14.5,4.0,0.0,0.7071067811865476,1.4142135623730951,3.4641016151377544,10.198039027185569,10.44030650891055,8.06225774829855,9.219544457292887,13.341664064126334,18.384776310850235,-3.1622776601683795,-3.5355339059327378,-3.5355339059327378,0.0,0.0,0.0,-4.47213595499958,-3.1622776601683795,0.0,2.943920288775949,1.2909944487358056,2.7688746209726918,6.0,5.686240703077327,6.48074069840786,-14.30617582258329,-7.593857166596345,10.83205120618128,-2.516611478423583,-2.6457513110645907,-1.7320508075688772,0.0,1.7320508075688772,9.237604307034012,-5.033222956847166,-3.872983346207417,-7.505553499465135
690,25,23.0,23.0,22.0,19.0,17.0,17.0,16.0,11.0,12.0,67.0,55.0,47.0,63.0,50.0,43.0,55.0,44.0,41.0,90.0,83.0,72.0,82.0,66.0,56.0,73.0,49.0,39.0,1020.0,1022.0,1026.0,1017.0,1020.0,1024.0,1014.0,1018.0,1021.0,16.0,16.0,16.0,16.0,16.0,16.0,16.0,16.0,16.0,19.0,10.0,21.0,6.0,2.0,8.0,0.0,0.0,0.0,26.0,22.0,18.5,69.0,63.5,41.0,91.5,72.0,52.0,1018.0,1014.5,1011.5,16.0,16.0,16.0,20.0,8.5,0.0,4.242640687119285,4.47213595499958,5.0,8.94427190999916,9.219544457292887,-18.207141456033124,5.385164807134504,-8.48528137423857,-24.372115213907882,-3.1622776601683795,-4.123105625617661,-4.527692569068709,0.0,0.0,0.0,6.519202405202649,4.527692569068709,0.0,3.5118845842842465,3.6514837167011076,4.041451884327381,8.640987597877148,8.54400374531753,-14.7648230602334,7.724420150837645,-3.8297084310253524,-19.043809142780933,-3.4641016151377544,-4.08248290463863,-4.08248290463863,0.0,0.0,0.0,-3.4641016151377544,1.2909944487358056,0.0
691,18,29.0,23.0,23.0,25.0,19.0,17.0,21.0,16.0,11.0,71.0,67.0,55.0,64.0,63.0,50.0,27.0,55.0,44.0,93.0,90.0,83.0,62.0,82.0,66.0,31.0,73.0,49.0,1016.0,1020.0,1022.0,1012.0,1017.0,1020.0,1009.0,1014.0,1018.0,16.0,16.0,16.0,16.0,16.0,16.0,16.0,16.0,16.0,21.0,19.0,10.0,11.0,6.0,2.0,0.0,0.0,0.0,25.5,21.5,17.0,56.0,50.0,27.0,72.0,49.0,25.5,1020.5,1017.0,1013.0,16.0,16.0,16.0,23.5,10.5,0.0,-2.5495097567963922,-2.5495097567963922,-4.415880433163924,-21.02379604162864,-19.78635893740938,-19.79898987322333,-29.62262648719725,-23.194827009486403,-30.700162866017504,5.70087712549569,6.123724356957945,4.415880433163924,0.0,0.0,0.0,3.8078865529319543,3.4641016151377544,0.0,-2.0816659994661326,-1.7320508075688772,-2.160246899469287,-15.705625319186328,-14.30617582258329,-14.866068747318506,-23.84673283002656,-16.532795690182994,-20.888593378524398,4.509249752822894,4.69041575982343,2.7688746209726918,0.0,0.0,0.0,6.0553007081949835,3.6514837167011076,0.0
692,16,22.0,29.0,23.0,18.0,25.0,19.0,13.0,21.0,16.0,41.0,71.0,67.0,36.0,64.0,63.0,27.0,27.0,55.0,51.0,93.0,90.0,36.0,62.0,82.0,20.0,31.0,73.0,1025.0,1016.0,1020.0,1022.0,1012.0,1017.0,1017.0,1009.0,1014.0,16.0,16.0,16.0,16.0,16.0,16.0,16.0,16.0,16.0,26.0,21.0,19.0,10.0,11.0,6.0,0.0,0.0,0.0,20.0,17.0,13.0,42.0,37.5,32.0,54.0,41.5,28.5,1026.0,1023.5,1020.5,16.0,16.0,16.0,18.5,8.0,0.0,-5.70087712549569,-5.1478150704935,-5.656854249492381,-21.166010488516726,-19.685019685029527,7.0710678118654755,-29.393876913398138,-16.658331248957683,9.16515138991168,6.519202405202649,7.3824115301167,7.516648189186454,0.0,0.0,0.0,-10.0,-2.9154759474226504,0.0,-3.1091263510296048,-2.3804761428476167,-3.605551275463989,-17.126976771553505,-16.06237840420901,-15.0996688705415,-23.93741840717165,-17.841898254763514,-23.065125189341593,4.795831523312719,5.291502622129181,5.41602560309064,0.0,0.0,0.0,-8.082903768654761,1.632993161855452,0.0
693,16,18.0,22.0,29.0,16.0,18.0,25.0,13.0,13.0,21.0,43.0,41.0,71.0,39.0,36.0,64.0,37.0,27.0,27.0,57.0,51.0,93.0,47.0,36.0,62.0,37.0,20.0,31.0,1027.0,1025.0,1016.0,1025.0,1022.0,1012.0,1024.0,1017.0,1009.0,16.0,16.0,16.0,16.0,16.0,16.0,16.0,16.0,16.0,11.0,26.0,21.0,6.0,10.0,11.0,0.0,0.0,0.0,18.0,16.0,12.5,47.5,42.5,38.5,70.0,56.5,42.5,1027.5,1025.5,1024.5,16.0,16.0,13.0,12.0,5.5,0.0,-2.8284271247461903,-1.4142135623730951,-0.7071067811865476,6.519202405202649,5.385164807134504,7.3824115301167,18.867962264113206,15.524174696260024,14.317821063276353,1.5811388300841898,2.23606797749979,5.0,0.0,0.0,-4.242640687119285,-10.51189802081432,-2.9154759474226504,0.0,-4.654746681256314,-4.203173404306164,-4.654746681256314,-16.482313753434823,-15.556349186104045,6.027713773341708,-18.726095873584185,-8.04155872120988,9.814954576223638,5.354126134736337,6.0553007081949835,6.164414002968976,0.0,0.0,-3.4641016151377544,-8.082903768654761,-2.449489742783178,0.0
694,17,18.0,18.0,22.0,16.0,16.0,18.0,12.0,13.0,13.0,52.0,43.0,41.0,46.0,39.0,36.0,40.0,37.0,27.0,83.0,57.0,51.0,66.0,47.0,36.0,48.0,37.0,20.0,1028.0,1027.0,1025.0,1026.0,1025.0,1022.0,1025.0,1024.0,1017.0,16.0,16.0,16.0,16.0,16.0,16.0,10.0,16.0,16.0,13.0,11.0,26.0,5.0,6.0,10.0,0.0,0.0,0.0,19.5,16.5,12.0,57.0,49.5,43.0,85.0,69.5,53.0,1026.5,1024.0,1021.5,16.0,16.0,13.0,13.5,5.5,0.0,2.1213203435596424,0.7071067811865476,-0.7071067811865476,9.513148795220223,7.0,4.743416490252569,18.601075237738275,14.317821063276353,10.51189802081432,-2.0,-2.7386127875258306,-4.898979485566356,0.0,0.0,0.0,1.5811388300841898,0.0,0.0,-1.5275252316519468,-1.0,-0.5773502691896257,7.852812659593164,5.972157622389639,6.95221787153807,15.57776192739723,13.30413469565007,13.038404810405298,-1.1547005383792515,-1.4142135623730951,0.5773502691896257,0.0,0.0,0.0,-8.563488385776752,-2.309401076758503,0.0
695,21,21.0,18.0,18.0,17.0,16.0,16.0,12.0,12.0,13.0,62.0,52.0,43.0,53.0,46.0,39.0,46.0,40.0,37.0,87.0,83.0,57.0,73.0,66.0,47.0,58.0,48.0,37.0,1025.0,1028.0,1027.0,1022.0,1026.0,1025.0,1018.0,1025.0,1024.0,16.0,16.0,16.0,16.0,16.0,16.0,16.0,10.0,16.0,14.0,13.0,11.0,6.0,5.0,6.0,0.0,0.0,0.0,22.5,19.0,15.0,66.5,60.0,54.5,93.5,82.5,71.0,1022.0,1016.5,1010.5,16.0,14.5,9.5,20.0,8.5,0.0,3.0,2.9154759474226504,4.242640687119285,9.513148795220223,11.067971810589327,12.747548783981962,9.617692030835672,14.317821063276353,19.697715603592208,-4.743416490252569,-8.276472678623424,-11.704699910719626,0.0,-2.1213203435596424,-8.154753215150045,8.514693182963201,3.605551275463989,0.0,2.449489742783178,2.3804761428476167,3.415650255319866,9.345230512584124,9.899494936611665,10.55146119422961,16.941074346097416,16.0312195418814,17.291616465790582,-3.8297084310253524,-6.733003292241386,-9.539392014169456,0.0,-1.7320508075688772,-7.505553499465135,7.047458170621991,2.886751345948129,0.0
696,16,24.0,21.0,18.0,21.0,17.0,16.0,18.0,12.0,12.0,71.0,62.0,52.0,67.0,53.0,46.0,63.0,46.0,40.0,100.0,87.0,83.0,92.0,73.0,66.0,84.0,58.0,48.0,1019.0,1025.0,1028.0,1011.0,1022.0,1026.0,1003.0,1018.0,1025.0,16.0,16.0,16.0,13.0,16.0,16.0,3.0,16.0,10.0,26.0,14.0,13.0,11.0,6.0,5.0,0.0,0.0,0.0,24.0,18.5,13.0,70.5,61.0,52.5,96.5,80.5,64.0,1014.0,1007.5,1001.5,16.0,13.0,2.5,27.5,8.5,13.0,2.1213203435596424,-2.1213203435596424,-5.656854249492381,6.324555320336759,5.0990195135927845,-8.717797887081348,7.745966692414834,-9.16515138991168,-21.494185260204677,-8.246211251235321,-9.219544457292887,-10.816653826391969,0.0,-2.1213203435596424,-9.219544457292887,8.74642784226795,0.0,18.384776310850235,2.449489742783178,-1.632993161855452,-4.618802153517006,7.745966692414834,5.802298395176403,-6.2182527020592095,6.733003292241386,-6.298147875897061,-16.57307052620807,-6.95221787153807,-7.874007874011811,-9.71253485622231,0.0,-1.7320508075688772,-6.683312551921141,7.164728420068226,0.5773502691896257,15.01110699893027
697,14,24.0,24.0,21.0,16.0,21.0,17.0,8.0,18.0,12.0,70.0,71.0,62.0,55.0,67.0,53.0,42.0,63.0,46.0,93.0,100.0,87.0,69.0,92.0,73.0,44.0,84.0,58.0,1009.0,1019.0,1025.0,1004.0,1011.0,1022.0,1000.0,1003.0,1018.0,16.0,16.0,16.0,13.0,13.0,16.0,2.0,3.0,16.0,29.0,26.0,14.0,6.0,11.0,6.0,26.0,0.0,0.0,23.0,15.0,7.0,57.5,48.5,40.5,93.0,66.5,39.5,1012.0,1007.5,1004.0,16.0,14.5,9.0,21.5,4.5,13.0,-1.4142135623730951,-3.8078865529319543,-7.211102550927978,-17.69180601295413,-12.509996003196804,-15.0,-4.949747468305833,-16.64331697709324,-28.991378028648448,-5.656854249492381,0.0,5.244044240850758,0.0,2.1213203435596424,9.874208829065749,-10.392304845413264,-4.123105625617661,0.0,1.2909944487358056,-2.0816659994661326,-4.760952285695233,-13.478377746103819,-6.244997998398398,-7.32575365861197,6.324555320336759,-8.020806277010642,-18.303005217723125,-5.773502691896258,-6.3508529610858835,-7.52772652709081,0.0,0.0,2.943920288775949,-4.898979485566356,-1.7320508075688772,0.0
698,17,22.0,24.0,24.0,14.0,16.0,21.0,6.0,8.0,18.0,45.0,70.0,71.0,42.0,55.0,67.0,39.0,42.0,63.0,93.0,93.0,100.0,64.0,69.0,92.0,35.0,44.0,84.0,1015.0,1009.0,1019.0,1011.0,1004.0,1011.0,1008.0,1000.0,1003.0,16.0,16.0,16.0,16.0,13.0,13.0,16.0,2.0,3.0,14.0,29.0,26.0,3.0,6.0,11.0,0.0,26.0,0.0,24.0,15.5,7.0,48.0,44.0,40.0,89.5,61.5,33.5,1018.0,1015.0,1011.5,16.0,16.0,16.0,13.5,2.5,0.0,2.449489742783178,1.5811388300841898,0.0,-17.161002301730512,-8.74642784226795,-1.5811388300841898,-4.949747468305833,-5.0,-6.708203932499369,6.0,7.516648189186454,7.516648189186454,0.0,2.1213203435596424,9.899494936611665,-10.63014581273465,-2.23606797749979,-18.384776310850235,2.0,-2.581988897471611,-5.773502691896258,-14.023789311975086,-9.9498743710662,-12.192894105447921,-5.715476066494082,-13.892443989449804,-23.7346441585572,-3.0550504633038935,4.618802153517006,5.887840577551898,0.0,1.7320508075688772,8.06225774829855,-8.504900548115382,-3.415650255319866,0.0
699,18,26.0,22.0,24.0,17.0,14.0,16.0,8.0,6.0,8.0,51.0,45.0,70.0,46.0,42.0,55.0,41.0,39.0,42.0,86.0,93.0,93.0,59.0,64.0,69.0,32.0,35.0,44.0,1021.0,1015.0,1009.0,1019.0,1011.0,1004.0,1015.0,1008.0,1000.0,16.0,16.0,16.0,16.0,16.0,13.0,16.0,16.0,2.0,13.0,14.0,29.0,2.0,3.0,6.0,0.0,0.0,26.0,25.5,17.5,9.5,56.0,50.5,45.0,89.5,63.0,36.0,1020.5,1018.0,1014.5,16.0,16.0,16.0,16.0,4.0,0.0,2.7386127875258306,2.23606797749979,2.5495097567963922,8.246211251235321,6.96419413859206,5.830951894845301,0.0,4.415880433163924,5.244044240850758,4.183300132670378,5.477225575051661,4.898979485566356,0.0,0.0,0.0,4.183300132670378,2.7386127875258306,0.0,1.9148542155126762,1.4142135623730951,1.7320508075688772,-12.767145334803704,-4.898979485566356,4.43471156521669,0.0,2.160246899469287,-2.943920288775949,4.864839839775475,6.027713773341708,6.110100926607787,0.0,1.7320508075688772,8.082903768654761,-7.958224257542215,1.4142135623730951,-15.01110699893027
700,12,25.0,26.0,22.0,18.0,17.0,14.0,11.0,8.0,6.0,61.0,51.0,45.0,55.0,46.0,42.0,49.0,41.0,39.0,93.0,86.0,93.0,67.0,59.0,64.0,40.0,32.0,35.0,1020.0,1021.0,1015.0,1017.0,1019.0,1011.0,1014.0,1015.0,1008.0,16.0,16.0,16.0,16.0,16.0,16.0,16.0,16.0,16.0,19.0,13.0,14.0,6.0,2.0,3.0,0.0,0.0,0.0,22.0,15.0,8.0,62.0,51.0,37.0,93.0,65.0,36.0,1024.0,1018.5,1013.5,16.0,16.0,13.5,27.0,8.5,0.0,-4.301162633521313,-4.183300132670378,-3.6742346141747673,7.211102550927978,2.9154759474226504,-16.0,4.949747468305833,4.898979485566356,0.0,5.612486080160912,1.5811388300841898,-1.0,0.0,0.0,-3.5355339059327378,12.083045973594572,4.527692569068709,0.0,-2.6457513110645907,-2.943920288775949,-2.7688746209726918,6.831300510639732,3.3166247903554,-13.012814197295423,0.0,2.7688746209726918,-1.7320508075688772,5.744562646538029,4.795831523312719,3.958114029012639,0.0,0.0,-2.886751345948129,9.848857801796104,3.6514837167011076,0.0
701,8,19.0,25.0,26.0,12.0,18.0,17.0,5.0,11.0,8.0,63.0,61.0,51.0,47.0,55.0,46.0,25.0,49.0,41.0,93.0,93.0,86.0,63.0,67.0,59.0,32.0,40.0,32.0,1028.0,1020.0,1021.0,1020.0,1017.0,1019.0,1013.0,1014.0,1015.0,16.0,16.0,16.0,16.0,16.0,16.0,11.0,16.0,16.0,35.0,19.0,13.0,11.0,6.0,2.0,0.0,0.0,0.0,17.0,10.0,3.0,48.0,38.0,25.5,87.5,59.5,31.0,1028.5,1023.5,1018.5,16.0,16.0,13.5,24.0,7.0,0.0,-5.0990195135927845,-5.0990195135927845,-5.0990195135927845,-21.166010488516726,-13.92838827718412,-16.95582495781317,-7.7781745930520225,-5.70087712549569,-5.830951894845301,5.70087712549569,5.385164807134504,7.745966692414834,0.0,0.0,0.0,-10.677078252031311,-4.415880433163924,0.0,-4.203173404306164,-4.123105625617661,-3.7859388972001824,-16.289055630494154,-10.115993936995679,-13.051181300301263,-4.898979485566356,-0.5773502691896257,-1.1547005383792515,4.618802153517006,4.242640687119285,6.298147875897061,0.0,0.0,0.0,-8.0,-2.7688746209726918,0.0
702,9,15.0,19.0,25.0,8.0,12.0,18.0,1.0,5.0,11.0,33.0,63.0,61.0,29.0,47.0,55.0,26.0,25.0,49.0,82.0,93.0,93.0,56.0,63.0,67.0,30.0,32.0,40.0,1029.0,1028.0,1020.0,1027.0,1020.0,1017.0,1024.0,1013.0,1014.0,16.0,16.0,16.0,16.0,16.0,16.0,16.0,11.0,16.0,13.0,35.0,19.0,3.0,11.0,6.0,0.0,0.0,0.0,16.0,8.5,0.5,37.0,31.0,27.5,87.0,58.5,30.0,1028.5,1026.5,1023.5,16.0,16.0,16.0,13.5,3.0,0.0,-2.449489742783178,-2.7386127875258306,-2.9154759474226504,-20.445048300260872,-12.409673645990857,2.23606797749979,-3.24037034920393,-3.4641016151377544,-1.4142135623730951,0.0,4.898979485566356,7.745966692414834,0.0,0.0,3.5355339059327378,-15.540270267920054,-5.656854249492381,0.0,-4.0,-4.123105625617661,-4.203173404306164,-16.65332799572906,-11.135528725660043,-13.73559851869101,-2.6457513110645907,-3.6514837167011076,-4.760952285695233,4.618802153517006,4.358898943540674,6.298147875897061,0.0,0.0,0.0,-8.698658900466592,-3.605551275463989,0.0
703,13,17.0,15.0,19.0,9.0,8.0,12.0,0.0,1.0,5.0,41.0,33.0,63.0,33.0,29.0,47.0,29.0,26.0,25.0,92.0,82.0,93.0,61.0,56.0,63.0,30.0,30.0,32.0,1028.0,1029.0,1028.0,1026.0,1027.0,1020.0,1023.0,1024.0,1013.0,16.0,16.0,16.0,16.0,16.0,16.0,16.0,16.0,11.0,14.0,13.0,35.0,3.0,3.0,11.0,0.0,0.0,0.0,17.5,11.0,4.0,49.5,41.5,35.5,86.0,67.5,48.5,1026.0,1023.5,1020.5,16.0,16.0,16.0,14.0,4.0,0.0,1.5811388300841898,2.9154759474226504,5.612486080160912,13.285330255586423,12.349089035228468,9.433981132056603,-4.69041575982343,9.848857801796104,26.16295090390226,-2.9154759474226504,-3.605551275463989,-3.605551275463989,0.0,0.0,0.0,0.7071067811865476,1.4142135623730951,0.0,-1.9148542155126762,0.5773502691896257,3.958114029012639,-13.503086067019396,-2.516611478423583,7.724420150837645,-7.416198487095663,6.95221787153807,21.330729007701542,-2.309401076758503,2.7688746209726918,5.627314338711377,0.0,0.0,2.886751345948129,-12.68857754044952,-4.47213595499958,0.0
704,20,18.0,17.0,15.0,13.0,9.0,8.0,8.0,0.0,1.0,58.0,41.0,33.0,50.0,33.0,29.0,42.0,29.0,26.0,80.0,92.0,82.0,74.0,61.0,56.0,67.0,30.0,30.0,1024.0,1028.0,1029.0,1021.0,1026.0,1027.0,1018.0,1023.0,1024.0,16.0,16.0,16.0,16.0,16.0,16.0,16.0,16.0,16.0,14.0,14.0,13.0,5.0,3.0,3.0,0.0,0.0,0.0,20.5,16.5,12.5,61.0,55.5,50.0,86.5,75.5,64.0,1022.0,1019.5,1017.5,16.0,16.0,12.0,18.5,6.5,0.0,3.605551275463989,5.70087712549569,8.514693182963201,12.747548783981962,14.317821063276353,14.577379737113251,3.5355339059327378,9.433981132056603,25.816661286851172,-4.0,-4.123105625617661,-3.605551275463989,0.0,0.0,-5.656854249492381,6.363961030678928,2.5495097567963922,0.0,3.1622776601683795,4.69041575982343,6.928203230275509,11.387127235025815,11.916375287812984,12.027745701779143,6.454972243679028,8.225975119502044,21.07921567168317,-3.3166247903554,-3.415650255319866,-3.0,0.0,0.0,-4.618802153517006,5.228129047119374,2.0816659994661326,0.0
705,22,23.0,18.0,17.0,20.0,13.0,9.0,17.0,8.0,0.0,64.0,58.0,41.0,61.0,50.0,33.0,58.0,42.0,29.0,93.0,80.0,92.0,77.0,74.0,61.0,61.0,67.0,30.0,1020.0,1024.0,1028.0,1018.0,1021.0,1026.0,1017.0,1018.0,1023.0,16.0,16.0,16.0,16.0,16.0,16.0,8.0,16.0,16.0,23.0,14.0,14.0,8.0,5.0,3.0,0.0,0.0,0.0,23.0,21.0,18.5,67.5,65.0,60.5,96.5,84.0,71.0,1020.5,1018.5,1017.0,16.0,14.5,5.5,23.0,9.5,3.5,3.5355339059327378,5.1478150704935,6.708203932499369,6.519202405202649,9.617692030835672,11.853269591129697,10.44030650891055,10.124228365658293,13.490737563232042,-2.7386127875258306,-2.0,-0.7071067811865476,0.0,-2.1213203435596424,-6.670832032063167,6.363961030678928,3.0,4.949747468305833,2.943920288775949,4.795831523312719,7.164728420068226,11.16542281629615,12.569805089976535,12.24744871391589,4.96655480858378,11.16542281629615,24.03469714114714,-3.2145502536643185,-3.3166247903554,-2.943920288775949,0.0,-1.7320508075688772,-5.446711546122731,5.196152422706632,2.70801280154532,4.041451884327381
706,14,23.0,23.0,18.0,22.0,20.0,13.0,20.0,17.0,8.0,71.0,64.0,58.0,69.0,61.0,50.0,63.0,58.0,42.0,100.0,93.0,80.0,91.0,77.0,74.0,81.0,61.0,67.0,1021.0,1020.0,1024.0,1019.0,1018.0,1021.0,1017.0,1017.0,1018.0,16.0,16.0,16.0,13.0,16.0,16.0,3.0,8.0,16.0,23.0,23.0,14.0,11.0,8.0,5.0,7.0,0.0,0.0,23.0,18.0,12.5,71.0,63.5,51.0,100.0,92.5,84.0,1022.5,1020.0,1017.5,16.0,11.5,1.5,23.5,11.0,22.0,0.0,-5.477225575051661,-10.392304845413264,4.949747468305833,-5.338539126015656,-16.59819267269783,4.949747468305833,10.124228365658293,14.7648230602334,2.23606797749979,1.5811388300841898,0.7071067811865476,0.0,-3.0,-4.123105625617661,0.7071067811865476,2.1213203435596424,21.783020910791965,2.886751345948129,-1.9148542155126762,-6.708203932499369,5.32290647422377,4.618802153517006,-9.91631652042901,8.524474568362947,8.445906306213285,11.547005383792516,-1.4142135623730951,-1.1547005383792515,0.0,0.0,-2.449489742783178,-5.715476066494082,5.228129047119374,2.449489742783178,17.7857620959388
707,6,23.0,23.0,23.0,14.0,22.0,20.0,5.0,20.0,17.0,71.0,71.0,64.0,58.0,69.0,61.0,39.0,63.0,58.0,100.0,100.0,93.0,94.0,91.0,77.0,87.0,81.0,61.0,1024.0,1021.0,1020.0,1021.0,1019.0,1018.0,1018.0,1017.0,1017.0,16.0,16.0,16.0,10.0,13.0,16.0,0.0,3.0,8.0,24.0,23.0,23.0,11.0,11.0,8.0,37.0,7.0,0.0,15.0,10.0,4.5,56.5,48.5,38.5,100.0,92.5,84.5,1024.5,1022.5,1020.0,16.0,12.0,3.0,22.5,11.0,21.5,-11.313708498984761,-8.0,-10.63014581273465,-20.506096654409877,-15.524174696260024,-16.98528775146303,0.0,0.0,2.345207879911715,2.23606797749979,2.5495097567963922,2.9154759474226504,0.0,1.8708286933869707,3.6742346141747673,-2.0,0.0,-5.522680508593631,-9.237604307034012,-6.429100507328637,-8.504900548115382,-16.24807680927192,-11.803954139750516,-13.564659966250536,4.041451884327381,8.082903768654761,11.704699910719626,1.9148542155126762,2.160246899469287,2.3804761428476167,0.0,-0.816496580927726,0.816496580927726,-1.632993161855452,1.7320508075688772,-2.0
708,7,7.0,23.0,23.0,6.0,14.0,22.0,4.0,5.0,20.0,42.0,71.0,71.0,39.0,58.0,69.0,38.0,39.0,63.0,100.0,100.0,100.0,91.0,94.0,91.0,82.0,87.0,81.0,1025.0,1024.0,1021.0,1024.0,1021.0,1019.0,1022.0,1018.0,1017.0,16.0,16.0,16.0,14.0,10.0,13.0,6.0,0.0,3.0,21.0,24.0,23.0,11.0,11.0,11.0,6.0,37.0,7.0,7.5,6.5,5.0,43.0,40.5,39.0,98.0,91.0,84.0,1025.0,1023.0,1020.5,16.0,13.5,4.5,17.5,8.5,3.5,-11.291589790636214,-5.612486080160912,1.224744871391589,-20.457272545478784,-13.2664991614216,1.224744871391589,-2.8284271247461903,-2.1213203435596424,-2.1213203435596424,0.7071067811865476,1.5811388300841898,1.8708286933869707,0.0,2.7386127875258306,3.6742346141747673,-5.385164807134504,-3.5355339059327378,-22.20360331117452,-9.219544457292887,-6.506407098647712,-8.602325267042627,-16.703293088490067,-12.556538801224908,-13.820274961085254,-2.309401076758503,0.0,3.0,1.8257418583505538,1.7320508075688772,1.632993161855452,0.0,1.4142135623730951,2.449489742783178,-4.358898943540674,-2.886751345948129,-5.354126134736337
709,10,8.0,7.0,23.0,7.0,6.0,14.0,6.0,4.0,5.0,44.0,42.0,71.0,42.0,39.0,58.0,40.0,38.0,39.0,96.0,100.0,100.0,91.0,91.0,94.0,86.0,82.0,87.0,1025.0,1025.0,1024.0,1022.0,1024.0,1021.0,1019.0,1022.0,1018.0,16.0,16.0,16.0,13.0,14.0,10.0,3.0,6.0,0.0,14.0,21.0,24.0,6.0,11.0,11.0,1.0,6.0,37.0,10.5,8.5,6.5,46.0,43.5,41.5,98.0,88.5,79.0,1022.5,1020.0,1018.0,16.0,14.5,4.5,12.5,4.5,0.5,3.605551275463989,2.23606797749979,1.5811388300841898,3.1622776601683795,3.0,2.5495097567963922,0.0,-3.5355339059327378,-9.486832980505138,-3.5355339059327378,-3.1622776601683795,-2.5495097567963922,0.0,2.0,0.0,-5.385164807134504,-4.123105625617661,-3.605551275463989,-8.755950357709132,-4.242640687119285,1.1547005383792515,-16.54287359157008,-10.692676621563626,2.0,0.0,-3.366501646120693,-8.266397845091497,-2.8284271247461903,-1.9148542155126762,1.0,0.0,2.8284271247461903,3.4641016151377544,-4.725815626252608,-3.366501646120693,-18.138357147217054
710,12,13.0,8.0,7.0,10.0,7.0,6.0,7.0,6.0,4.0,48.0,44.0,42.0,45.0,42.0,39.0,43.0,40.0,38.0,100.0,96.0,100.0,86.0,91.0,91.0,72.0,86.0,82.0,1020.0,1025.0,1025.0,1018.0,1022.0,1024.0,1017.0,1019.0,1022.0,16.0,16.0,16.0,16.0,13.0,14.0,6.0,3.0,6.0,11.0,14.0,21.0,3.0,6.0,11.0,0.0,1.0,6.0,14.0,11.0,7.5,47.0,44.0,41.0,96.5,79.0,61.5,1020.0,1018.0,1016.0,16.0,16.0,11.0,11.0,3.0,0.0,3.8078865529319543,2.5495097567963922,1.0,2.449489742783178,1.5811388300841898,-1.8708286933869707,-4.06201920231798,-10.51189802081432,-17.84656829757475,-3.5355339059327378,-2.8284271247461903,-2.0,0.0,2.1213203435596424,7.3824115301167,-2.1213203435596424,-2.1213203435596424,-0.7071067811865476,3.1622776601683795,2.160246899469287,1.4142135623730951,2.309401076758503,2.160246899469287,-1.0,-4.041451884327381,-8.582928793055823,-14.38749456993816,-2.886751345948129,-2.581988897471611,-2.3804761428476167,0.0,1.632993161855452,5.773502691896258,-4.396968652757639,-3.366501646120693,-2.943920288775949
711,13,15.0,13.0,8.0,12.0,10.0,7.0,8.0,7.0,6.0,46.0,48.0,44.0,43.0,45.0,42.0,39.0,43.0,40.0,93.0,100.0,96.0,72.0,86.0,91.0,51.0,72.0,86.0,1020.0,1020.0,1025.0,1018.0,1018.0,1022.0,1015.0,1017.0,1019.0,16.0,16.0,16.0,16.0,16.0,13.0,16.0,6.0,3.0,11.0,11.0,14.0,3.0,3.0,6.0,0.0,0.0,1.0,17.5,12.5,7.0,47.0,41.5,35.0,96.5,68.5,40.0,1023.0,1020.0,1016.5,16.0,16.0,8.0,12.5,4.0,0.0,3.8078865529319543,1.5811388300841898,-1.224744871391589,0.0,-2.5495097567963922,-6.324555320336759,0.0,-11.067971810589327,-21.50581316760657,4.242640687119285,2.8284271247461903,1.5811388300841898,0.0,0.0,-8.831760866327848,2.1213203435596424,1.4142135623730951,0.0,4.242640687119285,2.160246899469287,-0.816496580927726,2.309401076758503,-1.1547005383792515,-4.864839839775475,2.309401076758503,-9.486832980505138,-19.330459556530638,1.9148542155126762,0.0,0.5773502691896257,0.0,1.7320508075688772,-7.0,0.0,-1.2909944487358056,-0.5773502691896257
712,11,20.0,15.0,13.0,13.0,12.0,10.0,6.0,8.0,7.0,48.0,46.0,48.0,40.0,43.0,45.0,31.0,39.0,43.0,100.0,93.0,100.0,65.0,72.0,86.0,29.0,51.0,72.0,1026.0,1020.0,1020.0,1022.0,1018.0,1018.0,1018.0,1015.0,1017.0,16.0,16.0,16.0,16.0,16.0,16.0,0.0,16.0,6.0,14.0,11.0,11.0,5.0,3.0,3.0,0.0,0.0,0.0,18.5,12.0,5.0,43.0,38.5,33.0,93.0,63.0,32.5,1028.0,1025.5,1022.0,16.0,16.0,8.0,13.5,3.5,0.0,2.8284271247461903,-1.224744871391589,-2.0,-6.928203230275509,-3.0,-4.898979485566356,-8.573214099741124,-5.70087712549569,-14.747881203752625,5.0990195135927845,5.70087712549569,6.041522986797286,0.0,0.0,0.0,2.0,-1.5811388300841898,0.0,2.581988897471611,0.5773502691896257,-1.5275252316519468,-5.773502691896258,-2.70801280154532,-4.618802153517006,-8.082903768654761,-9.327379053088816,-17.08800749063506,4.163331998932265,4.654746681256314,4.795831523312719,0.0,0.0,5.773502691896258,1.632993161855452,-1.2909944487358056,0.0
713,10,17.0,20.0,15.0,11.0,13.0,12.0,4.0,6.0,8.0,38.0,48.0,46.0,37.0,40.0,43.0,35.0,31.0,39.0,86.0,100.0,93.0,61.0,65.0,72.0,36.0,29.0,51.0,1030.0,1026.0,1020.0,1029.0,1022.0,1018.0,1026.0,1018.0,1015.0,16.0,16.0,16.0,16.0,16.0,16.0,16.0,0.0,16.0,13.0,14.0,11.0,2.0,5.0,3.0,0.0,0.0,0.0,17.0,10.5,3.5,40.5,37.5,35.0,89.0,63.5,37.5,1032.0,1030.0,1027.5,16.0,16.0,16.0,13.5,2.5,0.0,-2.1213203435596424,-1.5811388300841898,-1.5811388300841898,-6.123724356957945,-2.0,2.8284271247461903,-8.94427190999916,2.1213203435596424,5.385164807134504,4.0,5.1478150704935,6.041522986797286,0.0,0.0,11.313708498984761,0.0,-2.0,0.0,2.309401076758503,-1.1547005383792515,-1.7320508075688772,-4.864839839775475,-2.3804761428476167,-4.0,-6.082762530298219,-3.6514837167011076,-11.916375287812984,4.760952285695233,4.795831523312719,5.228129047119374,0.0,0.0,0.0,1.7320508075688772,-1.1547005383792515,0.0
714,11,17.0,17.0,20.0,10.0,11.0,13.0,3.0,4.0,6.0,43.0,38.0,48.0,38.0,37.0,40.0,35.0,35.0,31.0,92.0,86.0,100.0,66.0,61.0,65.0,39.0,36.0,29.0,1034.0,1030.0,1026.0,1031.0,1029.0,1022.0,1029.0,1026.0,1018.0,16.0,16.0,16.0,16.0,16.0,16.0,16.0,16.0,0.0,14.0,13.0,14.0,3.0,2.0,5.0,0.0,0.0,0.0,17.5,10.5,3.0,43.0,38.5,35.0,92.0,66.0,39.5,1033.5,1030.5,1028.5,16.0,16.0,16.0,14.0,3.0,0.0,0.7071067811865476,0.0,-0.7071067811865476,3.5355339059327378,1.0,0.0,4.242640687119285,3.5355339059327378,2.23606797749979,2.7386127875258306,1.224744871391589,2.0,0.0,0.0,0.0,0.7071067811865476,0.7071067811865476,0.0,-1.632993161855452,-1.1547005383792515,-1.2909944487358056,-5.0,-1.5275252316519468,2.309401076758503,-7.302967433402215,1.7320508075688772,4.43471156521669,3.2145502536643185,4.163331998932265,4.898979485566356,0.0,0.0,9.237604307034012,0.0,-1.632993161855452,0.0
715,14,18.0,17.0,17.0,11.0,10.0,11.0,3.0,3.0,4.0,43.0,43.0,38.0,39.0,38.0,37.0,35.0,35.0,35.0,92.0,92.0,86.0,66.0,66.0,61.0,40.0,39.0,36.0,1033.0,1034.0,1030.0,1030.0,1031.0,1029.0,1028.0,1029.0,1026.0,16.0,16.0,16.0,16.0,16.0,16.0,16.0,16.0,16.0,14.0,14.0,13.0,3.0,3.0,2.0,0.0,0.0,0.0,19.5,12.5,5.0,47.0,42.5,38.5,92.5,68.5,44.5,1032.0,1029.5,1027.5,16.0,16.0,15.0,15.0,3.0,0.0,2.23606797749979,2.23606797749979,2.8284271247461903,5.656854249492381,5.0,4.949747468305833,0.7071067811865476,3.5355339059327378,6.4031242374328485,-1.5811388300841898,-1.0,-1.0,0.0,0.0,-1.4142135623730951,1.4142135623730951,0.0,0.0,1.8257418583505538,1.7320508075688772,2.23606797749979,5.446711546122731,4.123105625617661,4.041451884327381,3.5118845842842465,4.08248290463863,5.507570547286102,1.9148542155126762,0.816496580927726,1.5275252316519468,0.0,0.0,-1.1547005383792515,1.2909944487358056,0.5773502691896257,0.0
716,14,21.0,18.0,17.0,14.0,11.0,10.0,7.0,3.0,3.0,51.0,43.0,43.0,46.0,39.0,38.0,42.0,35.0,35.0,93.0,92.0,92.0,71.0,66.0,66.0,49.0,40.0,39.0,1031.0,1033.0,1034.0,1029.0,1030.0,1031.0,1027.0,1028.0,1029.0,16.0,16.0,16.0,16.0,16.0,16.0,14.0,16.0,16.0,16.0,14.0,14.0,3.0,3.0,3.0,0.0,0.0,0.0,21.0,14.0,7.0,49.0,44.5,41.0,92.5,67.5,42.0,1029.5,1027.0,1024.0,16.0,16.0,10.0,13.5,2.5,0.0,2.1213203435596424,2.1213203435596424,2.8284271247461903,4.898979485566356,4.47213595499958,4.743416490252569,0.0,-3.4641016151377544,-7.582875444051551,-2.5495097567963922,-2.9154759474226504,-4.301162633521313,0.0,0.0,-5.830951894845301,-3.24037034920393,-0.7071067811865476,0.0,1.8257418583505538,1.8257418583505538,2.309401076758503,4.0,3.696845502136472,3.872983346207417,0.0,-2.8284271247461903,-6.164414002968976,-2.160246899469287,-2.449489742783178,-3.559026084010437,0.0,0.0,-4.760952285695233,-2.6457513110645907,-0.5773502691896257,0.0
717,15,21.0,21.0,18.0,14.0,14.0,11.0,7.0,7.0,3.0,47.0,51.0,43.0,43.0,46.0,39.0,40.0,42.0,35.0,92.0,93.0,92.0,64.0,71.0,66.0,35.0,49.0,40.0,1028.0,1031.0,1033.0,1025.0,1029.0,1030.0,1021.0,1027.0,1028.0,16.0,16.0,16.0,16.0,16.0,16.0,6.0,14.0,16.0,11.0,16.0,14.0,2.0,3.0,3.0,0.0,0.0,0.0,22.5,14.5,6.5,50.5,45.5,40.5,94.0,67.0,39.0,1024.5,1021.0,1017.0,16.0,16.0,9.5,15.0,3.5,0.0,2.1213203435596424,0.7071067811865476,-0.7071067811865476,4.06201920231798,2.8284271247461903,-1.224744871391589,2.7386127875258306,-2.5495097567963922,-8.12403840463596,-5.385164807134504,-6.324555320336759,-7.0710678118654755,0.0,0.0,-2.7386127875258306,4.415880433163924,2.0,0.0,2.449489742783178,1.8257418583505538,2.23606797749979,5.686240703077327,4.654746681256314,3.9157800414902435,2.309401076758503,2.0,-4.123105625617661,-4.546060565661952,-5.196152422706632,-5.802298395176403,0.0,0.0,-2.516611478423583,3.7859388972001824,1.632993161855452,0.0
718,17,24.0,21.0,21.0,15.0,14.0,14.0,6.0,7.0,7.0,54.0,47.0,51.0,48.0,43.0,46.0,41.0,40.0,42.0,96.0,92.0,93.0,70.0,64.0,71.0,43.0,35.0,49.0,1021.0,1028.0,1031.0,1017.0,1025.0,1029.0,1013.0,1021.0,1027.0,16.0,16.0,16.0,16.0,16.0,16.0,13.0,6.0,14.0,19.0,11.0,16.0,5.0,2.0,3.0,0.0,0.0,0.0,24.0,16.0,7.0,52.0,47.5,41.0,94.5,65.5,36.0,1019.5,1016.0,1013.0,16.0,16.0,13.0,16.0,4.0,0.0,2.1213203435596424,1.5811388300841898,1.224744871391589,4.06201920231798,3.4641016151377544,0.7071067811865476,1.8708286933869707,-4.743416490252569,-8.12403840463596,-5.385164807134504,-5.830951894845301,-5.656854249492381,0.0,0.0,4.949747468305833,3.7416573867739413,1.5811388300841898,0.0,1.7320508075688772,1.2909944487358056,1.0,2.3804761428476167,2.23606797749979,-1.0,1.4142135623730951,-5.597618541248888,-10.456258094238748,-4.725815626252608,-5.291502622129181,-5.773502691896258,0.0,0.0,-2.23606797749979,1.0,1.1547005383792515,0.0
719,18,24.0,24.0,21.0,17.0,15.0,14.0,8.0,6.0,7.0,50.0,54.0,47.0,47.0,48.0,43.0,41.0,41.0,40.0,93.0,96.0,92.0,61.0,70.0,64.0,29.0,43.0,35.0,1018.0,1021.0,1028.0,1015.0,1017.0,1025.0,1013.0,1013.0,1021.0,16.0,16.0,16.0,16.0,16.0,16.0,13.0,13.0,6.0,13.0,19.0,11.0,3.0,5.0,2.0,0.0,0.0,0.0,25.0,17.5,9.5,56.0,52.5,43.5,96.5,69.5,42.5,1016.0,1013.0,1010.5,16.0,14.5,8.0,14.5,4.5,0.0,1.4142135623730951,1.5811388300841898,2.5495097567963922,8.0,7.745966692414834,3.5355339059327378,4.47213595499958,10.198039027185569,16.32482771731451,-3.5355339059327378,-3.1622776601683795,-3.5355339059327378,0.0,-2.1213203435596424,-7.0710678118654755,-3.6742346141747673,1.5811388300841898,0.0,2.0816659994661326,1.4142135623730951,2.0,7.681145747868608,6.95221787153807,2.943920288775949,4.320493798938574,9.018499505645789,14.106735979665885,-4.96655480858378,-5.291502622129181,-5.446711546122731,0.0,-1.7320508075688772,-4.123105625617661,3.5118845842842465,2.160246899469287,0.0
720,19,26.0,24.0,24.0,18.0,17.0,15.0,11.0,8.0,6.0,62.0,50.0,54.0,58.0,47.0,48.0,46.0,41.0,41.0,100.0,93.0,96.0,78.0,61.0,70.0,56.0,29.0,43.0,1014.0,1018.0,1021.0,1011.0,1015.0,1017.0,1008.0,1013.0,1013.0,16.0,16.0,16.0,13.0,16.0,16.0,3.0,13.0,13.0,16.0,13.0,19.0,6.0,3.0,5.0,0.0,0.0,0.0,26.0,18.5,11.0,63.5,59.5,48.5,100.0,78.5,57.0,1013.0,1010.5,1008.0,16.0,11.5,1.5,19.5,8.0,0.0,1.4142135623730951,1.0,2.1213203435596424,8.74642784226795,8.06225774829855,5.0,4.949747468305833,12.041594578792296,19.144189719076646,-3.1622776601683795,-2.9154759474226504,-3.5355339059327378,0.0,-3.0,-7.3824115301167,5.385164807134504,3.5355339059327378,0.0,1.1547005383792515,1.4142135623730951,2.0816659994661326,6.757711644237764,6.557438524302,4.08248290463863,3.6514837167011076,8.34665601703261,13.379088160259652,-3.1091263510296048,-2.6457513110645907,-2.886751345948129,0.0,-2.449489742783178,-6.027713773341708,2.70801280154532,2.6457513110645907,0.0
721,23,26.0,26.0,24.0,19.0,18.0,17.0,11.0,11.0,8.0,65.0,62.0,50.0,61.0,58.0,47.0,51.0,46.0,41.0,100.0,100.0,93.0,79.0,78.0,61.0,58.0,56.0,29.0,1012.0,1014.0,1018.0,1010.0,1011.0,1015.0,1008.0,1008.0,1013.0,16.0,16.0,16.0,10.0,13.0,16.0,0.0,3.0,13.0,23.0,16.0,13.0,10.0,6.0,3.0,0.0,0.0,0.0,25.0,21.0,16.0,67.5,64.0,58.0,95.0,82.0,68.5,1011.0,1008.5,1005.5,16.0,12.0,5.0,25.0,12.0,0.0,-1.4142135623730951,2.9154759474226504,7.0710678118654755,4.123105625617661,4.743416490252569,10.51189802081432,-7.0710678118654755,4.301162633521313,14.916433890176299,-2.0,-2.23606797749979,-3.5355339059327378,0.0,1.8708286933869707,6.745368781616021,5.70087712549569,4.0,0.0,0.0,2.449489742783178,6.027713773341708,7.702813338860896,7.438637868140466,9.055385138137417,-4.123105625617661,10.424330514074594,19.782146833277054,-2.8284271247461903,-2.943920288775949,-4.08248290463863,0.0,-0.816496580927726,-1.7320508075688772,4.96655480858378,3.696845502136472,0.0
722,16,24.0,26.0,26.0,23.0,19.0,18.0,21.0,11.0,11.0,70.0,65.0,62.0,67.0,61.0,58.0,65.0,51.0,46.0,90.0,100.0,100.0,85.0,79.0,78.0,79.0,58.0,56.0,1010.0,1012.0,1014.0,1007.0,1010.0,1011.0,1003.0,1008.0,1008.0,16.0,16.0,16.0,14.0,10.0,13.0,10.0,0.0,3.0,27.0,23.0,16.0,14.0,10.0,6.0,0.0,0.0,0.0,23.5,19.5,14.5,69.5,59.5,54.0,93.0,84.5,75.5,1009.5,1006.5,1002.5,16.0,12.0,6.0,32.0,10.0,19.5,-1.5811388300841898,-4.06201920231798,-5.873670062235365,3.4641016151377544,-9.72111104761179,-12.0,-5.656854249492381,4.183300132670378,14.0,-1.5811388300841898,-2.23606797749979,-3.605551275463989,0.0,0.0,4.242640687119285,7.615773105863909,-4.898979485566356,27.577164466275352,-1.2909944487358056,-3.265986323710904,-4.795831523312719,3.3166247903554,-7.745966692414834,-9.363047936792093,-4.618802153517006,3.4641016151377544,11.489125293076057,-1.7320508075688772,-1.9148542155126762,-2.943920288775949,0.0,-1.7320508075688772,3.0,7.416198487095663,-3.265986323710904,22.516660498395403
723,15,23.0,24.0,26.0,16.0,23.0,19.0,8.0,21.0,11.0,69.0,70.0,65.0,52.0,67.0,61.0,43.0,65.0,51.0,96.0,90.0,100.0,84.0,85.0,79.0,72.0,79.0,58.0,1009.0,1010.0,1012.0,1006.0,1007.0,1010.0,1002.0,1003.0,1008.0,16.0,16.0,16.0,10.0,14.0,10.0,2.0,10.0,0.0,37.0,27.0,23.0,6.0,14.0,10.0,39.0,0.0,0.0,23.5,15.5,7.0,57.5,46.5,39.0,92.5,70.5,48.5,1010.0,1007.0,1004.5,16.0,13.0,9.0,26.5,5.5,19.5,0.0,-5.0,-9.300537618869138,-16.278820596099706,-13.152946437965905,-16.55294535724685,-2.5495097567963922,-19.1049731745428,-33.60059523282288,1.224744871391589,1.224744871391589,3.4641016151377544,0.0,3.1622776601683795,8.12403840463596,-13.057564857200596,-5.70087712549569,0.0,-1.1547005383792515,-3.366501646120693,-4.932882862316247,-12.974333637352377,-10.16530045465127,-10.83205120618128,-6.137317546507322,-15.209646062066446,-24.610295948376294,-0.5773502691896257,-1.4142135623730951,-0.5773502691896257,0.0,3.4641016151377544,8.793937305515279,-10.408329997330663,-4.041451884327381,0.0
724,18,24.0,23.0,24.0,15.0,16.0,23.0,6.0,8.0,21.0,46.0,69.0,70.0,41.0,52.0,67.0,35.0,43.0,65.0,89.0,96.0,90.0,57.0,84.0,85.0,25.0,72.0,79.0,1011.0,1009.0,1010.0,1008.0,1006.0,1007.0,1007.0,1002.0,1003.0,16.0,16.0,16.0,16.0,10.0,14.0,16.0,2.0,10.0,16.0,37.0,27.0,5.0,6.0,14.0,0.0,39.0,0.0,24.0,16.5,9.0,55.5,50.5,40.0,94.5,71.5,48.0,1010.0,1007.0,1005.5,16.0,16.0,14.5,15.0,5.5,0.0,0.7071067811865476,2.0,4.0,-9.16515138991168,10.954451150103322,4.242640687119285,6.0,7.483314773547883,-6.819090848492928,0.0,0.0,2.8284271247461903,0.0,4.242640687119285,9.669539802906858,-14.916433890176299,0.0,-27.577164466275352,0.0,-3.696845502136472,-6.757711644237764,-7.505553499465135,2.23606797749979,-12.220201853215574,6.0,6.082762530298219,-6.879922480183431,-0.5773502691896257,-0.5773502691896257,2.23606797749979,0.0,2.581988897471611,6.4031242374328485,-10.723805294763608,-4.618802153517006,0.0
725,13,24.0,24.0,23.0,18.0,15.0,16.0,12.0,6.0,8.0,65.0,46.0,69.0,60.0,41.0,52.0,45.0,35.0,43.0,100.0,89.0,96.0,86.0,57.0,84.0,71.0,25.0,72.0,1009.0,1011.0,1009.0,1006.0,1008.0,1006.0,1004.0,1007.0,1002.0,16.0,16.0,16.0,16.0,16.0,10.0,13.0,16.0,2.0,14.0,16.0,37.0,6.0,5.0,6.0,0.0,0.0,39.0,20.5,15.5,10.0,52.0,44.5,35.0,76.5,63.0,49.0,1013.0,1009.5,1006.5,16.0,16.0,14.5,19.0,9.5,0.0,-4.949747468305833,-2.8284271247461903,3.1622776601683795,-12.549900398011133,-17.320508075688775,-12.24744871391589,-32.31098884280702,-25.248762345905195,9.486832980505138,5.477225575051661,4.743416490252569,2.8284271247461903,0.0,0.0,0.0,6.928203230275509,5.0,0.0,-4.0,-2.3804761428476167,2.309401076758503,-16.772994167212165,-15.50268793897798,-11.015141094572204,-26.689573494781317,-25.84569596664017,-26.00640946638604,4.618802153517006,4.041451884327381,3.696845502136472,0.0,3.4641016151377544,8.082903768654761,-10.723805294763608,4.041451884327381,-22.516660498395403
726,12,17.0,24.0,24.0,13.0,18.0,15.0,8.0,12.0,6.0,39.0,65.0,46.0,29.0,60.0,41.0,25.0,45.0,35.0,53.0,100.0,89.0,40.0,86.0,57.0,27.0,71.0,25.0,1017.0,1009.0,1011.0,1013.0,1006.0,1008.0,1009.0,1004.0,1007.0,16.0,16.0,16.0,16.0,16.0,16.0,16.0,13.0,16.0,24.0,14.0,16.0,13.0,6.0,5.0,0.0,0.0,0.0,18.5,12.5,6.0,38.0,30.0,24.0,66.0,47.0,27.5,1021.0,1016.0,1012.5,16.0,16.0,16.0,23.5,9.5,0.0,-4.47213595499958,-3.605551275463989,-4.0,-18.439088914585774,-21.874642854227357,-14.212670403551895,-27.685736399814257,-30.983866769659336,-31.10466202999158,8.0,6.519202405202649,6.082762530298219,0.0,0.0,2.1213203435596424,7.035623639735144,0.0,0.0,-3.6514837167011076,-2.3804761428476167,1.1547005383792515,-10.311805532172013,-14.094916341243982,-10.066445913694333,-21.694853460363973,-18.964879822099235,7.767453465154029,6.429100507328637,5.196152422706632,4.654746681256314,0.0,0.0,0.0,5.627314338711377,0.5773502691896257,0.0
727,8,20.0,17.0,24.0,12.0,13.0,18.0,4.0,8.0,12.0,37.0,39.0,65.0,31.0,29.0,60.0,23.0,25.0,45.0,79.0,53.0,100.0,54.0,40.0,86.0,28.0,27.0,71.0,1025.0,1017.0,1009.0,1019.0,1013.0,1006.0,1016.0,1009.0,1004.0,16.0,16.0,16.0,16.0,16.0,16.0,16.0,16.0,13.0,23.0,24.0,14.0,6.0,13.0,6.0,0.0,0.0,0.0,17.0,10.0,2.5,36.0,31.0,25.0,77.5,54.5,30.5,1028.0,1023.5,1020.5,16.0,16.0,16.0,22.0,5.5,0.0,-3.6742346141747673,-2.9154759474226504,-3.5355339059327378,-2.0,1.4142135623730951,2.449489742783178,18.261982367749674,9.924716620639604,3.605551275463989,7.0710678118654755,7.648529270389178,8.06225774829855,0.0,0.0,0.0,-1.5811388300841898,-5.0,0.0,-5.033222956847166,-3.7416573867739413,-3.696845502136472,-15.0996688705415,-17.86057109949175,-11.372481406154654,-22.67156809750927,-25.29163234484217,-25.232254490367417,7.393691004272944,7.438637868140466,7.187952884282608,0.0,0.0,1.7320508075688772,5.627314338711377,-0.5773502691896257,0.0
728,11,14.0,20.0,17.0,8.0,12.0,13.0,1.0,4.0,8.0,35.0,37.0,39.0,31.0,31.0,29.0,27.0,23.0,25.0,76.0,79.0,53.0,55.0,54.0,40.0,33.0,28.0,27.0,1031.0,1025.0,1017.0,1028.0,1019.0,1013.0,1025.0,1016.0,1009.0,16.0,16.0,16.0,16.0,16.0,16.0,16.0,16.0,16.0,21.0,23.0,24.0,5.0,6.0,13.0,0.0,0.0,0.0,16.5,9.5,1.5,41.5,35.5,29.5,84.0,61.5,38.5,1032.0,1028.5,1026.0,16.0,16.0,16.0,21.0,5.5,0.0,-2.345207879911715,-1.8708286933869707,-2.0,9.082951062292475,6.363961030678928,4.527692569068709,11.113055385446435,9.219544457292887,8.54400374531753,4.47213595499958,6.4031242374328485,6.519202405202649,0.0,0.0,0.0,-1.4142135623730951,0.0,0.0,-0.816496580927726,-1.632993161855452,-2.8284271247461903,7.32575365861197,5.32290647422377,3.5118845842842465,17.540429489230494,11.045361017187261,7.0,5.887840577551898,6.27162924074226,6.683312551921141,0.0,0.0,0.0,-1.2909944487358056,-4.041451884327381,0.0
729,15,19.0,14.0,20.0,11.0,8.0,12.0,2.0,1.0,4.0,48.0,35.0,37.0,40.0,31.0,31.0,32.0,27.0,23.0,92.0,76.0,79.0,68.0,55.0,54.0,44.0,33.0,28.0,1033.0,1031.0,1025.0,1029.0,1028.0,1019.0,1027.0,1025.0,1016.0,16.0,16.0,16.0,16.0,16.0,16.0,16.0,16.0,16.0,21.0,21.0,23.0,6.0,5.0,6.0,0.0,0.0,0.0,19.0,13.0,6.5,55.0,48.0,40.0,96.0,78.5,61.0,1030.5,1024.5,1021.5,16.0,16.0,12.0,21.0,7.0,0.0,3.5355339059327378,3.5355339059327378,6.4031242374328485,13.509256086106296,12.98075498574717,11.853269591129697,12.649110640673518,17.46424919657298,25.268557536986556,-3.24037034920393,-6.324555320336759,-7.648529270389178,0.0,0.0,-5.656854249492381,0.0,1.5811388300841898,0.0,-1.9148542155126762,1.7320508075688772,4.932882862316247,10.969655114602888,10.598742063723098,9.9498743710662,10.181682899534175,14.27118308573843,20.83266665599966,2.23606797749979,0.5773502691896257,-3.4641016151377544,0.0,0.0,-4.618802153517006,-1.1547005383792515,1.1547005383792515,0.0
730,18,19.0,19.0,14.0,15.0,11.0,8.0,11.0,2.0,1.0,62.0,48.0,35.0,56.0,40.0,31.0,48.0,32.0,27.0,100.0,92.0,76.0,89.0,68.0,55.0,78.0,44.0,33.0,1028.0,1033.0,1031.0,1020.0,1029.0,1028.0,1016.0,1027.0,1025.0,16.0,16.0,16.0,16.0,16.0,16.0,8.0,16.0,16.0,21.0,21.0,21.0,8.0,6.0,5.0,0.0,0.0,0.0,21.5,16.5,11.5,63.0,58.5,49.5,96.5,84.0,71.0,1022.0,1017.5,1014.0,16.0,15.0,8.0,17.0,5.5,0.0,3.5355339059327378,3.5355339059327378,6.4031242374328485,10.0,11.853269591129697,11.510864433221338,2.7386127875258306,13.057564857200596,21.908902300206645,-9.192388155425117,-7.280109889280518,-8.276472678623424,0.0,-1.4142135623730951,-5.656854249492381,-5.656854249492381,-3.24037034920393,0.0,4.08248290463863,3.366501646120693,5.259911279353167,11.090536506409418,10.98483803552272,9.83192080250175,9.504384952922168,13.038404810405298,18.98244803320513,-7.416198487095663,-5.916079783099616,-6.658328118479393,0.0,-1.1547005383792515,-4.618802153517006,-4.618802153517006,-2.581988897471611,0.0
731,18,24.0,19.0,19.0,18.0,15.0,11.0,12.0,11.0,2.0,64.0,62.0,48.0,61.0,56.0,40.0,51.0,48.0,32.0,93.0,100.0,92.0,79.0,89.0,68.0,64.0,78.0,44.0,1016.0,1028.0,1033.0,1015.0,1020.0,1029.0,1012.0,1016.0,1027.0,16.0,16.0,16.0,14.0,16.0,16.0,8.0,8.0,16.0,13.0,21.0,21.0,3.0,8.0,6.0,0.0,0.0,0.0,25.0,18.0,10.5,65.0,59.0,48.5,93.0,74.0,54.5,1014.5,1010.5,1006.0,16.0,15.0,12.0,17.0,5.5,0.0,3.8078865529319543,2.1213203435596424,-2.0,2.0,2.1213203435596424,-2.8284271247461903,-4.949747468305833,-10.0,-16.688319268278637,-8.74642784226795,-7.280109889280518,-8.94427190999916,0.0,0.0,5.656854249492381,0.0,0.0,0.0,3.1091263510296048,2.886751345948129,4.932882862316247,8.246211251235321,9.39858145324779,8.94427190999916,2.23606797749979,8.962886439832502,14.130345596151095,-7.702813338860896,-7.895146188218008,-9.678154093971983,0.0,0.0,0.0,0.0,1.1547005383792515,0.0
732,19,26.0,24.0,19.0,18.0,18.0,15.0,9.0,12.0,11.0,66.0,64.0,62.0,57.0,61.0,56.0,46.0,51.0,48.0,93.0,93.0,100.0,69.0,79.0,89.0,45.0,64.0,78.0,1013.0,1016.0,1028.0,1006.0,1015.0,1020.0,1000.0,1012.0,1016.0,16.0,16.0,16.0,16.0,14.0,16.0,16.0,8.0,8.0,21.0,13.0,21.0,8.0,3.0,8.0,0.0,0.0,0.0,26.5,18.5,10.5,66.0,55.5,43.0,93.0,64.0,35.0,1009.5,1003.5,999.0,16.0,15.0,10.5,22.5,6.5,0.0,1.5811388300841898,0.7071067811865476,0.0,1.4142135623730951,-3.5355339059327378,-5.522680508593631,0.0,-10.0,-19.50640920313116,-5.385164807134504,-7.280109889280518,-8.602325267042627,0.0,0.0,-5.338539126015656,6.041522986797286,2.8284271247461903,0.0,3.1622776601683795,1.8257418583505538,0.5773502691896257,1.632993161855452,0.0,-4.163331998932265,-4.041451884327381,-10.0,-17.86057109949175,-8.205689083394114,-6.60807586719967,-7.393691004272944,0.0,-1.1547005383792515,-4.358898943540674,1.7320508075688772,-1.7320508075688772,0.0
733,17,27.0,26.0,24.0,19.0,18.0,18.0,12.0,9.0,12.0,66.0,66.0,64.0,54.0,57.0,61.0,40.0,46.0,51.0,93.0,93.0,93.0,59.0,69.0,79.0,25.0,45.0,64.0,1006.0,1013.0,1016.0,1001.0,1006.0,1015.0,998.0,1000.0,1012.0,16.0,16.0,16.0,14.0,16.0,14.0,5.0,16.0,8.0,24.0,21.0,13.0,5.0,8.0,3.0,0.0,0.0,0.0,25.0,18.0,11.5,64.5,55.0,43.0,93.0,70.0,46.5,1010.0,1005.5,1002.5,16.0,14.0,5.5,20.0,3.5,0.0,-2.7386127875258306,-1.224744871391589,2.0,-2.1213203435596424,-1.5811388300841898,0.0,0.0,13.856406460551018,26.91653766738954,2.7386127875258306,5.291502622129181,6.2048368229954285,0.0,-1.4142135623730951,-7.745966692414834,-5.244044240850758,-3.0,0.0,-1.9148542155126762,-1.0,-0.5773502691896257,-1.2909944487358056,-2.6457513110645907,-2.886751345948129,0.0,9.72967967955095,19.043809142780933,1.4142135623730951,-2.886751345948129,-4.725815626252608,0.0,0.0,-4.320493798938574,1.7320508075688772,1.5275252316519468,0.0
734,16,23.0,27.0,26.0,17.0,19.0,18.0,11.0,12.0,9.0,63.0,66.0,66.0,56.0,54.0,57.0,46.0,40.0,46.0,93.0,93.0,93.0,81.0,59.0,69.0,68.0,25.0,45.0,1014.0,1006.0,1013.0,1010.0,1001.0,1006.0,1007.0,998.0,1000.0,16.0,16.0,16.0,14.0,14.0,16.0,6.0,5.0,16.0,16.0,24.0,21.0,2.0,5.0,8.0,0.0,0.0,0.0,22.0,16.5,11.0,64.5,54.5,44.5,93.0,79.0,64.5,1015.5,1012.0,1008.5,16.0,14.0,8.0,15.0,2.5,0.0,-3.1622776601683795,-1.5811388300841898,-0.7071067811865476,0.0,-1.5811388300841898,3.6742346141747673,0.0,15.297058540778355,30.0,6.041522986797286,6.96419413859206,6.708203932499369,0.0,0.0,2.9154759474226504,-5.830951894845301,-2.0,0.0,-2.516611478423583,-1.1547005383792515,1.632993161855452,0.0,-2.160246899469287,-1.7320508075688772,0.0,11.075498483890767,21.602468994692867,2.8284271247461903,4.898979485566356,5.354126134736337,0.0,-1.1547005383792515,-5.887840577551898,-4.43471156521669,-2.3804761428476167,0.0
735,23,21.0,23.0,27.0,16.0,17.0,19.0,11.0,11.0,12.0,66.0,63.0,66.0,53.0,56.0,54.0,43.0,46.0,40.0,93.0,93.0,93.0,77.0,81.0,59.0,61.0,68.0,25.0,1017.0,1014.0,1006.0,1014.0,1010.0,1001.0,1010.0,1007.0,998.0,16.0,16.0,16.0,14.0,14.0,14.0,10.0,6.0,5.0,14.0,16.0,24.0,3.0,2.0,5.0,0.0,0.0,0.0,23.5,19.5,16.0,68.0,61.0,55.5,93.0,81.0,68.5,1013.5,1010.0,1006.5,16.0,14.0,9.0,24.0,9.5,1.5,3.24037034920393,4.898979485566356,7.0710678118654755,3.5355339059327378,11.113055385446435,17.549928774784245,0.0,4.898979485566356,9.38083151964686,-4.47213595499958,-4.898979485566356,-4.47213595499958,0.0,0.0,2.449489742783178,14.071247279470288,9.219544457292887,2.1213203435596424,1.2909944487358056,3.8297084310253524,5.744562646538029,2.309401076758503,9.146948489341495,14.742229591663987,0.0,13.316656236958787,25.98076211353316,2.8284271247461903,3.3166247903554,3.696845502136472,0.0,0.0,2.0816659994661326,10.519822558706334,7.32575365861197,1.7320508075688772
736,13,26.0,21.0,23.0,23.0,16.0,17.0,21.0,11.0,11.0,70.0,66.0,63.0,69.0,53.0,56.0,68.0,43.0,46.0,93.0,93.0,93.0,85.0,77.0,81.0,76.0,61.0,68.0,1010.0,1017.0,1014.0,1006.0,1014.0,1010.0,1003.0,1010.0,1007.0,16.0,16.0,16.0,14.0,14.0,14.0,8.0,10.0,6.0,34.0,14.0,16.0,16.0,3.0,2.0,3.0,0.0,0.0,24.5,18.0,11.5,69.5,58.0,50.5,93.0,87.0,80.0,1009.5,1005.5,1001.5,16.0,13.5,5.0,34.0,16.0,18.5,2.8284271247461903,-5.049752469181039,-11.423659658795863,2.7386127875258306,-10.677078252031311,-17.320508075688775,0.0,6.324555320336759,12.020815280171307,-5.0,-5.70087712549569,-5.385164807134504,0.0,-0.7071067811865476,-4.47213595499958,14.142135623730951,9.192388155425117,22.02271554554524,2.0,-4.163331998932265,-9.327379053088816,2.8284271247461903,-8.888194417315589,-14.247806848775006,0.0,4.618802153517006,8.94427190999916,-3.696845502136472,-4.041451884327381,-4.041451884327381,0.0,-0.5773502691896257,-2.8284271247461903,11.489125293076057,7.52772652709081,17.98147194568157
737,5,23.0,26.0,21.0,13.0,23.0,16.0,2.0,21.0,11.0,69.0,70.0,66.0,47.0,69.0,53.0,33.0,68.0,43.0,93.0,93.0,93.0,89.0,85.0,77.0,84.0,76.0,61.0,1009.0,1010.0,1017.0,1005.0,1006.0,1014.0,1000.0,1003.0,1010.0,16.0,16.0,16.0,13.0,14.0,14.0,2.0,8.0,10.0,34.0,34.0,14.0,16.0,16.0,3.0,34.0,3.0,0.0,15.5,9.0,2.0,51.5,38.5,30.5,92.5,82.0,71.0,1013.5,1009.5,1004.0,16.0,14.5,9.0,34.0,14.5,34.0,-10.816653826391969,-9.055385138137417,-13.435028842544403,-24.758836806279895,-19.6596032513375,-25.0,-0.7071067811865476,-9.486832980505138,-17.4928556845359,6.324555320336759,6.324555320336759,5.244044240850758,0.0,2.0,8.94427190999916,0.0,-2.1213203435596424,21.920310216782973,-8.34665601703261,-6.191391873668904,-9.327379053088816,-20.08316044185609,-13.12757911167681,-14.433756729740644,-0.5773502691896257,-6.2182527020592095,-11.357816691600547,3.2145502536643185,2.309401076758503,1.4142135623730951,0.0,1.632993161855452,7.211102550927978,11.547005383792516,7.302967433402215,17.98147194568157
738,6,8.0,23.0,26.0,5.0,13.0,23.0,2.0,2.0,21.0,34.0,69.0,70.0,30.0,47.0,69.0,28.0,33.0,68.0,92.0,93.0,93.0,75.0,89.0,85.0,58.0,84.0,76.0,1018.0,1009.0,1010.0,1014.0,1005.0,1006.0,1008.0,1000.0,1003.0,16.0,16.0,16.0,16.0,13.0,14.0,16.0,2.0,8.0,34.0,34.0,34.0,13.0,16.0,16.0,34.0,34.0,3.0,8.5,5.5,2.5,38.5,33.0,30.0,92.0,74.5,57.0,1020.0,1016.5,1012.0,16.0,14.5,10.5,23.5,9.0,17.5,-10.583005244258363,-5.612486080160912,0.7071067811865476,-23.916521486202797,-11.247221879201993,-2.1213203435596424,-0.7071067811865476,-9.924716620639604,-18.439088914585774,6.96419413859206,7.280109889280518,8.0,0.0,0.0,6.123724356957945,-14.849242404917497,-6.041522986797286,-23.33452377915607,-8.812869377601524,-7.371114795831994,-10.954451150103322,-19.53629101612347,-15.673757260678329,-20.281354326901674,-0.5773502691896257,-7.767453465154029,-14.329456840136451,5.656854249492381,5.916079783099616,6.298147875897061,0.0,-0.5773502691896257,3.605551275463989,-12.12435565298214,-4.932882862316247,-6.531972647421808
739,9,9.0,8.0,23.0,6.0,5.0,13.0,3.0,2.0,2.0,43.0,34.0,69.0,36.0,30.0,47.0,32.0,28.0,33.0,92.0,92.0,93.0,74.0,75.0,89.0,56.0,58.0,84.0,1022.0,1018.0,1009.0,1019.0,1014.0,1005.0,1016.0,1008.0,1000.0,16.0,16.0,16.0,13.0,16.0,13.0,5.0,16.0,2.0,13.0,34.0,34.0,5.0,13.0,16.0,1.0,34.0,34.0,11.5,7.5,4.0,43.5,39.0,35.5,96.0,77.0,57.5,1024.0,1021.5,1018.5,16.0,12.0,5.0,13.5,5.5,1.0,3.605551275463989,2.23606797749979,1.5811388300841898,6.4031242374328485,6.0,5.70087712549569,5.656854249492381,4.183300132670378,1.5811388300841898,4.0,5.0,6.670832032063167,0.0,-2.5495097567963922,-7.7781745930520225,-14.832396974191326,-5.612486080160912,-23.33452377915607,-8.144527815247077,-4.242640687119285,1.2909944487358056,-19.519221295943137,-8.504900548115382,3.6514837167011076,4.58257569495584,-7.32575365861197,-14.95548951611637,6.137317546507322,6.60807586719967,7.14142842854285,0.0,-1.1547005383792515,5.0,-12.110601416389967,-4.898979485566356,-19.05255888325765
740,8,14.0,9.0,8.0,9.0,6.0,5.0,5.0,3.0,2.0,44.0,43.0,34.0,42.0,36.0,30.0,39.0,32.0,28.0,100.0,92.0,92.0,80.0,74.0,75.0,59.0,56.0,58.0,1026.0,1022.0,1018.0,1024.0,1019.0,1014.0,1021.0,1016.0,1008.0,16.0,16.0,16.0,11.0,13.0,16.0,5.0,5.0,16.0,14.0,13.0,34.0,6.0,5.0,13.0,1.0,1.0,34.0,13.0,8.5,4.5,42.0,40.5,38.0,96.5,79.0,61.0,1027.5,1025.5,1022.5,16.0,13.5,10.5,17.5,8.0,0.5,3.24037034920393,2.0,1.224744871391589,-2.7386127875258306,3.6742346141747673,4.743416490252569,2.7386127875258306,4.0,3.5355339059327378,3.5355339059327378,4.123105625617661,4.123105625617661,0.0,3.24037034920393,7.7781745930520225,5.0,2.9154759474226504,-0.7071067811865476,2.70801280154532,1.7320508075688772,1.1547005383792515,4.69041575982343,4.58257569495584,4.509249752822894,2.23606797749979,3.2145502536643185,2.6457513110645907,3.696845502136472,4.43471156521669,5.715476066494082,0.0,2.0,0.0,-11.416362526362473,-3.958114029012639,-19.061304607327727
741,8,12.0,14.0,9.0,8.0,9.0,6.0,4.0,5.0,3.0,40.0,44.0,43.0,39.0,42.0,36.0,37.0,39.0,32.0,93.0,100.0,92.0,78.0,80.0,74.0,63.0,59.0,56.0,1029.0,1026.0,1022.0,1027.0,1024.0,1019.0,1024.0,1021.0,1016.0,16.0,16.0,16.0,16.0,11.0,13.0,16.0,5.0,5.0,21.0,14.0,13.0,10.0,6.0,5.0,0.0,1.0,1.0,10.5,8.0,5.5,38.0,36.0,32.5,79.5,69.0,58.0,1031.5,1029.5,1026.5,16.0,16.0,16.0,22.5,11.5,0.0,-2.5495097567963922,-0.7071067811865476,2.0,-4.0,-4.743416490252569,-6.519202405202649,-19.72308292331602,-12.806248474865697,-6.48074069840786,4.123105625617661,4.123105625617661,4.123105625617661,0.0,3.5355339059327378,7.7781745930520225,5.385164807134504,3.5355339059327378,-0.7071067811865476,2.0,1.632993161855452,2.0,-3.2145502536643185,-1.7320508075688772,-3.4641016151377544,-15.427248620541512,-9.865765724632494,-5.0,4.08248290463863,4.43471156521669,4.43471156521669,0.0,2.6457513110645907,6.3508529610858835,4.43471156521669,2.943920288775949,-0.5773502691896257
742,7,9.0,12.0,14.0,8.0,8.0,9.0,7.0,4.0,5.0,36.0,40.0,44.0,33.0,39.0,42.0,28.0,37.0,39.0,66.0,93.0,100.0,60.0,78.0,80.0,53.0,63.0,59.0,1034.0,1029.0,1026.0,1032.0,1027.0,1024.0,1029.0,1024.0,1021.0,16.0,16.0,16.0,16.0,16.0,11.0,16.0,16.0,5.0,24.0,21.0,14.0,13.0,10.0,6.0,0.0,0.0,1.0,8.5,7.5,6.5,39.0,33.5,28.5,83.0,68.5,53.0,1033.5,1031.0,1028.5,16.0,16.0,16.0,18.5,8.0,2.5,-2.23606797749979,-0.7071067811865476,2.0,3.1622776601683795,-4.183300132670378,-6.324555320336759,14.611639196202457,-4.183300132670378,-7.0710678118654755,3.4641016151377544,3.24037034920393,3.4641016151377544,0.0,0.0,0.0,-7.483314773547883,-6.745368781616021,3.5355339059327378,-2.160246899469287,-0.816496580927726,1.5275252316519468,1.1547005383792515,-3.8297084310253524,-5.291502622129181,11.224972160321824,-3.605551275463989,-5.291502622129181,3.3166247903554,3.1622776601683795,3.3166247903554,0.0,2.886751345948129,6.3508529610858835,-4.58257569495584,-5.0,2.8284271247461903
743,11,8.0,9.0,12.0,7.0,8.0,8.0,6.0,7.0,4.0,42.0,36.0,40.0,34.0,33.0,39.0,29.0,28.0,37.0,100.0,66.0,93.0,77.0,60.0,78.0,53.0,53.0,63.0,1033.0,1034.0,1029.0,1030.0,1032.0,1027.0,1028.0,1029.0,1024.0,16.0,16.0,16.0,16.0,16.0,16.0,16.0,16.0,16.0,13.0,24.0,21.0,3.0,13.0,10.0,5.0,0.0,0.0,12.5,9.0,5.5,42.5,36.5,30.5,98.0,73.5,48.0,1030.5,1028.0,1025.5,16.0,16.0,16.0,13.5,4.0,5.0,6.324555320336759,2.7386127875258306,-1.0,4.301162633521313,3.605551275463989,2.23606797749979,23.874672772626646,10.954451150103322,-7.0710678118654755,-3.605551275463989,-3.1622776601683795,-3.605551275463989,0.0,0.0,0.0,-7.745966692414834,-6.928203230275509,3.5355339059327378,4.864839839775475,2.23606797749979,1.5275252316519468,2.6457513110645907,-1.8257418583505538,-4.864839839775475,11.704699910719626,-5.291502622129181,-8.16496580927726,-0.5773502691896257,1.2909944487358056,-0.5773502691896257,0.0,0.0,0.0,-6.082762530298219,-5.385164807134504,2.886751345948129
744,9,17.0,8.0,9.0,11.0,7.0,8.0,5.0,6.0,7.0,43.0,42.0,36.0,39.0,34.0,33.0,32.0,29.0,28.0,96.0,100.0,66.0,70.0,77.0,60.0,43.0,53.0,53.0,1028.0,1033.0,1034.0,1026.0,1030.0,1032.0,1023.0,1028.0,1029.0,16.0,16.0,16.0,16.0,16.0,16.0,16.0,16.0,16.0,14.0,13.0,24.0,5.0,3.0,13.0,5.0,5.0,0.0,15.5,10.0,4.0,38.0,35.0,31.0,87.5,64.0,39.5,1029.0,1026.5,1024.0,16.0,16.0,16.0,14.0,5.5,2.5,6.0,2.449489742783178,-1.5811388300841898,-7.035623639735144,-4.415880433163924,1.5811388300841898,-12.349089035228468,-9.82344135219425,-8.631338250816034,-3.24037034920393,-2.7386127875258306,-3.24037034920393,0.0,0.0,0.0,0.7071067811865476,1.5811388300841898,-3.5355339059327378,4.864839839775475,1.9148542155126762,-1.4142135623730951,-4.58257569495584,-3.559026084010437,1.4142135623730951,16.842406795546374,5.656854249492381,-7.047458170621991,-2.70801280154532,-2.516611478423583,-2.70801280154532,0.0,0.0,0.0,-6.324555320336759,-5.627314338711377,0.0
745,8,14.0,17.0,8.0,9.0,11.0,7.0,3.0,5.0,6.0,33.0,43.0,42.0,31.0,39.0,34.0,30.0,32.0,29.0,79.0,96.0,100.0,58.0,70.0,77.0,36.0,43.0,53.0,1030.0,1028.0,1033.0,1027.0,1026.0,1030.0,1025.0,1023.0,1028.0,16.0,16.0,16.0,16.0,16.0,16.0,16.0,16.0,16.0,14.0,14.0,13.0,6.0,5.0,3.0,0.0,5.0,5.0,13.5,8.5,2.5,36.5,33.5,31.0,82.0,63.0,43.5,1029.0,1026.0,1024.0,16.0,16.0,16.0,14.0,5.5,0.0,-2.23606797749979,-1.5811388300841898,-1.5811388300841898,-5.049752469181039,-4.415880433163924,0.0,-11.247221879201993,-4.69041575982343,9.38083151964686,0.0,-1.224744871391589,0.0,0.0,0.0,0.0,0.0,0.0,-3.5355339059327378,4.864839839775475,1.9148542155126762,-1.4142135623730951,-4.08248290463863,-2.160246899469287,1.7320508075688772,-9.46924847422786,-5.5677643628300215,5.033222956847166,-2.886751345948129,-2.516611478423583,-2.886751345948129,0.0,0.0,0.0,0.5773502691896257,1.1547005383792515,-2.886751345948129
746,10,13.0,14.0,17.0,8.0,9.0,11.0,2.0,3.0,5.0,40.0,33.0,43.0,36.0,31.0,39.0,32.0,30.0,32.0,85.0,79.0,96.0,68.0,58.0,70.0,51.0,36.0,43.0,1028.0,1030.0,1028.0,1025.0,1027.0,1026.0,1023.0,1025.0,1023.0,16.0,16.0,16.0,16.0,16.0,16.0,16.0,16.0,16.0,14.0,14.0,14.0,5.0,6.0,5.0,0.0,0.0,5.0,12.5,9.0,5.0,46.0,41.5,36.5,92.5,77.0,61.0,1025.5,1021.5,1018.5,16.0,12.0,9.0,14.0,5.0,1.5,-1.0,1.224744871391589,4.183300132670378,9.82344135219425,8.54400374531753,6.519202405202649,11.423659658795863,14.560219778561036,17.67766952966369,-3.8078865529319543,-5.1478150704935,-6.519202405202649,0.0,-5.656854249492381,-9.899494936611665,0.0,-0.7071067811865476,2.1213203435596424,-1.9148542155126762,-0.5773502691896257,3.2145502536643185,5.5677643628300215,5.228129047119374,5.196152422706632,-3.0550504633038935,9.66091783079296,13.856406460551018,-2.886751345948129,-4.163331998932265,-5.196152422706632,0.0,-4.618802153517006,-8.082903768654761,0.0,0.0,-2.309401076758503
747,16,12.0,13.0,14.0,10.0,8.0,9.0,8.0,2.0,3.0,52.0,40.0,33.0,47.0,36.0,31.0,41.0,32.0,30.0,100.0,85.0,79.0,86.0,68.0,58.0,71.0,51.0,36.0,1023.0,1028.0,1030.0,1018.0,1025.0,1027.0,1014.0,1023.0,1025.0,16.0,16.0,16.0,8.0,16.0,16.0,2.0,16.0,16.0,14.0,14.0,14.0,5.0,5.0,6.0,3.0,0.0,0.0,17.5,13.0,8.5,52.5,48.5,43.5,100.0,78.5,56.0,1019.0,1015.5,1011.5,16.0,8.0,1.0,14.0,4.0,1.5,7.745966692414834,4.47213595499958,4.301162633521313,8.514693182963201,8.06225774829855,7.280109889280518,10.606601717798213,7.035623639735144,-15.811388300841896,-6.670832032063167,-6.082762530298219,-7.280109889280518,0.0,-5.656854249492381,-10.0,0.0,-1.4142135623730951,0.0,6.298147875897061,3.605551275463989,3.4641016151377544,8.04155872120988,7.187952884282608,6.0553007081949835,9.327379053088816,8.144527815247077,-9.574271077563381,-5.5677643628300215,-5.0990195135927845,-6.0553007081949835,0.0,-4.618802153517006,-8.16496580927726,0.0,-1.2909944487358056,0.0
748,13,23.0,12.0,13.0,16.0,10.0,8.0,9.0,8.0,2.0,53.0,52.0,40.0,50.0,47.0,36.0,46.0,41.0,32.0,100.0,100.0,85.0,71.0,86.0,68.0,41.0,71.0,51.0,1015.0,1023.0,1028.0,1013.0,1018.0,1025.0,1009.0,1014.0,1023.0,16.0,16.0,16.0,8.0,8.0,16.0,0.0,2.0,16.0,14.0,14.0,14.0,3.0,5.0,5.0,0.0,3.0,0.0,21.0,14.5,8.0,55.0,50.0,44.5,100.0,78.5,56.5,1013.0,1011.0,1007.0,16.0,9.5,1.5,17.5,4.0,0.0,7.245688373094719,3.6742346141747673,-1.224744871391589,2.9154759474226504,2.1213203435596424,2.8284271247461903,0.0,0.0,5.522680508593631,-6.324555320336759,-4.527692569068709,-4.527692569068709,0.0,2.1213203435596424,1.5811388300841898,4.949747468305833,0.0,-2.1213203435596424,5.887840577551898,3.2145502536643185,3.3166247903554,7.32575365861197,6.582805886043833,5.686240703077327,8.660254037844387,10.392304845413264,12.396235987858034,-5.916079783099616,-5.477225575051661,-6.377042156569663,0.0,-4.281744192888376,-7.979139469057215,4.041451884327381,0.0,0.0
749,9,19.0,23.0,12.0,13.0,16.0,10.0,7.0,9.0,8.0,57.0,53.0,52.0,50.0,50.0,47.0,43.0,46.0,41.0,100.0,100.0,100.0,86.0,71.0,86.0,72.0,41.0,71.0,1011.0,1015.0,1023.0,1009.0,1013.0,1018.0,1005.0,1009.0,1014.0,16.0,16.0,16.0,11.0,8.0,8.0,3.0,0.0,2.0,21.0,14.0,14.0,5.0,3.0,5.0,0.0,0.0,3.0,16.5,11.0,5.0,50.5,42.0,35.5,85.5,72.5,59.0,1017.5,1013.0,1007.5,16.0,13.5,9.5,25.0,9.5,0.0,-4.527692569068709,-3.5355339059327378,-3.1622776601683795,-8.74642784226795,-11.313708498984761,-10.816653826391969,-20.506096654409877,-15.874507866387544,11.937336386313323,8.74642784226795,4.898979485566356,2.1213203435596424,0.0,4.123105625617661,9.433981132056603,7.516648189186454,6.519202405202649,0.0,5.163977794943222,1.9148542155126762,-2.516611478423583,-7.118052168020874,-9.073771725877465,-8.34665601703261,-16.743157806499145,-15.588457268119896,-14.317821063276353,5.446711546122731,2.7688746209726918,-2.309401076758503,0.0,3.366501646120693,7.615773105863909,6.137317546507322,5.196152422706632,-1.7320508075688772
750,6,14.0,19.0,23.0,9.0,13.0,16.0,3.0,7.0,9.0,44.0,57.0,53.0,34.0,50.0,50.0,28.0,43.0,46.0,71.0,100.0,100.0,59.0,86.0,71.0,46.0,72.0,41.0,1024.0,1011.0,1015.0,1017.0,1009.0,1013.0,1010.0,1005.0,1009.0,16.0,16.0,16.0,16.0,11.0,8.0,16.0,3.0,0.0,29.0,21.0,14.0,14.0,5.0,3.0,0.0,0.0,0.0,12.0,7.5,2.0,36.0,30.0,26.5,76.5,60.0,42.5,1026.5,1021.5,1017.0,16.0,16.0,16.0,24.0,10.0,0.0,-4.527692569068709,-3.5355339059327378,-3.1622776601683795,-14.577379737113251,-12.649110640673518,-10.816653826391969,-18.973665961010276,-19.03943276465977,-19.03943276465977,9.848857801796104,8.514693182963201,10.51189802081432,0.0,3.5355339059327378,9.192388155425117,-4.242640687119285,2.9154759474226504,0.0,-4.358898943540674,-3.366501646120693,-2.8284271247461903,-11.67618659209133,-10.327955589886445,-9.0,-15.491933384829668,-12.909944487358056,8.86942313043338,7.702813338860896,6.557438524302,8.266397845091497,0.0,3.366501646120693,7.702813338860896,2.0816659994661326,2.6457513110645907,0.0
751,7,10.0,14.0,19.0,6.0,9.0,13.0,1.0,3.0,7.0,28.0,44.0,57.0,26.0,34.0,50.0,25.0,28.0,43.0,82.0,71.0,100.0,61.0,59.0,86.0,39.0,46.0,72.0,1029.0,1024.0,1011.0,1026.0,1017.0,1009.0,1024.0,1010.0,1005.0,16.0,16.0,16.0,16.0,16.0,11.0,16.0,16.0,3.0,19.0,29.0,21.0,6.0,14.0,5.0,0.0,0.0,0.0,11.5,6.5,1.0,30.0,27.0,25.0,82.0,60.0,37.0,1027.5,1025.5,1023.0,16.0,16.0,16.0,15.0,4.0,0.0,-1.8708286933869707,-2.0,-1.4142135623730951,-10.954451150103322,-5.477225575051661,-2.1213203435596424,7.7781745930520225,0.0,-5.70087712549569,2.8284271247461903,6.324555320336759,9.797958971132712,0.0,0.0,0.0,-9.055385138137417,-6.324555320336759,0.0,-3.265986323710904,-2.8284271247461903,-2.581988897471611,-11.67618659209133,-10.263202878893768,-8.831760866327848,-15.491933384829668,-15.588457268119896,-15.716233645501712,7.852812659593164,6.928203230275509,8.504900548115382,0.0,2.886751345948129,7.505553499465135,-5.773502691896258,0.5773502691896257,0.0
752,10,13.0,10.0,14.0,7.0,6.0,9.0,1.0,1.0,3.0,32.0,28.0,44.0,28.0,26.0,34.0,25.0,25.0,28.0,82.0,82.0,71.0,59.0,61.0,59.0,35.0,39.0,46.0,1026.0,1029.0,1024.0,1025.0,1026.0,1017.0,1022.0,1024.0,1010.0,16.0,16.0,16.0,16.0,16.0,16.0,16.0,16.0,16.0,11.0,19.0,29.0,2.0,6.0,14.0,0.0,0.0,0.0,16.0,8.5,1.0,35.5,31.0,27.0,85.5,58.5,31.0,1027.0,1025.0,1023.0,16.0,16.0,16.0,13.5,2.5,0.0,4.743416490252569,2.23606797749979,0.0,5.70087712549569,4.47213595499958,2.8284271247461903,4.949747468305833,-1.5811388300841898,-6.324555320336759,-1.5811388300841898,-0.7071067811865476,0.0,0.0,0.0,0.0,-4.415880433163924,-2.7386127875258306,0.0,3.1091263510296048,0.5773502691896257,-1.1547005383792515,-7.979139469057215,-2.8284271247461903,1.5275252316519468,7.52772652709081,-0.5773502691896257,-6.557438524302,2.581988897471611,5.163977794943222,8.082903768654761,0.0,0.0,0.0,-6.8068592855540455,-5.131601439446884,0.0
753,11,19.0,13.0,10.0,10.0,7.0,6.0,1.0,1.0,1.0,39.0,32.0,28.0,34.0,28.0,26.0,29.0,25.0,25.0,89.0,82.0,82.0,58.0,59.0,61.0,27.0,35.0,39.0,1028.0,1026.0,1029.0,1025.0,1025.0,1026.0,1024.0,1022.0,1024.0,16.0,16.0,16.0,16.0,16.0,16.0,16.0,16.0,16.0,16.0,11.0,19.0,3.0,2.0,6.0,0.0,0.0,0.0,19.0,10.5,2.0,40.5,36.5,32.5,90.5,63.0,35.0,1026.5,1023.5,1021.5,16.0,16.0,16.0,16.0,3.0,0.0,4.242640687119285,2.23606797749979,1.4142135623730951,5.385164807134504,5.522680508593631,5.70087712549569,5.385164807134504,7.035623639735144,9.797958971132712,-1.5811388300841898,-2.1213203435596424,-3.24037034920393,0.0,0.0,0.0,3.5355339059327378,0.7071067811865476,0.0,3.872983346207417,1.9148542155126762,1.1547005383792515,4.96655480858378,4.654746681256314,4.654746681256314,4.396968652757639,5.627314338711377,7.659416862050705,-2.160246899469287,-1.8257418583505538,-2.886751345948129,0.0,0.0,0.0,-3.605551275463989,-2.23606797749979,0.0
754,15,19.0,19.0,13.0,11.0,10.0,7.0,3.0,1.0,1.0,42.0,39.0,32.0,39.0,34.0,28.0,36.0,29.0,25.0,92.0,89.0,82.0,68.0,58.0,59.0,43.0,27.0,35.0,1025.0,1028.0,1026.0,1022.0,1025.0,1025.0,1019.0,1024.0,1022.0,16.0,16.0,16.0,16.0,16.0,16.0,16.0,16.0,16.0,16.0,16.0,11.0,3.0,3.0,2.0,0.0,0.0,0.0,20.0,13.0,5.5,48.5,44.5,38.0,92.5,71.5,50.0,1021.5,1017.5,1013.0,16.0,16.0,16.0,17.5,4.0,0.0,1.4142135623730951,2.9154759474226504,3.8078865529319543,9.433981132056603,8.54400374531753,5.70087712549569,2.23606797749979,8.631338250816034,15.033296378372908,-5.385164807134504,-6.708203932499369,-9.192388155425117,0.0,0.0,0.0,2.1213203435596424,1.4142135623730951,0.0,3.6514837167011076,2.943920288775949,3.1091263510296048,8.698658900466592,7.788880963698615,5.196152422706632,4.43471156521669,7.023769168568493,11.372481406154654,-4.242640687119285,-5.477225575051661,-7.416198487095663,0.0,0.0,0.0,3.366501646120693,1.2909944487358056,0.0
755,15,21.0,19.0,19.0,15.0,11.0,10.0,8.0,3.0,1.0,55.0,42.0,39.0,50.0,39.0,34.0,40.0,36.0,29.0,93.0,92.0,89.0,75.0,68.0,58.0,57.0,43.0,27.0,1018.0,1025.0,1028.0,1013.0,1022.0,1025.0,1007.0,1019.0,1024.0,16.0,16.0,16.0,16.0,16.0,16.0,16.0,16.0,16.0,19.0,16.0,16.0,5.0,3.0,3.0,0.0,0.0,0.0,21.0,15.0,8.5,54.0,44.5,34.5,93.0,66.5,39.5,1015.0,1011.0,1006.5,16.0,16.0,16.0,17.5,5.0,0.0,1.4142135623730951,2.8284271247461903,3.605551275463989,9.082951062292475,0.0,-7.245688373094719,0.7071067811865476,-10.954451150103322,-22.68259244442751,-6.519202405202649,-6.96419413859206,-8.514693182963201,0.0,0.0,0.0,0.0,1.4142135623730951,0.0,1.1547005383792515,2.3804761428476167,3.1622776601683795,7.615773105863909,2.886751345948129,-4.320493798938574,1.8257418583505538,-6.831300510639732,-16.051998837112677,-5.597618541248888,-5.94418483337567,-7.52772652709081,0.0,0.0,0.0,0.0,1.1547005383792515,0.0
756,12,21.0,21.0,19.0,15.0,15.0,11.0,9.0,8.0,3.0,53.0,55.0,42.0,39.0,50.0,39.0,29.0,40.0,36.0,93.0,93.0,92.0,58.0,75.0,68.0,22.0,57.0,43.0,1012.0,1018.0,1025.0,1009.0,1013.0,1022.0,1006.0,1007.0,1019.0,16.0,16.0,16.0,16.0,16.0,16.0,16.0,16.0,16.0,16.0,19.0,16.0,5.0,5.0,3.0,0.0,0.0,0.0,19.5,13.5,7.5,48.0,38.0,31.0,84.5,59.5,34.0,1017.0,1012.0,1007.0,16.0,16.0,16.0,24.0,6.5,0.0,-2.1213203435596424,-2.1213203435596424,-2.0,-7.211102550927978,-7.905694150420948,-7.245688373094719,-12.020815280171307,-11.832159566199232,-18.01388353465182,5.656854249492381,3.1622776601683795,1.224744871391589,0.0,0.0,0.0,11.113055385446435,2.1213203435596424,0.0,-1.2909944487358056,1.5275252316519468,2.3804761428476167,4.654746681256314,-1.1547005383792515,-5.446711546122731,-9.797958971132712,-8.774964387392123,-12.288205727444508,2.23606797749979,-4.509249752822894,-6.855654600401044,0.0,0.0,0.0,9.237604307034012,2.0816659994661326,0.0
757,7,18.0,21.0,21.0,12.0,15.0,15.0,6.0,9.0,8.0,43.0,53.0,55.0,37.0,39.0,50.0,33.0,29.0,40.0,76.0,93.0,93.0,61.0,58.0,75.0,46.0,22.0,57.0,1022.0,1012.0,1018.0,1015.0,1009.0,1013.0,1008.0,1006.0,1007.0,16.0,16.0,16.0,16.0,16.0,16.0,16.0,16.0,16.0,32.0,16.0,19.0,8.0,5.0,5.0,0.0,0.0,0.0,16.0,9.5,3.0,39.0,34.5,31.5,82.5,63.0,43.5,1023.0,1018.5,1013.5,16.0,16.0,16.0,25.5,6.5,0.0,-3.5355339059327378,-4.123105625617661,-4.743416490252569,-9.055385138137417,-3.8078865529319543,1.8708286933869707,-7.745966692414834,3.5355339059327378,16.59819267269783,7.211102550927978,6.519202405202649,7.905694150420948,0.0,0.0,0.0,6.59545297913646,0.0,0.0,-2.886751345948129,-3.366501646120693,-3.8297084310253524,-7.483314773547883,-7.0710678118654755,-6.164414002968976,-6.324555320336759,-9.38083151964686,-14.98888477061141,4.760952285695233,4.795831523312719,6.429100507328637,0.0,0.0,0.0,5.0990195135927845,0.0,0.0
758,9,14.0,18.0,21.0,7.0,12.0,15.0,0.0,6.0,9.0,35.0,43.0,53.0,32.0,37.0,39.0,30.0,33.0,29.0,89.0,76.0,93.0,65.0,61.0,58.0,41.0,46.0,22.0,1024.0,1022.0,1012.0,1022.0,1015.0,1009.0,1019.0,1008.0,1006.0,16.0,16.0,16.0,16.0,16.0,16.0,16.0,16.0,16.0,19.0,32.0,16.0,5.0,8.0,5.0,0.0,0.0,0.0,14.5,8.0,1.0,36.5,34.0,31.5,90.5,67.5,44.0,1027.0,1024.5,1021.5,16.0,16.0,16.0,16.0,4.0,0.0,-2.7386127875258306,-3.24037034920393,-4.0,-5.244044240850758,-2.1213203435596424,0.0,9.433981132056603,4.527692569068709,2.345207879911715,4.47213595499958,6.082762530298219,8.54400374531753,0.0,0.0,0.0,-10.124228365658293,-2.5495097567963922,0.0,-2.8284271247461903,-3.1622776601683795,-3.696845502136472,-7.187952884282608,-2.0816659994661326,2.309401076758503,-6.082762530298219,4.08248290463863,13.988090172238191,6.831300510639732,6.0553007081949835,7.0710678118654755,0.0,0.0,0.0,4.123105625617661,-1.1547005383792515,0.0
759,13,15.0,14.0,18.0,9.0,7.0,12.0,2.0,0.0,6.0,38.0,35.0,43.0,36.0,32.0,37.0,33.0,30.0,33.0,92.0,89.0,76.0,70.0,65.0,61.0,47.0,41.0,46.0,1030.0,1024.0,1022.0,1027.0,1022.0,1015.0,1024.0,1019.0,1008.0,16.0,16.0,16.0,16.0,16.0,16.0,16.0,16.0,16.0,13.0,19.0,32.0,3.0,5.0,8.0,0.0,0.0,0.0,18.0,11.0,4.0,44.5,41.5,37.0,96.0,74.0,51.0,1027.5,1024.5,1021.5,16.0,13.5,9.5,18.0,4.5,0.0,4.301162633521313,3.1622776601683795,3.1622776601683795,9.433981132056603,8.276472678623424,6.041522986797286,6.041522986797286,6.670832032063167,7.0710678118654755,2.345207879911715,0.0,0.0,0.0,-3.5355339059327378,-9.192388155425117,5.656854249492381,1.5811388300841898,0.0,2.6457513110645907,-1.2909944487358056,-2.309401076758503,6.164414002968976,6.110100926607787,4.618802153517006,8.981462390204987,5.916079783099616,5.0,2.23606797749979,4.041451884327381,6.3508529610858835,0.0,-2.886751345948129,-7.505553499465135,-5.916079783099616,-1.1547005383792515,0.0
760,11,21.0,15.0,14.0,13.0,9.0,7.0,6.0,2.0,0.0,51.0,38.0,35.0,47.0,36.0,32.0,41.0,33.0,30.0,100.0,92.0,89.0,78.0,70.0,65.0,55.0,47.0,41.0,1025.0,1030.0,1024.0,1022.0,1027.0,1022.0,1019.0,1024.0,1019.0,16.0,16.0,16.0,11.0,16.0,16.0,3.0,16.0,16.0,23.0,13.0,19.0,6.0,3.0,5.0,0.0,0.0,0.0,17.5,12.0,6.5,51.0,43.0,36.0,94.5,74.0,52.5,1024.5,1020.5,1017.5,16.0,13.5,8.5,21.0,6.0,0.0,-2.5495097567963922,2.449489742783178,2.9154759474226504,9.192388155425117,5.338539126015656,-4.242640687119285,-5.338539126015656,0.0,4.415880433163924,-3.605551275463989,-4.123105625617661,-4.123105625617661,0.0,0.0,-4.898979485566356,6.48074069840786,2.1213203435596424,0.0,-2.0,2.309401076758503,2.6457513110645907,7.702813338860896,4.932882862316247,-3.0,-4.0,2.886751345948129,5.0,1.8257418583505538,-1.7320508075688772,-1.7320508075688772,0.0,0.0,-4.0,4.0,1.2909944487358056,0.0
761,12,14.0,21.0,15.0,11.0,13.0,9.0,7.0,6.0,2.0,51.0,51.0,38.0,39.0,47.0,36.0,31.0,41.0,33.0,89.0,100.0,92.0,70.0,78.0,70.0,50.0,55.0,47.0,1024.0,1025.0,1030.0,1019.0,1022.0,1027.0,1016.0,1019.0,1024.0,16.0,16.0,16.0,16.0,11.0,16.0,14.0,3.0,16.0,19.0,23.0,13.0,6.0,6.0,3.0,0.0,0.0,0.0,16.0,11.5,6.5,53.5,42.5,29.0,94.5,68.0,41.0,1024.0,1017.5,1014.0,16.0,13.0,8.0,27.0,8.5,0.0,-4.06201920231798,-1.224744871391589,0.0,3.5355339059327378,-2.7386127875258306,-7.615773105863909,0.0,-6.324555320336759,-13.209844813622906,-0.7071067811865476,-3.0,-3.5355339059327378,0.0,-2.345207879911715,-3.391164991562634,10.954451150103322,3.5355339059327378,0.0,1.0,2.0816659994661326,2.309401076758503,8.04155872120988,5.94418483337567,-4.163331998932265,4.618802153517006,-2.309401076758503,-9.746794344808963,-2.943920288775949,-3.7859388972001824,-4.08248290463863,0.0,-3.4641016151377544,-8.0,10.64581294844754,3.366501646120693,0.0
762,8,18.0,14.0,21.0,12.0,11.0,13.0,6.0,7.0,6.0,56.0,51.0,51.0,46.0,39.0,47.0,27.0,31.0,41.0,100.0,89.0,100.0,66.0,70.0,78.0,32.0,50.0,55.0,1024.0,1024.0,1025.0,1016.0,1019.0,1022.0,1012.0,1016.0,1019.0,16.0,16.0,16.0,10.0,16.0,11.0,2.0,14.0,3.0,35.0,19.0,23.0,11.0,6.0,6.0,0.0,0.0,0.0,15.0,10.0,4.5,43.0,37.5,27.5,85.0,61.0,36.5,1026.5,1021.0,1017.5,16.0,13.0,9.0,32.0,12.0,0.0,-3.1622776601683795,-2.7386127875258306,-2.23606797749979,-18.041618552668716,-10.954451150103322,-2.7386127875258306,-19.73575435599055,-7.615773105863909,-11.022703842524301,3.5355339059327378,6.745368781616021,7.245688373094719,0.0,0.0,5.0990195135927845,10.488088481701515,3.8078865529319543,0.0,-4.795831523312719,-2.516611478423583,-1.7320508075688772,-14.730919862656235,-10.066445913694333,-6.191391873668904,-17.320508075688775,-7.745966692414834,-9.451631252505216,2.8284271247461903,5.228129047119374,5.656854249492381,0.0,2.886751345948129,7.593857166596345,8.246211251235321,3.1091263510296048,0.0
763,7,12.0,18.0,14.0,8.0,12.0,11.0,3.0,6.0,7.0,30.0,56.0,51.0,29.0,46.0,39.0,28.0,27.0,31.0,70.0,100.0,89.0,56.0,66.0,70.0,41.0,32.0,50.0,1029.0,1024.0,1024.0,1026.0,1016.0,1019.0,1023.0,1012.0,1016.0,16.0,16.0,16.0,16.0,10.0,16.0,16.0,2.0,14.0,29.0,35.0,19.0,13.0,11.0,6.0,0.0,0.0,0.0,13.0,7.5,1.0,31.0,29.5,27.5,77.5,58.5,38.5,1028.5,1025.5,1022.5,16.0,16.0,16.0,21.0,9.0,0.0,-4.0,-2.9154759474226504,-3.5355339059327378,-18.33030277982336,-12.0,0.0,-18.371173070873837,-6.123724356957945,5.291502622129181,3.4641016151377544,7.035623639735144,7.745966692414834,0.0,4.242640687119285,9.899494936611665,-12.083045973594572,-5.477225575051661,0.0,-2.309401076758503,-2.309401076758503,-2.943920288775949,-14.685593847940458,-8.925618559330589,-2.309401076758503,-13.589211407093005,-5.507570547286102,-9.451631252505216,2.8284271247461903,5.477225575051661,5.887840577551898,0.0,0.0,4.163331998932265,-3.4641016151377544,-3.415650255319866,0.0
764,12,14.0,12.0,18.0,7.0,8.0,12.0,-1.0,3.0,6.0,32.0,30.0,56.0,30.0,29.0,46.0,27.0,28.0,27.0,85.0,70.0,100.0,61.0,56.0,66.0,36.0,41.0,32.0,1028.0,1029.0,1024.0,1025.0,1026.0,1016.0,1022.0,1023.0,1012.0,16.0,16.0,16.0,16.0,16.0,10.0,16.0,16.0,2.0,13.0,29.0,35.0,5.0,13.0,11.0,0.0,0.0,0.0,17.5,9.5,0.5,42.0,35.5,29.0,83.5,61.0,38.0,1024.5,1021.0,1017.5,16.0,16.0,16.0,18.0,6.5,0.0,5.1478150704935,3.4641016151377544,-1.8708286933869707,14.212670403551895,7.810249675906654,2.7386127875258306,10.392304845413264,3.5355339059327378,-2.1213203435596424,-5.0,-5.70087712549569,-6.4031242374328485,0.0,0.0,0.0,-8.831760866327848,-5.244044240850758,0.0,2.3804761428476167,1.632993161855452,-2.309401076758503,-9.521904571390467,-7.461009761866464,2.309401076758503,-15.0996688705415,-5.0,4.898979485566356,-2.886751345948129,3.415650255319866,3.605551275463989,0.0,3.4641016151377544,8.082903768654761,-8.0,-4.123105625617661,0.0
765,19,21.0,14.0,12.0,12.0,7.0,8.0,2.0,-1.0,3.0,52.0,32.0,30.0,41.0,30.0,29.0,31.0,27.0,28.0,82.0,85.0,70.0,61.0,61.0,56.0,40.0,36.0,41.0,1021.0,1028.0,1029.0,1017.0,1025.0,1026.0,1013.0,1022.0,1023.0,16.0,16.0,16.0,16.0,16.0,16.0,16.0,16.0,16.0,23.0,13.0,29.0,8.0,5.0,13.0,0.0,0.0,0.0,22.5,15.5,7.5,54.5,46.0,34.0,87.5,63.5,39.0,1019.5,1015.5,1012.5,16.0,16.0,16.0,19.5,7.0,0.0,5.385164807134504,6.082762530298219,8.06225774829855,14.577379737113251,10.51189802081432,5.0990195135927845,7.483314773547883,3.5355339059327378,2.449489742783178,-5.385164807134504,-6.041522986797286,-6.4031242374328485,0.0,0.0,0.0,5.049752469181039,1.5811388300841898,0.0,4.546060565661952,4.932882862316247,6.164414002968976,11.958260743101398,8.602325267042627,4.123105625617661,10.598742063723098,4.08248290463863,-2.0816659994661326,-4.43471156521669,-4.96655480858378,-5.259911279353167,0.0,0.0,0.0,-8.266397845091497,-4.43471156521669,0.0
766,11,24.0,21.0,14.0,19.0,12.0,7.0,13.0,2.0,-1.0,57.0,52.0,32.0,51.0,41.0,30.0,37.0,31.0,27.0,93.0,82.0,85.0,66.0,61.0,61.0,38.0,40.0,36.0,1018.0,1021.0,1028.0,1014.0,1017.0,1025.0,1012.0,1013.0,1022.0,16.0,16.0,16.0,16.0,16.0,16.0,16.0,16.0,16.0,16.0,23.0,13.0,6.0,8.0,5.0,0.0,0.0,0.0,19.0,15.0,9.5,46.5,41.5,31.5,75.5,58.0,39.5,1022.5,1018.5,1015.0,16.0,16.0,16.0,22.5,11.0,0.0,-6.745368781616021,-2.7386127875258306,6.0,-14.422205101855956,-11.423659658795863,-6.519202405202649,-23.49468024894146,-10.747092630102339,1.5811388300841898,6.0,6.0,4.183300132670378,0.0,0.0,0.0,7.745966692414834,6.928203230275509,0.0,-3.7416573867739413,1.8257418583505538,5.196152422706632,-2.309401076758503,-6.831300510639732,-4.795831523312719,-19.261360284258224,-8.774964387392123,2.6457513110645907,2.7688746209726918,1.632993161855452,-3.9157800414902435,0.0,0.0,0.0,8.563488385776752,5.916079783099616,0.0
767,9,14.0,24.0,21.0,11.0,19.0,12.0,6.0,13.0,2.0,36.0,57.0,52.0,32.0,51.0,41.0,26.0,37.0,31.0,58.0,93.0,82.0,50.0,66.0,61.0,41.0,38.0,40.0,1027.0,1018.0,1021.0,1023.0,1014.0,1017.0,1018.0,1012.0,1013.0,16.0,16.0,16.0,16.0,16.0,16.0,16.0,16.0,16.0,29.0,16.0,23.0,16.0,6.0,8.0,0.0,0.0,0.0,14.5,10.0,4.0,33.0,29.0,23.0,64.0,48.5,32.5,1028.0,1025.0,1021.0,16.0,16.0,16.0,26.0,12.0,0.0,-7.035623639735144,-5.830951894845301,-5.70087712549569,-15.443445211480501,-14.089002803605371,-8.860022573334675,-23.24865587512534,-11.510864433221338,-11.832159566199232,6.519202405202649,6.96419413859206,6.0,0.0,0.0,0.0,8.154753215150045,4.242640687119285,0.0,-5.477225575051661,-2.516611478423583,4.320493798938574,-12.274635093014645,-9.9498743710662,-6.3508529610858835,-17.88854381999832,-8.94427190999916,-9.72967967955095,5.033222956847166,5.41602560309064,4.864839839775475,0.0,0.0,0.0,5.291502622129181,3.265986323710904,0.0
768,11,15.0,14.0,24.0,9.0,11.0,19.0,2.0,6.0,13.0,30.0,36.0,57.0,26.0,32.0,51.0,20.0,26.0,37.0,70.0,58.0,93.0,47.0,50.0,66.0,24.0,41.0,38.0,1029.0,1027.0,1018.0,1027.0,1023.0,1014.0,1024.0,1018.0,1012.0,16.0,16.0,16.0,16.0,16.0,16.0,16.0,16.0,16.0,23.0,29.0,16.0,8.0,16.0,6.0,0.0,0.0,0.0,18.5,10.0,1.0,33.0,29.0,23.5,76.0,50.0,23.5,1027.0,1024.5,1021.5,16.0,16.0,16.0,19.5,5.5,0.0,5.0,0.0,-3.1622776601683795,0.0,0.0,2.5495097567963922,12.0,3.6742346141747673,-12.041594578792296,-2.449489742783178,-2.1213203435596424,2.345207879911715,0.0,0.0,0.0,-6.519202405202649,-6.670832032063167,0.0,-4.08248290463863,-4.618802153517006,-4.795831523312719,-12.12435565298214,-10.969655114602888,-6.0,-17.67295485574875,-8.736894948054104,-9.678154093971983,4.795831523312719,4.898979485566356,3.958114029012639,0.0,0.0,0.0,5.291502622129181,1.9148542155126762,0.0
769,14,22.0,15.0,14.0,11.0,9.0,11.0,0.0,2.0,6.0,36.0,30.0,36.0,32.0,26.0,32.0,27.0,20.0,26.0,82.0,70.0,58.0,53.0,47.0,50.0,23.0,24.0,41.0,1025.0,1029.0,1027.0,1022.0,1027.0,1023.0,1019.0,1024.0,1018.0,16.0,16.0,16.0,16.0,16.0,16.0,16.0,16.0,16.0,16.0,23.0,29.0,3.0,8.0,16.0,0.0,0.0,0.0,23.0,12.5,1.5,37.5,33.5,30.0,83.5,53.0,22.0,1022.5,1019.5,1016.5,16.0,16.0,16.0,19.5,4.5,0.0,5.1478150704935,2.5495097567963922,1.5811388300841898,4.743416490252569,4.743416490252569,6.519202405202649,8.74642784226795,4.242640687119285,-1.5811388300841898,-4.527692569068709,-5.0,-5.0,0.0,0.0,0.0,0.0,-2.8284271247461903,0.0,4.242640687119285,1.7320508075688772,-1.9148542155126762,1.7320508075688772,1.7320508075688772,4.041451884327381,9.9498743710662,3.0,-9.899494936611665,-3.5118845842842465,-3.366501646120693,-2.160246899469287,0.0,0.0,0.0,-3.4641016151377544,-5.163977794943222,0.0
770,17,24.0,22.0,15.0,14.0,11.0,9.0,3.0,0.0,2.0,39.0,36.0,30.0,35.0,32.0,26.0,33.0,27.0,20.0,85.0,82.0,70.0,53.0,53.0,47.0,21.0,23.0,24.0,1020.0,1025.0,1029.0,1017.0,1022.0,1027.0,1014.0,1019.0,1024.0,16.0,16.0,16.0,16.0,16.0,16.0,16.0,16.0,16.0,23.0,16.0,23.0,6.0,3.0,8.0,0.0,0.0,0.0,24.5,15.5,5.5,47.5,40.5,36.0,84.5,56.0,27.0,1017.0,1014.5,1011.5,16.0,16.0,16.0,23.0,8.0,0.0,1.5811388300841898,3.0,4.123105625617661,12.206555615733702,8.06225774829855,6.0,2.0,4.242640687119285,8.366600265340756,-5.522680508593631,-5.0,-5.0,0.0,0.0,0.0,4.949747468305833,3.5355339059327378,0.0,4.242640687119285,2.70801280154532,3.1622776601683795,10.55146119422961,7.438637868140466,6.3508529610858835,7.118052168020874,4.898979485566356,6.8068592855540455,-5.066228051190222,-5.0,-5.0,0.0,0.0,0.0,0.0,0.0,0.0
771,22,25.0,24.0,22.0,17.0,14.0,11.0,8.0,3.0,0.0,56.0,39.0,36.0,46.0,35.0,32.0,39.0,33.0,27.0,84.0,85.0,82.0,59.0,53.0,53.0,33.0,21.0,23.0,1014.0,1020.0,1025.0,1012.0,1017.0,1022.0,1009.0,1014.0,1019.0,16.0,16.0,16.0,16.0,16.0,16.0,16.0,16.0,16.0,23.0,23.0,16.0,10.0,6.0,3.0,0.0,0.0,0.0,27.5,19.5,11.0,57.0,50.0,37.5,88.5,57.0,25.0,1013.0,1010.5,1008.0,16.0,16.0,16.0,21.0,9.0,0.0,3.605551275463989,4.123105625617661,5.522680508593631,12.103718436910205,9.617692030835672,3.6742346141747673,6.324555320336759,3.1622776601683795,-7.483314773547883,-4.47213595499958,-4.123105625617661,-3.8078865529319543,0.0,0.0,0.0,-2.8284271247461903,2.449489742783178,0.0,3.1622776601683795,3.7859388972001824,4.83045891539648,10.03327796219494,8.04155872120988,4.58257569495584,5.446711546122731,2.581988897471611,-6.2182527020592095,-4.654746681256314,-4.43471156521669,-4.242640687119285,0.0,0.0,0.0,3.3166247903554,2.6457513110645907,0.0
772,19,30.0,25.0,24.0,22.0,17.0,14.0,14.0,8.0,3.0,58.0,56.0,39.0,54.0,46.0,35.0,36.0,39.0,33.0,93.0,84.0,85.0,55.0,59.0,53.0,17.0,33.0,21.0,1012.0,1014.0,1020.0,1009.0,1012.0,1017.0,1007.0,1009.0,1014.0,16.0,16.0,16.0,16.0,16.0,16.0,16.0,16.0,16.0,19.0,23.0,23.0,8.0,10.0,6.0,0.0,0.0,0.0,27.5,20.5,13.0,59.5,54.0,36.5,96.5,64.0,31.5,1011.5,1008.0,1003.5,16.0,13.5,8.0,24.0,10.5,0.0,0.0,2.8284271247461903,4.0,2.5495097567963922,5.656854249492381,-2.0,8.06225774829855,12.409673645990857,17.10263137648707,-1.5811388300841898,-2.5495097567963922,-5.1478150704935,0.0,-3.5355339059327378,-11.313708498984761,6.48074069840786,3.24037034920393,0.0,0.5773502691896257,2.886751345948129,4.358898943540674,10.03327796219494,7.852812659593164,3.0550504633038935,6.557438524302,10.708252269472673,15.588457268119896,-3.696845502136472,-3.559026084010437,-5.0990195135927845,0.0,-2.886751345948129,-9.237604307034012,5.291502622129181,3.5118845842842465,0.0
773,17,25.0,30.0,25.0,19.0,22.0,17.0,12.0,14.0,8.0,61.0,58.0,56.0,54.0,54.0,46.0,37.0,36.0,39.0,100.0,93.0,84.0,73.0,55.0,59.0,46.0,17.0,33.0,1011.0,1012.0,1014.0,1007.0,1009.0,1012.0,1000.0,1007.0,1009.0,16.0,16.0,16.0,11.0,16.0,16.0,0.0,16.0,16.0,29.0,19.0,23.0,13.0,8.0,10.0,0.0,0.0,0.0,23.5,18.0,11.5,48.5,40.5,30.0,68.5,50.5,32.0,1012.5,1007.5,1002.5,16.0,13.5,4.0,27.5,11.5,0.0,-4.123105625617661,-2.5495097567963922,-1.5811388300841898,-17.549928774784245,-19.091883092036785,-9.874208829065749,-44.27188724235731,-29.16333314283537,5.338539126015656,2.0,-1.224744871391589,-3.4641016151377544,0.0,0.0,-9.797958971132712,6.745368781616021,2.8284271247461903,0.0,-1.7320508075688772,2.0,3.2145502536643185,-14.2828568570857,-14.888474289418197,-8.246211251235321,-35.772428861717884,-23.923489154664153,-8.144527815247077,1.1547005383792515,-2.0,-3.0550504633038935,0.0,0.0,-8.0,5.0,2.0,0.0
774,9,22.0,25.0,30.0,17.0,19.0,22.0,11.0,12.0,14.0,36.0,61.0,58.0,27.0,54.0,54.0,23.0,37.0,36.0,37.0,100.0,93.0,28.0,73.0,55.0,18.0,46.0,17.0,1014.0,1011.0,1012.0,1008.0,1007.0,1009.0,1005.0,1000.0,1007.0,16.0,16.0,16.0,16.0,11.0,16.0,8.0,0.0,16.0,26.0,29.0,19.0,10.0,13.0,8.0,0.0,0.0,0.0,18.0,13.0,7.5,31.5,26.0,23.0,45.5,34.5,23.0,1021.5,1015.5,1010.0,16.0,16.0,12.0,25.0,10.5,0.0,-6.041522986797286,-5.830951894845301,-5.0,-18.788294228055936,-19.144189719076646,-9.899494936611665,-42.89522117905443,-30.463092423455635,-18.49324200890693,10.816653826391969,10.63014581273465,7.905694150420948,0.0,3.5355339059327378,8.0,-2.5495097567963922,-2.0,0.0,-5.715476066494082,-5.066228051190222,-4.242640687119285,-15.242484486898235,-15.631165450257807,-8.06225774829855,-34.78984526170436,-22.59793500890439,7.234178138070235,8.812869377601524,8.602325267042627,5.033222956847166,0.0,0.0,-6.531972647421808,5.385164807134504,2.3804761428476167,0.0
775,8,14.0,22.0,25.0,9.0,17.0,19.0,4.0,11.0,12.0,27.0,36.0,61.0,25.0,27.0,54.0,23.0,23.0,37.0,54.0,37.0,100.0,41.0,28.0,73.0,28.0,18.0,46.0,1029.0,1014.0,1011.0,1023.0,1008.0,1007.0,1015.0,1005.0,1000.0,16.0,16.0,16.0,16.0,16.0,11.0,16.0,8.0,0.0,24.0,26.0,29.0,11.0,10.0,13.0,0.0,0.0,0.0,14.5,8.5,2.5,27.5,24.0,21.0,64.5,45.0,25.5,1032.0,1027.0,1022.5,16.0,16.0,16.0,18.5,8.0,0.0,-5.612486080160912,-5.70087712549569,-5.385164807134504,-6.324555320336759,-2.0,-2.8284271247461903,19.1049731745428,10.793516572461451,6.123724356957945,11.423659658795863,12.020815280171307,12.747548783981962,0.0,0.0,5.656854249492381,-7.905694150420948,-4.183300132670378,0.0,-4.898979485566356,-4.795831523312719,-4.43471156521669,-15.329709716755891,-15.673757260678329,-8.406346808612328,-32.85828155376764,-24.440403706431148,-15.37313674346694,9.486832980505138,9.83192080250175,10.801234497346433,0.0,2.886751345948129,6.531972647421808,-6.683312551921141,-3.8297084310253524,0.0
776,9,15.0,14.0,22.0,8.0,9.0,17.0,1.0,4.0,11.0,28.0,27.0,36.0,23.0,25.0,27.0,19.0,23.0,23.0,75.0,54.0,37.0,49.0,41.0,28.0,23.0,28.0,18.0,1035.0,1029.0,1014.0,1031.0,1023.0,1008.0,1030.0,1015.0,1005.0,16.0,16.0,16.0,16.0,16.0,16.0,16.0,16.0,8.0,13.0,24.0,26.0,5.0,11.0,10.0,0.0,0.0,0.0,16.0,8.5,1.0,33.5,25.5,21.0,72.5,48.0,23.5,1033.5,1030.0,1028.0,16.0,16.0,16.0,18.5,5.5,0.0,1.5811388300841898,0.0,-2.1213203435596424,7.810249675906654,3.24037034920393,0.0,14.422205101855956,5.477225575051661,-3.4641016151377544,3.6742346141747673,5.477225575051661,10.222524150130436,0.0,0.0,0.0,0.0,-4.183300132670378,0.0,-4.43471156521669,-4.618802153517006,-4.396968652757639,3.696845502136472,2.3804761428476167,0.0,15.329709716755891,8.736894948054104,5.033222956847166,9.16515138991168,9.746794344808963,10.14889156509222,0.0,0.0,4.618802153517006,-1.1547005383792515,-3.366501646120693,0.0
777,11,17.0,15.0,14.0,9.0,8.0,9.0,1.0,1.0,4.0,39.0,28.0,27.0,28.0,23.0,25.0,23.0,19.0,23.0,70.0,75.0,54.0,47.0,49.0,41.0,24.0,23.0,28.0,1032.0,1035.0,1029.0,1029.0,1031.0,1023.0,1026.0,1030.0,1015.0,16.0,16.0,16.0,16.0,16.0,16.0,16.0,16.0,16.0,24.0,13.0,24.0,6.0,5.0,11.0,0.0,0.0,0.0,16.5,10.0,2.5,40.0,29.5,24.0,74.5,49.0,26.0,1030.5,1028.5,1026.0,16.0,16.0,16.0,24.0,8.5,0.0,1.224744871391589,1.5811388300841898,2.1213203435596424,7.905694150420948,4.123105625617661,3.1622776601683795,5.291502622129181,2.449489742783178,2.9154759474226504,-3.0,-1.5811388300841898,-2.8284271247461903,0.0,0.0,0.0,7.7781745930520225,3.605551275463989,0.0,1.1547005383792515,1.1547005383792515,0.0,6.48074069840786,3.1622776601683795,1.1547005383792515,12.871156384205214,5.033222956847166,-1.632993161855452,2.449489742783178,4.43471156521669,8.34665601703261,0.0,0.0,0.0,0.0,-1.8257418583505538,0.0
778,10,16.0,17.0,15.0,11.0,9.0,8.0,4.0,1.0,1.0,41.0,39.0,28.0,31.0,28.0,23.0,25.0,23.0,19.0,79.0,70.0,75.0,51.0,47.0,49.0,28.0,24.0,23.0,1029.0,1032.0,1035.0,1028.0,1029.0,1031.0,1026.0,1026.0,1030.0,16.0,16.0,16.0,16.0,16.0,16.0,16.0,16.0,16.0,24.0,24.0,13.0,11.0,6.0,5.0,0.0,0.0,0.0,18.0,10.5,2.0,39.0,32.0,27.5,87.5,56.5,28.0,1029.0,1026.0,1022.5,16.0,16.0,13.0,22.5,8.0,0.0,2.7386127875258306,1.224744871391589,-1.8708286933869707,-2.449489742783178,2.5495097567963922,3.8078865529319543,13.601470508735444,8.276472678623424,2.8284271247461903,-2.1213203435596424,-2.9154759474226504,-4.949747468305833,0.0,0.0,-4.242640687119285,-2.1213203435596424,-2.345207879911715,0.0,2.516611478423583,1.1547005383792515,-1.5275252316519468,6.027713773341708,3.559026084010437,3.872983346207417,10.723805294763608,6.658328118479393,2.3804761428476167,-2.449489742783178,-2.6457513110645907,-4.654746681256314,0.0,0.0,-3.4641016151377544,6.110100926607787,-1.8257418583505538,0.0
779,13,20.0,16.0,17.0,10.0,11.0,9.0,0.0,4.0,1.0,37.0,41.0,39.0,33.0,31.0,28.0,30.0,25.0,23.0,96.0,79.0,70.0,62.0,51.0,47.0,28.0,28.0,24.0,1029.0,1029.0,1032.0,1024.0,1028.0,1029.0,1019.0,1026.0,1026.0,16.0,16.0,16.0,16.0,16.0,16.0,10.0,16.0,16.0,21.0,24.0,24.0,5.0,11.0,6.0,0.0,0.0,0.0,19.0,11.5,4.0,35.0,26.5,22.0,77.0,49.5,21.5,1030.0,1025.5,1021.0,16.0,16.0,13.0,24.0,9.0,0.0,2.449489742783178,2.0,4.898979485566356,-4.0,-9.082951062292475,-10.747092630102339,-24.031229681395832,-15.874507866387544,-9.192388155425117,1.4142135623730951,-1.8708286933869707,-4.06201920231798,0.0,0.0,0.0,3.6742346141747673,3.7416573867739413,0.0,1.9148542155126762,2.0,4.358898943540674,-3.0550504633038935,-7.211102550927978,-8.698658900466592,-18.920887928424502,-12.754084313139327,-7.14142842854285,-1.2909944487358056,-1.632993161855452,-3.3166247903554,0.0,0.0,0.0,3.0,4.203173404306164,0.0
780,14,18.0,20.0,16.0,13.0,10.0,11.0,8.0,0.0,4.0,33.0,37.0,41.0,20.0,33.0,31.0,14.0,30.0,25.0,58.0,96.0,79.0,37.0,62.0,51.0,15.0,28.0,28.0,1031.0,1029.0,1029.0,1027.0,1024.0,1028.0,1023.0,1019.0,1026.0,16.0,16.0,16.0,16.0,16.0,16.0,16.0,10.0,16.0,27.0,21.0,24.0,13.0,5.0,11.0,0.0,0.0,0.0,20.5,13.5,6.0,33.0,23.5,17.0,58.5,38.5,17.5,1030.0,1027.0,1023.5,16.0,16.0,16.0,25.0,11.5,0.0,3.24037034920393,2.23606797749979,4.898979485566356,-2.8284271247461903,-7.745966692414834,-10.488088481701515,-26.860752037126584,-17.549928774784245,-8.48528137423857,0.0,2.1213203435596424,2.9154759474226504,0.0,0.0,4.242640687119285,3.1622776601683795,5.244044240850758,0.0,3.5118845842842465,1.7320508075688772,3.265986323710904,-3.265986323710904,-6.2182527020592095,-8.06225774829855,-19.61292091114087,-12.84523257866513,-6.928203230275509,0.0,-1.5275252316519468,-3.265986323710904,0.0,0.0,0.0,1.9148542155126762,2.516611478423583,0.0
781,13,23.0,18.0,20.0,14.0,13.0,10.0,4.0,8.0,0.0,33.0,33.0,37.0,27.0,20.0,33.0,20.0,14.0,30.0,59.0,58.0,96.0,40.0,37.0,62.0,20.0,15.0,28.0,1029.0,1031.0,1029.0,1027.0,1027.0,1024.0,1024.0,1023.0,1019.0,16.0,16.0,16.0,16.0,16.0,16.0,16.0,16.0,10.0,23.0,27.0,21.0,10.0,13.0,5.0,0.0,0.0,0.0,23.0,13.5,3.5,34.5,30.0,25.0,70.5,47.0,22.5,1029.5,1026.5,1023.0,16.0,16.0,16.0,18.5,7.5,0.0,3.5355339059327378,0.0,-2.9154759474226504,2.1213203435596424,6.519202405202649,8.246211251235321,16.278820596099706,10.124228365658293,5.0,-1.224744871391589,-0.7071067811865476,-1.224744871391589,0.0,0.0,0.0,-6.96419413859206,-4.123105625617661,0.0,2.6457513110645907,1.7320508075688772,3.958114029012639,-1.5275252316519468,-5.291502622129181,-6.324555320336759,-17.45470328211473,-11.832159566199232,-6.298147875897061,0.5773502691896257,1.632993161855452,2.0816659994661326,0.0,0.0,3.4641016151377544,-4.509249752822894,3.1622776601683795,0.0
782,20,23.0,23.0,18.0,13.0,14.0,13.0,3.0,4.0,8.0,36.0,33.0,33.0,33.0,27.0,20.0,30.0,20.0,14.0,82.0,59.0,58.0,54.0,40.0,37.0,25.0,20.0,15.0,1030.0,1029.0,1031.0,1026.0,1027.0,1027.0,1022.0,1024.0,1023.0,16.0,16.0,16.0,16.0,16.0,16.0,16.0,16.0,16.0,14.0,23.0,27.0,5.0,10.0,13.0,0.0,0.0,0.0,25.5,16.5,7.0,41.5,35.0,30.0,67.0,45.0,22.5,1026.0,1023.0,1019.5,16.0,16.0,16.0,17.5,6.5,0.0,3.5355339059327378,4.898979485566356,5.612486080160912,8.06225774829855,5.0990195135927845,7.0710678118654755,-13.619838471876236,-8.0,0.0,-5.612486080160912,-4.301162633521313,-3.8078865529319543,0.0,0.0,0.0,-4.0,-2.8284271247461903,0.0,4.08248290463863,4.041451884327381,3.958114029012639,6.582805886043833,5.802298395176403,6.733003292241386,-11.105554165971787,-6.298147875897061,2.886751345948129,-4.725815626252608,-3.5118845842842465,-3.0550504633038935,0.0,0.0,0.0,-4.0,-2.886751345948129,0.0
783,17,28.0,23.0,23.0,20.0,13.0,14.0,11.0,3.0,4.0,47.0,36.0,33.0,37.0,33.0,27.0,30.0,30.0,20.0,52.0,82.0,59.0,36.0,54.0,40.0,20.0,25.0,20.0,1022.0,1030.0,1029.0,1020.0,1026.0,1027.0,1017.0,1022.0,1024.0,16.0,16.0,16.0,16.0,16.0,16.0,16.0,16.0,16.0,21.0,14.0,23.0,8.0,5.0,10.0,0.0,0.0,0.0,27.0,18.5,9.5,47.5,40.0,34.0,72.5,48.0,23.5,1024.0,1021.5,1018.5,16.0,16.0,16.0,18.5,6.5,0.0,3.24037034920393,4.47213595499958,5.244044240850758,7.810249675906654,5.0990195135927845,5.656854249492381,19.761072845369505,11.224972160321824,3.4641016151377544,-4.898979485566356,-3.6742346141747673,-2.8284271247461903,0.0,0.0,0.0,3.4641016151377544,0.0,0.0,2.6457513110645907,3.605551275463989,4.242640687119285,6.60807586719967,5.41602560309064,7.393691004272944,20.896570691543307,12.220201853215574,4.041451884327381,-3.958114029012639,-3.0550504633038935,-2.581988897471611,0.0,0.0,0.0,-4.358898943540674,-2.886751345948129,0.0
784,18,26.0,28.0,23.0,17.0,20.0,13.0,8.0,11.0,3.0,48.0,47.0,36.0,43.0,37.0,33.0,38.0,30.0,30.0,93.0,52.0,82.0,60.0,36.0,54.0,27.0,20.0,25.0,1026.0,1022.0,1030.0,1023.0,1020.0,1026.0,1020.0,1017.0,1022.0,16.0,16.0,16.0,16.0,16.0,16.0,16.0,16.0,16.0,16.0,21.0,14.0,5.0,8.0,5.0,0.0,0.0,0.0,25.0,17.5,9.5,51.0,45.0,38.0,85.5,60.0,34.5,1027.0,1023.5,1020.5,16.0,16.0,16.0,20.0,7.5,0.0,-2.0,-2.0,0.0,4.301162633521313,5.0990195135927845,5.656854249492381,26.981475126464083,16.97056274847714,11.704699910719626,3.1622776601683795,2.23606797749979,2.23606797749979,0.0,0.0,0.0,4.415880433163924,2.8284271247461903,0.0,2.3804761428476167,3.696845502136472,4.618802153517006,7.2571803523590805,4.760952285695233,4.618802153517006,13.613718571108091,9.16515138991168,9.1104335791443,-3.8297084310253524,-2.943920288775949,-2.23606797749979,0.0,0.0,0.0,5.41602560309064,2.886751345948129,0.0
785,19,24.0,26.0,28.0,18.0,17.0,20.0,11.0,8.0,11.0,54.0,48.0,47.0,47.0,43.0,37.0,38.0,38.0,30.0,78.0,93.0,52.0,60.0,60.0,36.0,42.0,27.0,20.0,1028.0,1026.0,1022.0,1024.0,1023.0,1020.0,1021.0,1020.0,1017.0,16.0,16.0,16.0,16.0,16.0,16.0,16.0,16.0,16.0,24.0,16.0,21.0,10.0,5.0,8.0,0.0,0.0,0.0,24.0,18.5,12.5,55.5,51.0,45.5,85.5,65.5,45.5,1024.0,1019.5,1015.5,16.0,16.0,15.0,24.0,10.0,0.0,-1.4142135623730951,1.0,3.0,4.743416490252569,6.324555320336759,10.606601717798213,0.0,7.7781745930520225,11.704699910719626,-5.477225575051661,-6.324555320336759,-7.745966692414834,0.0,0.0,-1.4142135623730951,5.656854249492381,3.5355339059327378,0.0,-1.632993161855452,-1.5275252316519468,1.7320508075688772,3.9157800414902435,6.2182527020592095,9.814954576223638,23.671361036774655,15.242484486898235,10.376254944182254,-3.8297084310253524,-4.864839839775475,-6.082762530298219,0.0,0.0,-1.1547005383792515,3.605551275463989,2.309401076758503,0.0
786,17,24.0,24.0,26.0,19.0,18.0,17.0,14.0,11.0,8.0,57.0,54.0,48.0,55.0,47.0,43.0,53.0,38.0,38.0,93.0,78.0,93.0,71.0,60.0,60.0,49.0,42.0,27.0,1020.0,1028.0,1026.0,1015.0,1024.0,1023.0,1010.0,1021.0,1020.0,16.0,16.0,16.0,16.0,16.0,16.0,14.0,16.0,16.0,24.0,24.0,16.0,10.0,10.0,5.0,0.0,0.0,0.0,23.5,18.0,12.0,57.5,52.0,44.0,91.5,65.0,38.0,1017.5,1013.5,1009.5,16.0,16.0,15.0,25.0,9.0,0.0,-0.7071067811865476,-1.224744871391589,-1.8708286933869707,2.23606797749979,3.7416573867739413,-7.035623639735144,10.392304845413264,-3.391164991562634,-14.747881203752625,-6.670832032063167,-6.708203932499369,-7.810249675906654,0.0,0.0,0.0,1.4142135623730951,-1.4142135623730951,0.0,-1.2909944487358056,-0.816496580927726,0.816496580927726,3.9157800414902435,3.8297084310253524,-5.744562646538029,-1.7320508075688772,-2.7688746209726918,-8.366600265340756,-5.32290647422377,-5.446711546122731,-6.3508529610858835,0.0,0.0,0.0,4.760952285695233,2.6457513110645907,0.0
787,17,23.0,24.0,24.0,17.0,19.0,18.0,10.0,14.0,11.0,58.0,57.0,54.0,49.0,55.0,47.0,35.0,53.0,38.0,90.0,93.0,78.0,59.0,71.0,60.0,27.0,49.0,42.0,1015.0,1020.0,1028.0,1012.0,1015.0,1024.0,1009.0,1010.0,1021.0,16.0,16.0,16.0,16.0,16.0,16.0,16.0,14.0,16.0,26.0,24.0,24.0,8.0,10.0,10.0,0.0,0.0,0.0,25.5,17.0,8.0,52.5,44.5,33.5,80.5,54.0,26.5,1017.0,1014.0,1011.0,16.0,16.0,16.0,22.5,7.0,0.0,3.4641016151377544,-1.4142135623730951,-4.0,-7.745966692414834,-7.648529270389178,-12.90348790056394,-13.601470508735444,-11.045361017187261,-15.572411502397436,-2.1213203435596424,1.8708286933869707,2.7386127875258306,0.0,0.0,1.4142135623730951,-4.743416490252569,-2.0,0.0,2.8284271247461903,-1.0,-2.7688746209726918,-6.082762530298219,-4.203173404306164,-6.0,-6.95221787153807,-6.4031242374328485,-12.055427546683417,-4.932882862316247,-4.96655480858378,-5.94418483337567,0.0,0.0,0.0,-3.872983346207417,-1.632993161855452,0.0
788,17,28.0,23.0,24.0,17.0,17.0,19.0,6.0,10.0,14.0,47.0,58.0,57.0,40.0,49.0,55.0,32.0,35.0,53.0,71.0,90.0,93.0,49.0,59.0,71.0,26.0,27.0,49.0,1019.0,1015.0,1020.0,1016.0,1012.0,1015.0,1013.0,1009.0,1010.0,16.0,16.0,16.0,16.0,16.0,16.0,16.0,16.0,14.0,19.0,26.0,24.0,6.0,8.0,10.0,0.0,0.0,0.0,26.0,17.0,8.0,44.5,36.5,28.5,57.5,42.0,25.5,1022.5,1019.5,1016.0,16.0,16.0,16.0,20.0,8.0,0.0,2.1213203435596424,0.0,0.0,-8.54400374531753,-8.06225774829855,-5.385164807134504,-23.345235059857504,-12.165525060596439,-1.0,5.70087712549569,5.70087712549569,5.0990195135927845,0.0,0.0,0.0,-4.743416490252569,2.449489742783178,0.0,1.632993161855452,-1.1547005383792515,-2.309401076758503,-6.95221787153807,-7.438637868140466,-11.284207253207171,-19.139836293274122,-12.110601416389967,-12.727922061357855,3.6514837167011076,4.320493798938574,4.123105625617661,0.0,0.0,1.1547005383792515,-3.696845502136472,1.632993161855452,0.0
789,19,24.0,28.0,23.0,17.0,17.0,17.0,10.0,6.0,10.0,42.0,47.0,58.0,33.0,40.0,49.0,25.0,32.0,35.0,44.0,71.0,90.0,35.0,49.0,59.0,25.0,26.0,27.0,1026.0,1019.0,1015.0,1023.0,1016.0,1012.0,1019.0,1013.0,1009.0,16.0,16.0,16.0,16.0,16.0,16.0,16.0,16.0,16.0,21.0,19.0,26.0,10.0,6.0,8.0,0.0,0.0,0.0,25.0,18.0,11.0,50.0,43.5,35.0,68.5,51.5,33.5,1025.0,1022.0,1018.5,16.0,16.0,13.5,23.5,12.0,0.0,-2.449489742783178,1.4142135623730951,3.1622776601683795,10.747092630102339,14.0,13.24764129949177,28.91366458960192,21.130546609115438,12.0,4.743416490252569,4.743416490252569,4.183300132670378,0.0,0.0,-3.5355339059327378,3.8078865529319543,4.0,0.0,2.0816659994661326,1.1547005383792515,1.1547005383792515,6.0553007081949835,10.181682899534175,10.677078252031311,20.904544960366874,16.258331197676263,9.780933834080807,4.509249752822894,4.509249752822894,4.123105625617661,0.0,0.0,-2.886751345948129,-2.581988897471611,3.0550504633038935,0.0
790,23,26.0,24.0,28.0,19.0,17.0,17.0,12.0,10.0,6.0,58.0,42.0,47.0,54.0,33.0,40.0,45.0,25.0,32.0,93.0,44.0,71.0,68.0,35.0,49.0,42.0,25.0,26.0,1024.0,1026.0,1019.0,1021.0,1023.0,1016.0,1018.0,1019.0,1013.0,16.0,16.0,16.0,16.0,16.0,16.0,11.0,16.0,16.0,26.0,21.0,19.0,14.0,10.0,6.0,0.0,0.0,0.0,26.5,21.0,15.0,60.0,56.0,50.5,87.0,65.5,43.5,1023.0,1020.0,1017.0,16.0,16.0,13.5,26.0,13.5,0.0,1.5811388300841898,3.1622776601683795,4.47213595499958,11.661903789690601,15.116216457830975,16.140012391568973,33.59315406448165,23.065125189341593,12.206555615733702,-2.0,-2.0,-1.5811388300841898,0.0,0.0,0.0,3.5355339059327378,2.7386127875258306,0.0,-1.9148542155126762,2.581988897471611,4.320493798938574,9.073771725877465,11.661903789690601,12.54325848148452,22.568414506414342,17.009801096230763,9.9498743710662,3.696845502136472,3.696845502136472,3.2145502536643185,0.0,0.0,0.0,3.1091263510296048,3.2145502536643185,0.0
791,22,27.0,26.0,24.0,23.0,19.0,17.0,18.0,12.0,10.0,62.0,58.0,42.0,58.0,54.0,33.0,56.0,45.0,25.0,81.0,93.0,44.0,63.0,68.0,35.0,45.0,42.0,25.0,1022.0,1024.0,1026.0,1019.0,1021.0,1023.0,1016.0,1018.0,1019.0,16.0,16.0,16.0,16.0,16.0,16.0,16.0,11.0,16.0,26.0,26.0,21.0,13.0,14.0,10.0,0.0,0.0,0.0,25.5,22.5,18.5,63.0,60.0,58.0,84.0,69.5,54.5,1020.5,1018.0,1015.0,16.0,16.0,13.5,24.5,11.5,0.0,-2.0,2.7386127875258306,4.301162633521313,3.1622776601683795,4.0,8.276472678623424,-7.3484692283495345,8.48528137423857,13.601470508735444,-2.5495097567963922,-2.0,-2.0,0.0,0.0,0.0,-2.1213203435596424,-2.23606797749979,0.0,-1.1547005383792515,2.516611478423583,3.696845502136472,9.591663046625438,12.556538801224908,13.379088160259652,27.646579052991953,20.273134932713294,14.82115605027714,-2.3804761428476167,-2.0,-1.7320508075688772,0.0,0.0,-2.886751345948129,2.309401076758503,1.4142135623730951,0.0
792,20,24.0,27.0,26.0,22.0,23.0,19.0,19.0,18.0,12.0,64.0,62.0,58.0,62.0,58.0,54.0,60.0,56.0,45.0,87.0,81.0,93.0,76.0,63.0,68.0,64.0,45.0,42.0,1019.0,1022.0,1024.0,1017.0,1019.0,1021.0,1014.0,1016.0,1018.0,16.0,16.0,16.0,16.0,16.0,16.0,11.0,16.0,11.0,23.0,26.0,26.0,10.0,13.0,14.0,0.0,0.0,0.0,23.0,21.0,18.5,64.5,62.5,60.0,90.0,81.0,71.5,1018.5,1016.5,1014.0,16.0,16.0,12.0,18.5,7.5,0.0,-2.5495097567963922,-1.5811388300841898,0.0,1.5811388300841898,2.9154759474226504,2.8284271247461903,6.0,11.597413504743201,17.11724276862369,-2.23606797749979,-1.5811388300841898,-1.4142135623730951,0.0,0.0,-3.24037034920393,-6.708203932499369,-4.123105625617661,0.0,-2.0,1.9148542155126762,3.4641016151377544,2.6457513110645907,3.3166247903554,6.757711644237764,-4.898979485566356,9.018499505645789,14.083086782851739,-2.160246899469287,-1.7320508075688772,-1.632993161855452,0.0,0.0,1.1547005383792515,-5.477225575051661,-3.415650255319866,0.0
793,18,22.0,24.0,27.0,20.0,22.0,23.0,18.0,19.0,18.0,65.0,64.0,62.0,63.0,62.0,58.0,60.0,60.0,56.0,93.0,87.0,81.0,86.0,76.0,63.0,79.0,64.0,45.0,1018.0,1019.0,1022.0,1016.0,1017.0,1019.0,1014.0,1014.0,1016.0,16.0,16.0,16.0,16.0,16.0,16.0,13.0,11.0,16.0,14.0,23.0,26.0,5.0,10.0,13.0,0.0,0.0,0.0,22.0,19.0,16.0,62.0,59.5,56.0,91.5,80.0,68.0,1017.0,1014.0,1009.0,16.0,16.0,12.0,16.5,5.5,0.0,-1.4142135623730951,-2.0,-2.9154759474226504,-4.183300132670378,-4.898979485566356,-5.656854249492381,3.6742346141747673,-4.69041575982343,-11.379806676741042,-1.5811388300841898,-2.9154759474226504,-7.0710678118654755,0.0,0.0,0.0,-5.291502622129181,-3.4641016151377544,0.0,-2.0816659994661326,-1.7320508075688772,-2.309401076758503,-3.2145502536643185,-3.265986323710904,-4.0,4.58257569495584,6.454972243679028,5.830951894845301,-2.160246899469287,-2.6457513110645907,-5.887840577551898,0.0,0.0,-2.886751345948129,-4.654746681256314,-3.3166247903554,0.0
794,12,22.0,22.0,24.0,18.0,20.0,22.0,14.0,18.0,19.0,59.0,65.0,64.0,56.0,63.0,62.0,52.0,60.0,60.0,90.0,93.0,87.0,74.0,86.0,76.0,57.0,79.0,64.0,1016.0,1018.0,1019.0,1012.0,1016.0,1017.0,1004.0,1014.0,1014.0,16.0,16.0,16.0,16.0,16.0,16.0,11.0,13.0,11.0,19.0,14.0,23.0,6.0,5.0,10.0,0.0,0.0,0.0,19.0,15.0,11.0,58.5,53.0,44.0,91.5,75.0,58.0,1017.0,1009.5,1003.0,16.0,14.5,6.5,28.0,10.0,17.0,-4.242640687119285,-4.47213595499958,-5.0990195135927845,-4.301162633521313,-6.519202405202649,-12.649110640673518,0.0,-8.366600265340756,-15.491933384829668,0.0,-4.527692569068709,-7.211102550927978,0.0,-2.1213203435596424,-6.519202405202649,13.209844813622906,5.70087712549569,24.041630560342615,-3.6514837167011076,-3.8297084310253524,-4.203173404306164,-3.4641016151377544,-5.291502622129181,-10.327955589886445,3.4641016151377544,-3.6514837167011076,-9.219544457292887,-0.5773502691896257,-3.7416573867739413,-5.887840577551898,0.0,-1.7320508075688772,-5.196152422706632,9.451631252505216,3.6514837167011076,19.629909152447276
795,12,16.0,22.0,22.0,12.0,18.0,20.0,8.0,14.0,18.0,58.0,59.0,65.0,50.0,56.0,63.0,36.0,52.0,60.0,93.0,90.0,93.0,76.0,74.0,86.0,59.0,57.0,79.0,1018.0,1016.0,1018.0,1007.0,1012.0,1016.0,1002.0,1004.0,1014.0,16.0,16.0,16.0,13.0,16.0,16.0,2.0,11.0,13.0,37.0,19.0,14.0,14.0,6.0,5.0,34.0,0.0,0.0,17.0,12.0,7.0,48.0,40.0,29.5,84.5,62.5,40.0,1021.5,1014.5,1010.0,16.0,14.5,9.0,33.0,12.5,17.0,-4.0,-4.242640687119285,-4.47213595499958,-14.159802258506296,-14.7648230602334,-14.577379737113251,-11.832159566199232,-19.03943276465977,-26.832815729997478,5.1478150704935,10.0,11.224972160321824,0.0,0.0,7.582875444051551,11.40175425099138,5.244044240850758,0.0,-3.265986323710904,-3.6514837167011076,-4.320493798938574,-12.069244660154448,-12.7148207485071,-12.767145334803704,-9.814954576223638,-17.01959654829299,-25.32455988429677,4.041451884327381,7.831560082980487,7.118052168020874,0.0,0.0,6.082762530298219,9.746794344808963,4.320493798938574,0.0
796,12,18.0,16.0,22.0,12.0,12.0,18.0,6.0,8.0,14.0,38.0,58.0,59.0,30.0,50.0,56.0,23.0,36.0,52.0,76.0,93.0,90.0,49.0,76.0,74.0,21.0,59.0,57.0,1025.0,1018.0,1016.0,1022.0,1007.0,1012.0,1018.0,1002.0,1004.0,16.0,16.0,16.0,16.0,13.0,16.0,16.0,2.0,11.0,29.0,37.0,19.0,11.0,14.0,6.0,0.0,34.0,0.0,19.5,12.0,4.5,36.0,30.5,25.0,77.5,51.0,23.5,1028.0,1024.0,1020.5,16.0,16.0,16.0,25.0,9.5,0.0,2.5495097567963922,0.0,-2.5495097567963922,-14.422205101855956,-14.124446891825535,-8.74642784226795,-11.832159566199232,-18.881207588499205,-26.636441203734407,6.519202405202649,10.977249200050075,11.853269591129697,0.0,2.1213203435596424,9.899494936611665,-8.0,-3.0,-24.041630560342615,-2.7688746209726918,-3.4641016151377544,-4.041451884327381,-11.789826122551595,-12.041594578792296,-11.67618659209133,-9.504384952922168,-15.37313674346694,-21.717888172349234,5.446711546122731,8.48528137423857,9.60902353693305,0.0,0.0,6.191391873668904,8.082903768654761,3.9157800414902435,0.0
797,12,21.0,18.0,16.0,12.0,12.0,12.0,3.0,6.0,8.0,34.0,38.0,58.0,31.0,30.0,50.0,27.0,23.0,36.0,79.0,76.0,93.0,53.0,49.0,76.0,26.0,21.0,59.0,1031.0,1025.0,1018.0,1026.0,1022.0,1007.0,1023.0,1018.0,1002.0,16.0,16.0,16.0,16.0,16.0,13.0,16.0,16.0,2.0,21.0,29.0,37.0,8.0,11.0,14.0,0.0,0.0,34.0,19.5,12.0,4.0,35.0,30.0,26.0,67.5,47.5,26.5,1032.0,1027.5,1025.0,16.0,16.0,16.0,18.5,6.5,0.0,0.0,0.0,-1.5811388300841898,-2.449489742783178,-1.224744871391589,2.449489742783178,-16.1245154965971,-7.245688373094719,3.605551275463989,4.47213595499958,3.5355339059327378,4.527692569068709,0.0,0.0,0.0,-6.670832032063167,-3.0,0.0,1.1547005383792515,0.0,-1.7320508075688772,-11.718930554164631,-11.590225767142474,-7.234178138070235,-16.421530582338136,-16.673332000533065,-21.740898478827106,5.446711546122731,9.128709291752768,9.9498743710662,0.0,1.7320508075688772,8.082903768654761,-7.14142842854285,-3.0,-19.629909152447276
798,14,18.0,21.0,18.0,12.0,12.0,12.0,5.0,3.0,6.0,36.0,34.0,38.0,29.0,31.0,30.0,25.0,27.0,23.0,56.0,79.0,76.0,42.0,53.0,49.0,27.0,26.0,21.0,1033.0,1031.0,1025.0,1029.0,1026.0,1022.0,1027.0,1023.0,1018.0,16.0,16.0,16.0,16.0,16.0,16.0,16.0,16.0,16.0,16.0,21.0,29.0,5.0,8.0,11.0,0.0,0.0,0.0,20.5,13.0,5.5,44.0,37.0,30.5,69.0,52.0,34.5,1030.0,1026.5,1023.5,16.0,16.0,16.0,19.5,6.5,0.0,2.8284271247461903,1.4142135623730951,1.5811388300841898,11.40175425099138,11.224972160321824,7.648529270389178,8.573214099741124,11.811011811017716,10.63014581273465,-4.0,-2.8284271247461903,-4.06201920231798,0.0,0.0,0.0,3.4641016151377544,0.0,0.0,2.886751345948129,1.1547005383792515,-1.1547005383792515,9.018499505645789,9.183318209303941,6.658328118479393,7.211102550927978,9.91631652042901,9.146948489341495,1.1547005383792515,0.0,-1.632993161855452,0.0,0.0,0.0,-3.6514837167011076,-1.7320508075688772,0.0
799,19,23.0,18.0,21.0,14.0,12.0,12.0,6.0,5.0,3.0,52.0,36.0,34.0,45.0,29.0,31.0,36.0,25.0,27.0,82.0,56.0,79.0,62.0,42.0,53.0,42.0,27.0,26.0,1027.0,1033.0,1031.0,1024.0,1029.0,1026.0,1020.0,1027.0,1023.0,16.0,16.0,16.0,16.0,16.0,16.0,16.0,16.0,16.0,23.0,16.0,21.0,8.0,5.0,8.0,0.0,0.0,0.0,24.5,16.5,9.5,55.5,50.0,44.0,87.5,67.0,46.0,1023.5,1020.5,1017.0,16.0,16.0,16.0,22.0,9.5,0.0,4.123105625617661,3.8078865529319543,5.0,12.349089035228468,13.341664064126334,13.729530217745982,19.96246477767713,15.811388300841896,12.020815280171307,-6.519202405202649,-6.082762530298219,-6.519202405202649,0.0,0.0,0.0,4.743416490252569,3.0,0.0,2.886751345948129,3.1091263510296048,4.242640687119285,10.14889156509222,10.83205120618128,11.150485789118488,9.451631252505216,11.239810200058244,9.83192080250175,-5.196152422706632,-4.654746681256314,-4.795831523312719,0.0,0.0,0.0,2.581988897471611,1.7320508075688772,0.0
800,21,26.0,23.0,18.0,19.0,14.0,12.0,13.0,6.0,5.0,59.0,52.0,36.0,55.0,45.0,29.0,52.0,36.0,25.0,93.0,82.0,56.0,72.0,62.0,42.0,50.0,42.0,27.0,1020.0,1027.0,1033.0,1017.0,1024.0,1029.0,1014.0,1020.0,1027.0,16.0,16.0,16.0,16.0,16.0,16.0,16.0,16.0,16.0,21.0,23.0,16.0,11.0,8.0,5.0,0.0,0.0,0.0,25.5,20.0,15.0,60.0,57.5,54.5,93.0,72.0,50.0,1020.0,1017.0,1014.0,16.0,16.0,16.0,21.0,10.5,0.0,2.0,3.8078865529319543,5.70087712549569,5.1478150704935,7.905694150420948,11.853269591129697,7.7781745930520225,7.0710678118654755,5.656854249492381,-4.949747468305833,-4.949747468305833,-4.242640687119285,0.0,0.0,0.0,-1.4142135623730951,2.0,0.0,3.3166247903554,3.3166247903554,4.69041575982343,10.14889156509222,11.269427669584644,11.575836902790225,16.299284237863535,12.909944487358056,9.814954576223638,-5.32290647422377,-4.96655480858378,-5.32290647422377,0.0,0.0,0.0,3.872983346207417,2.3804761428476167,0.0
801,21,25.0,26.0,23.0,21.0,19.0,14.0,17.0,13.0,6.0,61.0,59.0,52.0,60.0,55.0,45.0,57.0,52.0,36.0,93.0,93.0,82.0,72.0,72.0,62.0,50.0,50.0,42.0,1020.0,1020.0,1027.0,1017.0,1017.0,1024.0,1014.0,1014.0,1020.0,16.0,16.0,16.0,16.0,16.0,16.0,16.0,16.0,16.0,21.0,21.0,23.0,10.0,11.0,8.0,0.0,0.0,0.0,26.0,21.0,16.0,61.5,57.5,46.0,90.0,67.0,43.0,1021.0,1017.0,1014.0,16.0,16.0,16.0,23.5,11.5,0.0,1.224744871391589,1.4142135623730951,2.449489742783178,1.5811388300841898,0.0,-15.149257407543116,-4.242640687119285,-7.0710678118654755,-9.899494936611665,1.4142135623730951,0.0,0.0,0.0,0.0,0.0,3.5355339059327378,2.0,0.0,2.0,3.1091263510296048,4.509249752822894,4.242640687119285,5.773502691896258,-8.225975119502044,5.32290647422377,0.0,-6.6332495807108,-3.872983346207417,-4.041451884327381,-3.4641016151377544,0.0,0.0,0.0,2.6457513110645907,2.3804761428476167,0.0
802,18,27.0,25.0,26.0,21.0,21.0,19.0,15.0,17.0,13.0,62.0,61.0,59.0,55.0,60.0,55.0,35.0,57.0,52.0,87.0,93.0,93.0,62.0,72.0,72.0,36.0,50.0,50.0,1022.0,1020.0,1020.0,1017.0,1017.0,1017.0,1014.0,1014.0,1014.0,16.0,16.0,16.0,16.0,16.0,16.0,16.0,16.0,16.0,26.0,21.0,21.0,13.0,10.0,11.0,0.0,0.0,0.0,26.5,19.5,12.0,62.0,51.0,33.5,84.0,60.5,36.0,1022.5,1017.5,1013.5,16.0,16.0,14.5,26.0,11.5,0.0,1.224744871391589,-2.1213203435596424,-4.47213595499958,0.7071067811865476,-6.670832032063167,-15.700318468107582,-6.0,-7.3824115301167,-9.899494936611665,1.5811388300841898,0.7071067811865476,-0.7071067811865476,0.0,0.0,-2.1213203435596424,3.5355339059327378,0.0,0.0,0.816496580927726,-1.2909944487358056,-2.8284271247461903,1.2909944487358056,-4.618802153517006,-12.489995996796797,-4.898979485566356,-6.027713773341708,-8.082903768654761,1.2909944487358056,0.5773502691896257,-0.5773502691896257,0.0,0.0,-1.7320508075688772,2.886751345948129,-0.5773502691896257,0.0
803,23,26.0,27.0,25.0,18.0,21.0,21.0,9.0,15.0,17.0,62.0,62.0,61.0,47.0,55.0,60.0,32.0,35.0,57.0,81.0,87.0,93.0,59.0,62.0,72.0,36.0,36.0,50.0,1023.0,1022.0,1020.0,1018.0,1017.0,1017.0,1013.0,1014.0,1014.0,16.0,16.0,16.0,16.0,16.0,16.0,13.0,16.0,16.0,26.0,26.0,21.0,10.0,13.0,10.0,0.0,0.0,0.0,27.0,20.5,13.0,63.0,48.5,32.5,84.0,56.0,27.0,1021.5,1016.5,1011.5,16.0,16.0,13.5,26.5,10.5,0.0,1.224744871391589,2.8284271247461903,3.7416573867739413,1.4142135623730951,-5.244044240850758,-2.0,0.0,-4.743416490252569,-12.727922061357855,-2.0,-2.0,-2.23606797749979,0.0,0.0,-2.0,0.7071067811865476,-2.0,0.0,1.5275252316519468,2.309401076758503,2.8284271247461903,1.2909944487358056,-5.163977794943222,-12.806248474865697,-3.4641016151377544,-6.95221787153807,-13.165611772087667,-1.1547005383792515,-1.632993161855452,-1.8257418583505538,0.0,0.0,-1.632993161855452,2.943920288775949,0.5773502691896257,0.0
804,16,28.0,26.0,27.0,23.0,18.0,21.0,17.0,9.0,15.0,64.0,62.0,62.0,50.0,47.0,55.0,33.0,32.0,35.0,87.0,81.0,87.0,53.0,59.0,62.0,18.0,36.0,36.0,1020.0,1023.0,1022.0,1015.0,1018.0,1017.0,1010.0,1013.0,1014.0,16.0,16.0,16.0,16.0,16.0,16.0,14.0,13.0,16.0,27.0,26.0,26.0,11.0,10.0,13.0,0.0,0.0,0.0,26.0,19.5,12.0,55.5,43.5,33.0,79.0,50.5,21.5,1021.5,1017.5,1013.5,16.0,16.0,15.0,23.0,8.5,0.0,-2.449489742783178,-3.4641016151377544,-4.242640687119285,-11.937336386313323,-8.94427190999916,0.7071067811865476,-10.488088481701515,-5.522680508593631,-11.726039399558575,0.0,2.8284271247461903,4.47213595499958,0.0,0.0,1.5811388300841898,-5.612486080160912,-3.4641016151377544,0.0,-2.0816659994661326,-3.3166247903554,-4.898979485566356,-9.746794344808963,-8.640987597877148,-1.632993161855452,-9.237604307034012,-4.83045891539648,-9.574271077563381,0.5773502691896257,2.3804761428476167,3.605551275463989,0.0,0.0,-1.1547005383792515,-4.58257569495584,-3.3166247903554,0.0
805,20,24.0,28.0,26.0,16.0,23.0,18.0,7.0,17.0,9.0,47.0,64.0,62.0,37.0,50.0,47.0,33.0,33.0,32.0,71.0,87.0,81.0,48.0,53.0,59.0,25.0,18.0,36.0,1023.0,1020.0,1023.0,1020.0,1015.0,1018.0,1017.0,1010.0,1013.0,16.0,16.0,16.0,16.0,16.0,16.0,16.0,14.0,13.0,19.0,27.0,26.0,6.0,11.0,10.0,0.0,0.0,0.0,25.0,18.0,10.5,51.5,45.5,41.0,82.0,57.0,32.0,1023.0,1020.0,1018.0,16.0,16.0,16.0,19.0,8.0,0.0,-2.449489742783178,-4.06201920231798,-5.049752469181039,-10.198039027185569,7.745966692414834,11.313708498984761,10.677078252031311,12.227019260637483,11.067971810589327,2.1213203435596424,3.5355339059327378,5.1478150704935,0.0,0.0,1.4142135623730951,-5.656854249492381,-2.1213203435596424,0.0,-1.632993161855452,-1.632993161855452,2.0816659994661326,-8.246211251235321,6.557438524302,9.255628917943215,9.38083151964686,9.363047936792093,-5.131601439446884,0.0,2.309401076758503,3.8297084310253524,0.0,0.0,1.2909944487358056,-4.58257569495584,-1.632993161855452,0.0
806,20,26.0,24.0,28.0,20.0,16.0,23.0,14.0,7.0,17.0,56.0,47.0,64.0,54.0,37.0,50.0,49.0,33.0,33.0,93.0,71.0,87.0,66.0,48.0,53.0,39.0,25.0,18.0,1023.0,1023.0,1020.0,1020.0,1020.0,1015.0,1019.0,1017.0,1010.0,16.0,16.0,16.0,16.0,16.0,16.0,16.0,16.0,14.0,19.0,19.0,27.0,10.0,6.0,11.0,0.0,0.0,0.0,25.5,20.0,14.0,58.0,55.5,51.5,93.0,70.0,46.5,1022.5,1019.5,1016.5,16.0,15.0,12.0,22.5,12.0,0.0,1.224744871391589,2.8284271247461903,4.949747468305833,6.96419413859206,12.206555615733702,11.853269591129697,15.556349186104045,13.92838827718412,14.508618128546908,-0.7071067811865476,-0.7071067811865476,-3.24037034920393,0.0,-1.4142135623730951,-5.656854249492381,4.949747468305833,4.0,0.0,-2.0816659994661326,-3.3166247903554,-4.123105625617661,-8.0,6.557438524302,9.678154093971983,8.717797887081348,11.0,12.516655570345725,1.632993161855452,2.8284271247461903,3.0550504633038935,0.0,-1.1547005383792515,-4.47213595499958,-2.23606797749979,1.5275252316519468,0.0
807,21,25.0,26.0,24.0,20.0,20.0,16.0,14.0,14.0,7.0,60.0,56.0,47.0,57.0,54.0,37.0,54.0,49.0,33.0,93.0,93.0,71.0,74.0,66.0,48.0,54.0,39.0,25.0,1022.0,1023.0,1023.0,1019.0,1020.0,1020.0,1014.0,1019.0,1017.0,16.0,16.0,16.0,14.0,16.0,16.0,8.0,16.0,16.0,26.0,19.0,19.0,14.0,10.0,6.0,0.0,0.0,0.0,24.5,20.5,16.0,62.5,59.5,56.5,90.0,75.0,59.0,1018.0,1014.5,1010.0,16.0,14.0,5.5,30.0,16.0,0.0,-1.0,0.7071067811865476,2.8284271247461903,4.527692569068709,4.123105625617661,5.0,-4.242640687119285,5.830951894845301,12.747548783981962,-5.70087712549569,-6.4031242374328485,-6.670832032063167,0.0,-1.4142135623730951,-6.670832032063167,7.516648189186454,4.0,0.0,0.816496580927726,2.3804761428476167,4.654746681256314,6.377042156569663,10.376254944182254,10.099504938362077,12.220201853215574,11.430952132988164,13.178264933847197,-4.654746681256314,-5.228129047119374,-5.32290647422377,0.0,-1.1547005383792515,-5.446711546122731,6.137317546507322,4.0,0.0
808,24,24.0,25.0,26.0,21.0,20.0,20.0,18.0,14.0,14.0,65.0,60.0,56.0,62.0,57.0,54.0,59.0,54.0,49.0,87.0,93.0,93.0,76.0,74.0,66.0,64.0,54.0,39.0,1014.0,1022.0,1023.0,1010.0,1019.0,1020.0,1006.0,1014.0,1019.0,16.0,16.0,16.0,14.0,14.0,16.0,3.0,8.0,16.0,34.0,26.0,19.0,18.0,14.0,10.0,0.0,0.0,0.0,26.0,22.5,19.0,67.0,64.0,61.5,88.5,75.0,61.0,1011.0,1007.5,1004.0,16.0,13.5,2.5,30.5,16.0,3.0,2.7386127875258306,2.23606797749979,3.1622776601683795,4.527692569068709,4.527692569068709,5.0,-3.6742346141747673,0.0,5.656854249492381,-7.0710678118654755,-7.280109889280518,-6.324555320336759,0.0,-0.7071067811865476,-3.605551275463989,2.7386127875258306,0.0,4.242640687119285,2.160246899469287,1.8257418583505538,2.581988897471611,4.358898943540674,4.08248290463863,5.0,-3.0,4.618802153517006,9.814954576223638,-5.802298395176403,-5.972157622389639,-5.916079783099616,0.0,-1.2909944487358056,-5.477225575051661,4.618802153517006,2.309401076758503,3.4641016151377544
809,18,28.0,24.0,25.0,24.0,21.0,20.0,20.0,18.0,14.0,69.0,65.0,60.0,66.0,62.0,57.0,64.0,59.0,54.0,90.0,87.0,93.0,74.0,76.0,74.0,58.0,64.0,54.0,1008.0,1014.0,1022.0,1005.0,1010.0,1019.0,1002.0,1006.0,1014.0,16.0,16.0,16.0,13.0,14.0,14.0,2.0,3.0,8.0,27.0,34.0,26.0,14.0,18.0,14.0,6.0,0.0,0.0,25.0,21.0,17.5,68.0,62.0,60.5,95.0,83.0,71.0,1009.5,1006.0,1003.0,16.0,11.5,2.0,25.5,13.5,30.5,-3.1622776601683795,-3.6742346141747673,-3.24037034920393,2.449489742783178,-4.898979485566356,-3.4641016151377544,7.3824115301167,12.649110640673518,17.88854381999832,-3.6742346141747673,-3.24037034920393,-2.449489742783178,0.0,-2.23606797749979,-0.7071067811865476,-5.385164807134504,-2.9154759474226504,34.90701935141412,-2.6457513110645907,-2.943920288775949,-1.2909944487358056,3.5118845842842465,-2.7688746209726918,0.5773502691896257,4.932882862316247,10.392304845413264,15.705625319186328,-5.507570547286102,-5.830951894845301,-5.033222956847166,0.0,-1.8257418583505538,-2.943920288775949,1.4142135623730951,-0.5773502691896257,28.5014619508076
810,16,22.0,28.0,24.0,18.0,24.0,21.0,15.0,20.0,18.0,67.0,69.0,65.0,58.0,66.0,62.0,57.0,64.0,59.0,100.0,90.0,87.0,92.0,74.0,76.0,84.0,58.0,64.0,1011.0,1008.0,1014.0,1007.0,1005.0,1010.0,1004.0,1002.0,1006.0,16.0,16.0,16.0,10.0,13.0,14.0,2.0,2.0,3.0,24.0,27.0,34.0,13.0,14.0,18.0,55.0,6.0,0.0,20.0,17.0,14.5,64.0,58.5,57.0,96.5,92.0,87.0,1012.5,1009.5,1006.0,16.0,11.5,2.5,25.0,13.0,32.5,-5.0990195135927845,-4.47213595499958,-3.605551275463989,-4.47213595499958,-5.612486080160912,-4.949747468305833,5.049752469181039,12.727922061357855,18.867962264113206,3.0,3.8078865529319543,3.1622776601683795,0.0,0.0,0.7071067811865476,-1.5811388300841898,-0.7071067811865476,13.711309200802088,-3.4641016151377544,-3.2145502536643185,-2.70801280154532,-2.8284271247461903,-3.958114029012639,-2.8284271247461903,4.47213595499958,10.327955589886445,15.01110699893027,-2.449489742783178,1.1547005383792515,1.1547005383792515,0.0,-0.5773502691896257,0.0,-4.242640687119285,-2.3804761428476167,11.718930554164631
811,18,18.0,22.0,28.0,16.0,18.0,24.0,14.0,15.0,20.0,61.0,67.0,69.0,59.0,58.0,66.0,57.0,57.0,64.0,93.0,100.0,90.0,92.0,92.0,74.0,90.0,84.0,58.0,1014.0,1011.0,1008.0,1012.0,1007.0,1005.0,1008.0,1004.0,1002.0,16.0,16.0,16.0,13.0,10.0,13.0,3.0,2.0,2.0,26.0,24.0,27.0,13.0,13.0,14.0,10.0,55.0,6.0,20.0,17.0,14.5,62.0,60.0,57.0,96.5,89.5,81.5,1014.5,1013.0,1010.0,16.0,12.0,3.0,20.0,9.0,9.5,0.0,0.0,0.0,-4.0,1.5811388300841898,0.0,0.0,-3.5355339059327378,-11.247221879201993,2.23606797749979,3.8078865529319543,4.0,0.0,1.5811388300841898,0.7071067811865476,-8.366600265340756,-5.656854249492381,-31.827660925679098,-3.4641016151377544,-3.4641016151377544,-2.886751345948129,-3.4641016151377544,-4.43471156521669,-4.041451884327381,5.773502691896258,9.983319421247959,11.874342087037917,2.516611478423583,3.3166247903554,3.4641016151377544,0.0,-1.1547005383792515,0.5773502691896257,-7.047458170621991,-4.654746681256314,11.180339887498949
812,19,22.0,18.0,22.0,18.0,16.0,18.0,15.0,14.0,15.0,63.0,61.0,67.0,61.0,59.0,58.0,57.0,57.0,57.0,100.0,93.0,100.0,87.0,92.0,92.0,73.0,90.0,84.0,1015.0,1014.0,1011.0,1014.0,1012.0,1007.0,1012.0,1008.0,1004.0,16.0,16.0,16.0,11.0,13.0,10.0,3.0,3.0,2.0,14.0,26.0,24.0,5.0,13.0,13.0,9.0,10.0,55.0,22.5,18.5,14.5,60.5,58.5,55.5,100.0,81.0,61.0,1015.0,1013.5,1010.5,16.0,13.5,8.0,14.0,5.5,9.0,2.9154759474226504,1.5811388300841898,0.0,-3.24037034920393,-3.24037034920393,-2.1213203435596424,4.949747468305833,-9.192388155425117,-20.796634343085422,0.7071067811865476,1.224744871391589,1.8708286933869707,0.0,3.24037034920393,7.0710678118654755,-8.48528137423857,-5.612486080160912,-0.7071067811865476,0.5773502691896257,0.5773502691896257,-0.5773502691896257,-4.358898943540674,-2.581988897471611,-1.7320508075688772,0.0,-7.505553499465135,-16.623276853055575,1.8257418583505538,3.0550504633038935,2.7688746209726918,0.0,3.1622776601683795,5.802298395176403,-6.831300510639732,-4.58257569495584,-25.987176324743967
813,22,23.0,22.0,18.0,19.0,18.0,16.0,14.0,15.0,14.0,58.0,63.0,61.0,56.0,61.0,59.0,54.0,57.0,57.0,100.0,100.0,93.0,75.0,87.0,92.0,49.0,73.0,90.0,1015.0,1015.0,1014.0,1013.0,1014.0,1012.0,1009.0,1012.0,1008.0,16.0,16.0,16.0,16.0,11.0,13.0,13.0,3.0,3.0,14.0,14.0,26.0,6.0,5.0,13.0,9.0,9.0,10.0,26.0,20.5,13.5,59.5,53.5,45.5,98.5,67.0,34.5,1012.5,1011.0,1007.5,16.0,14.5,8.0,19.0,6.0,4.5,4.301162633521313,2.23606797749979,-1.0,-2.8284271247461903,-5.0,-12.206555615733702,-2.1213203435596424,-14.142135623730951,-26.61766330841233,-3.5355339059327378,-2.9154759474226504,-3.0,0.0,2.8284271247461903,0.0,7.0710678118654755,0.7071067811865476,-6.363961030678928,4.203173404306164,2.160246899469287,-0.5773502691896257,-2.0,-3.9157800414902435,-9.966610925150702,3.6514837167011076,-11.902380714238083,-23.84673283002656,-2.8284271247461903,-2.0816659994661326,-0.816496580927726,0.0,2.0,0.0,-3.8297084310253524,-4.58257569495584,-5.228129047119374
814,23,29.0,23.0,22.0,22.0,19.0,18.0,13.0,14.0,15.0,61.0,58.0,63.0,51.0,56.0,61.0,37.0,54.0,57.0,97.0,100.0,100.0,59.0,75.0,87.0,20.0,49.0,73.0,1010.0,1015.0,1015.0,1009.0,1013.0,1014.0,1006.0,1009.0,1012.0,16.0,16.0,16.0,13.0,16.0,11.0,3.0,13.0,3.0,24.0,14.0,14.0,6.0,6.0,5.0,0.0,9.0,9.0,31.0,22.5,12.5,62.0,50.5,39.0,85.0,53.5,21.5,1011.0,1009.0,1006.0,16.0,14.5,9.5,23.5,7.0,0.0,5.0990195135927845,2.23606797749979,-1.0,2.5495097567963922,-3.605551275463989,-11.683321445547923,-17.10263137648707,-13.729530217745982,-20.396078054371138,-3.24037034920393,-2.8284271247461903,-2.1213203435596424,0.0,0.0,5.873670062235365,7.035623639735144,1.4142135623730951,-6.363961030678928,4.203173404306164,1.9148542155126762,-1.0,-2.0,-4.123105625617661,-9.695359714832659,-13.96424004376894,-13.178264933847197,-21.66410241236256,-2.6457513110645907,-2.3804761428476167,-2.449489742783178,0.0,2.886751345948129,7.505553499465135,5.744562646538029,1.2909944487358056,-5.196152422706632
815,27,33.0,29.0,23.0,23.0,22.0,19.0,12.0,13.0,14.0,63.0,61.0,58.0,50.0,51.0,56.0,41.0,37.0,54.0,73.0,97.0,100.0,48.0,59.0,75.0,23.0,20.0,49.0,1012.0,1010.0,1015.0,1009.0,1009.0,1013.0,1006.0,1006.0,1009.0,16.0,16.0,16.0,16.0,13.0,16.0,16.0,3.0,13.0,23.0,24.0,14.0,8.0,6.0,6.0,0.0,0.0,9.0,33.0,25.0,15.5,65.5,54.0,41.0,86.5,53.5,20.5,1012.5,1009.0,1006.0,16.0,13.5,10.5,21.0,9.0,0.0,2.8284271247461903,2.9154759474226504,4.898979485566356,3.8078865529319543,5.612486080160912,2.8284271247461903,8.74642784226795,0.0,-2.8284271247461903,1.5811388300841898,0.0,0.0,0.0,-2.8284271247461903,4.898979485566356,-2.9154759474226504,2.0,0.0,4.163331998932265,2.943920288775949,3.958114029012639,3.559026084010437,3.559026084010437,-9.539392014169456,6.928203230275509,-9.237604307034012,-16.901676445449624,-2.581988897471611,-2.309401076758503,-1.7320508075688772,0.0,-2.886751345948129,-4.163331998932265,5.259911279353167,1.632993161855452,-5.196152422706632
816,22,33.0,33.0,29.0,27.0,23.0,22.0,19.0,12.0,13.0,68.0,63.0,61.0,58.0,50.0,51.0,41.0,41.0,37.0,100.0,73.0,97.0,59.0,48.0,59.0,18.0,23.0,20.0,1013.0,1012.0,1010.0,1009.0,1009.0,1009.0,1006.0,1006.0,1006.0,16.0,16.0,16.0,11.0,16.0,13.0,5.0,16.0,3.0,19.0,23.0,24.0,10.0,8.0,6.0,0.0,0.0,0.0,30.0,24.5,17.5,67.5,57.5,41.5,92.0,60.0,27.5,1015.0,1011.5,1009.0,16.0,12.5,6.5,20.0,9.0,0.0,-4.242640687119285,-2.1213203435596424,4.47213595499958,3.4641016151377544,5.612486080160912,0.7071067811865476,15.378556499229699,7.905694150420948,12.96148139681572,2.9154759474226504,3.5355339059327378,4.242640687119285,0.0,-2.8284271247461903,-7.483314773547883,-2.449489742783178,0.0,0.0,-2.581988897471611,-1.632993161855452,3.605551275463989,3.0550504633038935,4.546060565661952,2.3804761428476167,-5.8594652770823155,1.1547005383792515,10.723805294763608,2.6457513110645907,2.886751345948129,3.4641016151377544,0.0,-1.5275252316519468,4.358898943540674,-2.0816659994661326,1.1547005383792515,0.0
817,23,27.0,33.0,33.0,22.0,27.0,23.0,16.0,19.0,12.0,67.0,68.0,63.0,57.0,58.0,50.0,42.0,41.0,41.0,84.0,100.0,73.0,61.0,59.0,48.0,37.0,18.0,23.0,1017.0,1013.0,1012.0,1014.0,1009.0,1009.0,1012.0,1006.0,1006.0,16.0,16.0,16.0,14.0,11.0,16.0,8.0,5.0,16.0,21.0,19.0,23.0,8.0,10.0,8.0,0.0,0.0,0.0,26.5,22.5,17.5,67.0,61.5,53.0,87.0,68.5,49.5,1015.5,1013.0,1010.0,16.0,12.0,5.0,16.0,7.0,0.5,-4.301162633521313,-3.4641016151377544,0.0,-0.7071067811865476,6.324555320336759,15.572411502397436,-10.488088481701515,10.700467279516348,22.20360331117452,1.8708286933869707,3.24037034920393,3.1622776601683795,0.0,-1.8708286933869707,-3.6742346141747673,-6.928203230275509,-2.0,0.7071067811865476,-3.5118845842842465,-1.632993161855452,4.041451884327381,2.8284271247461903,6.928203230275509,12.7148207485071,13.025615788386615,10.801234497346433,17.897858344878397,1.632993161855452,2.6457513110645907,2.581988897471611,0.0,-3.265986323710904,-7.023769168568493,-6.110100926607787,-1.1547005383792515,0.5773502691896257
818,20,26.0,27.0,33.0,23.0,22.0,27.0,19.0,16.0,19.0,67.0,67.0,68.0,66.0,57.0,58.0,64.0,42.0,41.0,90.0,84.0,100.0,76.0,61.0,59.0,62.0,37.0,18.0,1014.0,1017.0,1013.0,1012.0,1014.0,1009.0,1008.0,1012.0,1006.0,16.0,16.0,16.0,10.0,14.0,11.0,2.0,8.0,5.0,11.0,21.0,19.0,6.0,8.0,10.0,1.0,0.0,0.0,26.0,21.5,16.0,68.0,66.0,57.5,95.0,80.5,65.5,1015.0,1011.0,1007.5,16.0,10.5,2.5,19.0,7.0,1.5,-0.7071067811865476,-2.0,-3.6742346141747673,1.4142135623730951,6.363961030678928,12.549900398011133,8.246211251235321,12.36931687685298,18.35755975068582,-1.5811388300841898,-2.0,-2.9154759474226504,0.0,-2.7386127875258306,-4.183300132670378,8.831760866327848,0.0,1.0,-3.5118845842842465,-3.3166247903554,-3.4641016151377544,1.0,5.163977794943222,10.263202878893768,-6.324555320336759,10.16530045465127,18.57417562100671,1.9148542155126762,2.3804761428476167,2.516611478423583,0.0,-1.4142135623730951,-2.943920288775949,7.302967433402215,-1.1547005383792515,0.816496580927726
819,13,26.0,26.0,27.0,20.0,23.0,22.0,13.0,19.0,16.0,69.0,67.0,67.0,66.0,66.0,57.0,51.0,64.0,42.0,100.0,90.0,84.0,85.0,76.0,61.0,69.0,62.0,37.0,1016.0,1014.0,1017.0,1010.0,1012.0,1014.0,1007.0,1008.0,1012.0,16.0,16.0,16.0,11.0,10.0,14.0,3.0,2.0,8.0,27.0,11.0,21.0,8.0,6.0,8.0,2.0,1.0,0.0,21.5,16.5,10.5,59.0,51.0,39.5,86.0,68.5,50.0,1021.0,1015.5,1012.0,16.0,13.5,9.5,28.0,13.0,1.0,-6.363961030678928,-5.385164807134504,-5.522680508593631,-14.071247279470288,-21.213203435596427,-18.681541692269406,-18.49324200890693,-22.44994432064365,-26.410225292488512,7.211102550927978,7.648529270389178,7.035623639735144,0.0,3.605551275463989,9.219544457292887,11.40175425099138,7.211102550927978,-1.224744871391589,-5.228129047119374,-4.358898943540674,-4.163331998932265,-11.489125293076057,-16.522711641858304,-8.445906306213285,-14.696938456699069,-16.15549442140351,-16.020819787597222,5.627314338711377,6.137317546507322,5.259911279353167,0.0,1.8257418583505538,6.683312551921141,7.302967433402215,5.773502691896258,-0.816496580927726
820,12,17.0,26.0,26.0,13.0,20.0,23.0,8.0,13.0,19.0,49.0,69.0,67.0,36.0,66.0,66.0,28.0,51.0,64.0,72.0,100.0,90.0,52.0,85.0,76.0,31.0,69.0,62.0,1026.0,1016.0,1014.0,1021.0,1010.0,1012.0,1017.0,1007.0,1008.0,16.0,16.0,16.0,16.0,11.0,10.0,16.0,3.0,2.0,29.0,27.0,11.0,18.0,8.0,6.0,0.0,2.0,1.0,17.5,12.5,7.0,40.5,32.0,26.5,67.0,48.0,28.0,1029.0,1025.0,1021.5,16.0,16.0,16.0,26.5,13.0,0.0,-6.324555320336759,-5.0,-3.8078865529319543,-18.560711193270585,-21.95449840010015,-16.401219466856727,-21.02379604162864,-24.01041440708594,-27.202941017470888,8.246211251235321,9.617692030835672,9.513148795220223,0.0,3.5355339059327378,9.192388155425117,-3.24037034920393,0.0,-1.4142135623730951,-5.163977794943222,-4.43471156521669,-4.654746681256314,-15.110702608857515,-17.925772879665004,-15.351438586225939,-16.165807537309522,-18.90326250501043,-21.840329667841555,6.831300510639732,7.767453465154029,7.745966692414834,0.0,2.943920288775949,7.52772652709081,8.850612031567836,1.1547005383792515,-1.0
821,11,18.0,17.0,26.0,12.0,13.0,20.0,6.0,8.0,13.0,32.0,49.0,69.0,28.0,36.0,66.0,25.0,28.0,51.0,62.0,72.0,100.0,44.0,52.0,85.0,25.0,31.0,69.0,1032.0,1026.0,1016.0,1029.0,1021.0,1010.0,1026.0,1017.0,1007.0,16.0,16.0,16.0,16.0,16.0,11.0,16.0,16.0,3.0,24.0,29.0,27.0,8.0,18.0,8.0,0.0,0.0,2.0,19.0,11.5,4.0,35.5,31.0,27.5,72.0,50.5,28.5,1032.0,1028.5,1025.0,16.0,16.0,16.0,21.5,7.0,0.0,1.5811388300841898,-1.0,-3.1622776601683795,-10.954451150103322,-3.7416573867739413,2.8284271247461903,12.24744871391589,7.245688373094719,2.5495097567963922,4.242640687119285,5.612486080160912,6.2048368229954285,0.0,0.0,0.0,-5.0,-7.211102550927978,0.0,-5.033222956847166,-4.123105625617661,-3.872983346207417,-14.60593486680443,-17.587874611030557,-13.076696830622021,-12.701705922171767,-18.110770276274835,-21.840329667841555,6.733003292241386,7.831560082980487,7.681145747868608,0.0,2.886751345948129,7.505553499465135,-3.9157800414902435,-1.1547005383792515,-1.1547005383792515
822,17,20.0,18.0,17.0,11.0,12.0,13.0,2.0,6.0,8.0,39.0,32.0,49.0,34.0,28.0,36.0,30.0,25.0,28.0,82.0,62.0,72.0,57.0,44.0,52.0,32.0,25.0,31.0,1032.0,1032.0,1026.0,1028.0,1029.0,1021.0,1024.0,1026.0,1017.0,16.0,16.0,16.0,16.0,16.0,16.0,16.0,16.0,16.0,19.0,24.0,29.0,6.0,8.0,18.0,0.0,0.0,0.0,23.0,14.0,4.5,48.5,42.0,35.0,84.0,62.0,39.5,1027.5,1023.0,1018.5,16.0,16.0,16.0,23.0,10.0,0.0,4.47213595499958,4.183300132670378,2.1213203435596424,14.317821063276353,12.083045973594572,7.905694150420948,14.422205101855956,11.597413504743201,11.704699910719626,-6.363961030678928,-7.106335201775948,-7.905694150420948,0.0,0.0,0.0,4.415880433163924,5.477225575051661,0.0,3.696845502136472,3.366501646120693,1.2909944487358056,6.3508529610858835,8.717797887081348,6.2182527020592095,10.263202878893768,8.266397845091497,8.906926143924924,-3.872983346207417,-3.5118845842842465,-3.8297084310253524,0.0,0.0,0.0,2.160246899469287,-3.6514837167011076,0.0
823,23,26.0,20.0,18.0,17.0,11.0,12.0,7.0,2.0,6.0,58.0,39.0,32.0,50.0,34.0,28.0,40.0,30.0,25.0,86.0,82.0,62.0,67.0,57.0,44.0,47.0,32.0,25.0,1023.0,1032.0,1032.0,1018.0,1028.0,1029.0,1013.0,1024.0,1026.0,16.0,16.0,16.0,16.0,16.0,16.0,16.0,16.0,16.0,27.0,19.0,24.0,14.0,6.0,8.0,0.0,0.0,0.0,27.0,20.0,12.5,61.5,56.0,49.5,86.5,69.0,50.5,1017.5,1013.5,1009.0,16.0,16.0,13.5,25.5,14.0,0.5,4.47213595499958,6.0,8.54400374531753,14.317821063276353,14.142135623730951,15.182226450688976,2.9154759474226504,7.615773105863909,11.704699910719626,-10.04987562112089,-9.513148795220223,-9.617692030835672,0.0,0.0,-3.5355339059327378,5.244044240850758,5.656854249492381,0.7071067811865476,3.8297084310253524,4.864839839775475,6.582805886043833,12.36931687685298,12.055427546683417,12.727922061357855,11.789826122551595,9.746794344808963,10.376254944182254,-8.205689083394114,-7.788880963698615,-7.937253933193772,0.0,0.0,-2.886751345948129,3.1622776601683795,4.47213595499958,0.5773502691896257
824,15,28.0,26.0,20.0,23.0,17.0,11.0,18.0,7.0,2.0,65.0,58.0,39.0,62.0,50.0,34.0,59.0,40.0,30.0,87.0,86.0,82.0,71.0,67.0,57.0,54.0,47.0,32.0,1012.0,1023.0,1032.0,1009.0,1018.0,1028.0,1005.0,1013.0,1024.0,16.0,16.0,16.0,16.0,16.0,16.0,11.0,16.0,16.0,24.0,27.0,19.0,14.0,14.0,6.0,1.0,0.0,0.0,24.5,19.0,13.5,66.0,54.0,45.0,79.5,61.0,42.0,1015.5,1011.5,1006.5,16.0,14.5,7.0,25.5,13.5,2.5,-4.743416490252569,-3.7416573867739413,4.47213595499958,5.1478150704935,-7.483314773547883,-14.543039572248986,-10.583005244258363,-13.856406460551018,-16.232683080747925,-6.0,-5.291502622129181,-5.244044240850758,0.0,-2.1213203435596424,-6.670832032063167,0.0,-0.7071067811865476,2.23606797749979,-1.7320508075688772,1.632993161855452,4.654746681256314,11.74734012447073,6.928203230275509,-10.376254944182254,-8.32666399786453,-9.72967967955095,-10.03327796219494,-7.14142842854285,-7.211102550927978,-7.659416862050705,0.0,-1.7320508075688772,-5.446711546122731,4.618802153517006,4.58257569495584,1.8257418583505538
825,14,21.0,28.0,26.0,15.0,23.0,17.0,9.0,18.0,7.0,67.0,65.0,58.0,46.0,62.0,50.0,31.0,59.0,40.0,72.0,87.0,86.0,51.0,71.0,67.0,30.0,54.0,47.0,1019.0,1012.0,1023.0,1014.0,1009.0,1018.0,1008.0,1005.0,1013.0,16.0,16.0,16.0,13.0,16.0,16.0,3.0,11.0,16.0,27.0,24.0,27.0,13.0,14.0,14.0,4.0,1.0,0.0,22.0,14.5,7.0,56.5,43.5,35.0,80.5,55.5,30.5,1018.0,1014.0,1009.0,16.0,14.5,9.5,23.0,9.5,2.0,-4.743416490252569,-5.70087712549569,-6.96419413859206,-14.781745499094482,-11.853269591129697,-18.973665961010276,5.656854249492381,-12.62933094031509,-16.95582495781317,4.743416490252569,3.5355339059327378,2.5495097567963922,0.0,0.0,7.245688373094719,-5.244044240850758,-5.0,-1.8708286933869707,-3.696845502136472,-3.1091263510296048,2.8284271247461903,-11.372481406154654,-6.757711644237764,-10.939226054281294,4.654746681256314,-10.04987562112089,-13.241349377360804,-5.033222956847166,-4.320493798938574,-4.123105625617661,0.0,0.0,5.163977794943222,-4.618802153517006,-4.08248290463863,-1.4142135623730951
826,16,23.0,21.0,28.0,14.0,15.0,23.0,5.0,9.0,18.0,46.0,67.0,65.0,41.0,46.0,62.0,39.0,31.0,59.0,89.0,72.0,87.0,60.0,51.0,71.0,31.0,30.0,54.0,1017.0,1019.0,1012.0,1014.0,1014.0,1009.0,1010.0,1008.0,1005.0,16.0,16.0,16.0,16.0,13.0,16.0,16.0,3.0,11.0,19.0,27.0,24.0,6.0,13.0,14.0,0.0,4.0,1.0,23.0,15.0,7.0,51.5,47.0,43.0,91.0,67.5,44.0,1015.5,1013.5,1010.5,16.0,15.0,12.0,20.0,6.0,0.0,1.4142135623730951,1.224744871391589,0.0,-12.649110640673518,7.713624310270756,8.0,12.349089035228468,12.36931687685298,18.398369492974098,-2.5495097567963922,-0.7071067811865476,1.5811388300841898,0.0,1.5811388300841898,7.245688373094719,-5.477225575051661,-4.949747468305833,-2.8284271247461903,-3.872983346207417,-4.509249752822894,-5.196152422706632,-10.263202878893768,-6.757711644237764,-14.787382008545888,5.163977794943222,-5.597618541248888,5.802298395176403,3.4641016151377544,2.8284271247461903,2.160246899469287,0.0,-1.1547005383792515,3.696845502136472,-4.123105625617661,-4.08248290463863,-1.5275252316519468
827,18,23.0,23.0,21.0,16.0,14.0,15.0,9.0,5.0,9.0,57.0,46.0,67.0,53.0,41.0,46.0,47.0,39.0,31.0,93.0,89.0,72.0,75.0,60.0,51.0,57.0,31.0,30.0,1014.0,1017.0,1019.0,1013.0,1014.0,1014.0,1011.0,1010.0,1008.0,16.0,16.0,16.0,14.0,16.0,13.0,8.0,16.0,3.0,21.0,19.0,27.0,6.0,6.0,13.0,0.0,0.0,4.0,23.0,17.0,11.0,60.0,54.0,45.5,96.5,72.5,48.5,1018.0,1015.0,1012.0,16.0,13.5,5.5,22.5,7.0,0.0,0.0,2.0,4.0,8.860022573334675,8.602325267042627,5.244044240850758,5.70087712549569,10.0,13.910427743243556,5.244044240850758,2.7386127875258306,1.5811388300841898,0.0,-1.5811388300841898,-6.670832032063167,2.5495097567963922,1.4142135623730951,0.0,1.1547005383792515,1.5275252316519468,2.309401076758503,-9.72967967955095,6.4031242374328485,6.298147875897061,10.862780491200215,9.678154093971983,11.372481406154654,4.123105625617661,2.23606797749979,1.7320508075688772,0.0,1.1547005383792515,5.163977794943222,-4.123105625617661,-3.872983346207417,-2.309401076758503
828,17,23.0,23.0,23.0,18.0,16.0,14.0,13.0,9.0,5.0,63.0,57.0,46.0,55.0,53.0,41.0,44.0,47.0,39.0,100.0,93.0,89.0,70.0,75.0,60.0,40.0,57.0,31.0,1022.0,1014.0,1017.0,1017.0,1013.0,1014.0,1013.0,1011.0,1010.0,16.0,16.0,16.0,13.0,14.0,16.0,3.0,8.0,16.0,24.0,21.0,19.0,8.0,6.0,6.0,0.0,0.0,0.0,23.5,17.5,11.0,54.5,48.5,42.0,85.5,60.5,35.5,1022.0,1018.0,1014.5,16.0,14.5,9.5,20.0,7.0,0.0,0.7071067811865476,1.224744871391589,0.0,-11.247221879201993,-9.082951062292475,-3.5355339059327378,-19.8997487421324,-13.892443989449804,-13.601470508735444,5.656854249492381,3.1622776601683795,2.5495097567963922,0.0,2.0,8.48528137423857,-5.244044240850758,0.0,0.0,0.5773502691896257,1.5275252316519468,2.309401076758503,-6.6332495807108,-2.6457513110645907,3.605551275463989,-16.08311744241976,-7.32575365861197,10.099504938362077,4.281744192888376,2.516611478423583,2.160246899469287,0.0,1.1547005383792515,5.163977794943222,-4.123105625617661,0.0,0.0
829,18,24.0,23.0,23.0,17.0,18.0,16.0,9.0,13.0,9.0,46.0,63.0,57.0,42.0,55.0,53.0,40.0,44.0,47.0,71.0,100.0,93.0,51.0,70.0,75.0,31.0,40.0,57.0,1022.0,1022.0,1014.0,1019.0,1017.0,1013.0,1016.0,1013.0,1011.0,16.0,16.0,16.0,16.0,13.0,14.0,16.0,3.0,8.0,16.0,24.0,21.0,6.0,8.0,6.0,0.0,0.0,0.0,22.5,17.5,11.5,57.0,52.0,43.5,85.5,63.5,41.5,1019.0,1016.0,1013.0,16.0,12.0,9.5,18.5,8.0,0.5,-2.0,0.0,2.1213203435596424,9.874208829065749,10.747092630102339,4.06201920231798,0.0,11.489125293076057,13.416407864998739,-4.242640687119285,-4.0,-3.6742346141747673,0.0,-5.244044240850758,0.0,-4.415880433163924,2.449489742783178,0.7071067811865476,-1.632993161855452,1.1547005383792515,2.886751345948129,8.774964387392123,8.850612031567836,2.8284271247461903,4.041451884327381,8.925618559330589,4.864839839775475,3.0550504633038935,-2.309401076758503,-2.7688746209726918,0.0,-4.320493798938574,-2.886751345948129,-3.1622776601683795,2.309401076758503,0.5773502691896257
830,23,21.0,24.0,23.0,18.0,17.0,18.0,14.0,9.0,13.0,68.0,46.0,63.0,62.0,42.0,55.0,47.0,40.0,44.0,100.0,71.0,100.0,76.0,51.0,70.0,52.0,31.0,40.0,1016.0,1022.0,1022.0,1013.0,1019.0,1017.0,1010.0,1016.0,1013.0,16.0,16.0,16.0,8.0,16.0,13.0,3.0,16.0,3.0,21.0,16.0,24.0,10.0,6.0,8.0,1.0,0.0,0.0,23.0,20.5,17.0,69.0,65.5,57.5,100.0,82.0,64.0,1013.5,1010.0,1006.0,16.0,8.0,3.0,22.0,10.5,1.0,1.8708286933869707,3.605551275463989,5.522680508593631,15.620499351813308,14.983324063771697,15.652475842498529,20.506096654409877,19.60867155112758,22.54994456755936,-5.522680508593631,-6.0,-7.0710678118654755,0.0,-5.656854249492381,-9.192388155425117,3.8078865529319543,2.9154759474226504,0.7071067811865476,1.632993161855452,2.886751345948129,3.872983346207417,8.144527815247077,9.66091783079296,12.569805089976535,0.0,11.661903789690601,17.663521732655695,-4.509249752822894,-4.760952285695233,-5.507570547286102,0.0,-4.281744192888376,0.0,-3.415650255319866,2.0816659994661326,0.5773502691896257
831,24,25.0,21.0,24.0,23.0,18.0,17.0,20.0,14.0,9.0,70.0,68.0,46.0,69.0,62.0,42.0,68.0,47.0,40.0,100.0,100.0,71.0,88.0,76.0,51.0,76.0,52.0,31.0,1011.0,1016.0,1022.0,1007.0,1013.0,1019.0,1002.0,1010.0,1016.0,16.0,16.0,16.0,8.0,8.0,16.0,3.0,3.0,16.0,23.0,21.0,16.0,11.0,10.0,6.0,1.0,1.0,0.0,27.5,23.5,19.5,69.5,62.5,53.5,98.5,73.5,48.0,1009.5,1006.0,1002.5,16.0,9.5,3.0,21.0,9.5,0.5,4.527692569068709,3.605551275463989,4.183300132670378,1.224744871391589,-7.745966692414834,-14.142135623730951,-2.1213203435596424,-18.66815470259447,-35.77708763999664,-4.123105625617661,-4.47213595499958,-5.612486080160912,0.0,2.1213203435596424,0.0,-2.449489742783178,-2.0,-0.7071067811865476,3.265986323710904,3.0,4.47213595499958,12.741009902410928,9.66091783079296,-10.816653826391969,16.65332799572906,-4.898979485566356,-26.57693235370353,-4.83045891539648,-5.033222956847166,-5.744562646538029,0.0,-4.281744192888376,-7.505553499465135,2.0816659994661326,1.632993161855452,0.0
832,15,30.0,25.0,21.0,24.0,23.0,18.0,19.0,20.0,14.0,69.0,70.0,68.0,56.0,69.0,62.0,39.0,68.0,47.0,97.0,100.0,100.0,59.0,88.0,76.0,20.0,76.0,52.0,1008.0,1011.0,1016.0,1005.0,1007.0,1013.0,1003.0,1002.0,1010.0,16.0,16.0,16.0,11.0,8.0,8.0,3.0,3.0,3.0,19.0,23.0,21.0,8.0,11.0,10.0,0.0,1.0,1.0,24.5,19.5,15.0,60.5,50.5,38.5,84.5,58.0,31.0,1015.0,1010.0,1005.5,16.0,12.5,3.0,26.5,10.5,4.5,-6.928203230275509,-6.324555320336759,-5.70087712549569,-12.041594578792296,-12.041594578792296,-20.518284528683193,-17.804493814764857,-20.554804791094465,-36.41428291206625,9.669539802906858,6.928203230275509,3.605551275463989,0.0,3.0,0.0,10.222524150130436,2.8284271247461903,6.324555320336759,-5.163977794943222,-4.281744192888376,-3.1091263510296048,-9.763879010584539,-8.962886439832502,-11.561430130683084,-14.53730832490435,-15.286159317064135,-26.30589287593181,7.3484692283495345,4.47213595499958,-3.559026084010437,0.0,2.449489742783178,0.0,8.426149773176359,2.3804761428476167,5.163977794943222
833,16,19.0,30.0,25.0,15.0,24.0,23.0,11.0,19.0,20.0,52.0,69.0,70.0,45.0,56.0,69.0,38.0,39.0,68.0,72.0,97.0,100.0,57.0,59.0,88.0,42.0,20.0,76.0,1022.0,1008.0,1011.0,1015.0,1005.0,1007.0,1008.0,1003.0,1002.0,16.0,16.0,16.0,14.0,11.0,8.0,3.0,3.0,3.0,34.0,19.0,23.0,13.0,8.0,11.0,9.0,0.0,1.0,21.0,15.5,9.0,47.0,41.5,36.0,74.0,53.5,32.5,1024.5,1019.5,1015.0,16.0,15.0,9.5,27.5,10.5,4.5,-7.245688373094719,-6.324555320336759,-6.324555320336759,-13.946325680981353,-9.219544457292887,-2.9154759474226504,-17.449928366615147,-5.1478150704935,7.842193570679061,10.51189802081432,9.513148795220223,10.51189802081432,0.0,2.5495097567963922,9.192388155425117,5.291502622129181,0.0,0.0,-5.163977794943222,-5.131601439446884,-5.196152422706632,-11.40175425099138,-10.63014581273465,-16.911534525287763,-14.352700094407323,-17.26267650163207,-31.69121855235821,8.406346808612328,7.681145747868608,8.602325267042627,0.0,2.70801280154532,7.505553499465135,3.6514837167011076,-1.7320508075688772,-0.5773502691896257
834,17,23.0,19.0,30.0,16.0,15.0,24.0,7.0,11.0,19.0,42.0,52.0,69.0,38.0,45.0,56.0,34.0,38.0,39.0,76.0,72.0,97.0,50.0,57.0,59.0,23.0,42.0,20.0,1027.0,1022.0,1008.0,1024.0,1015.0,1005.0,1022.0,1008.0,1003.0,16.0,16.0,16.0,16.0,14.0,11.0,16.0,3.0,3.0,21.0,34.0,19.0,8.0,13.0,8.0,0.0,9.0,0.0,24.5,16.5,7.0,43.5,39.5,36.5,82.5,54.0,25.0,1026.0,1023.0,1020.5,16.0,16.0,16.0,20.0,6.5,0.0,3.5355339059327378,1.0,-2.8284271247461903,-6.745368781616021,-4.47213595499958,2.1213203435596424,9.617692030835672,2.7386127875258306,-13.133925536563698,3.24037034920393,6.2048368229954285,9.669539802906858,0.0,1.4142135623730951,9.192388155425117,-9.300537618869138,-4.123105625617661,-6.363961030678928,-5.656854249492381,-5.131601439446884,-5.163977794943222,-11.254628677422755,-7.32575365861197,1.632993161855452,-12.110601416389967,1.9148542155126762,6.8068592855540455,8.504900548115382,7.681145747868608,8.406346808612328,0.0,2.0816659994661326,7.505553499465135,4.163331998932265,-1.7320508075688772,0.0
835,20,26.0,23.0,19.0,17.0,16.0,15.0,7.0,7.0,11.0,45.0,42.0,52.0,41.0,38.0,45.0,39.0,34.0,38.0,89.0,76.0,72.0,58.0,50.0,57.0,27.0,23.0,42.0,1025.0,1027.0,1022.0,1022.0,1024.0,1015.0,1019.0,1022.0,1008.0,16.0,16.0,16.0,16.0,16.0,14.0,16.0,16.0,3.0,19.0,21.0,34.0,5.0,8.0,13.0,0.0,0.0,9.0,27.0,18.5,9.5,49.0,43.5,38.5,77.5,53.0,28.5,1024.0,1021.5,1019.0,16.0,16.0,16.0,19.0,5.5,0.0,2.5495097567963922,2.23606797749979,3.5355339059327378,6.041522986797286,4.123105625617661,3.4641016151377544,-13.416407864998739,-4.242640687119285,3.5355339059327378,-2.0,-1.5811388300841898,-2.1213203435596424,0.0,0.0,0.0,-1.4142135623730951,-2.0,0.0,3.1091263510296048,1.9148542155126762,1.7320508075688772,-3.0,-2.23606797749979,1.632993161855452,-10.708252269472673,-5.32290647422377,-10.583005244258363,2.3804761428476167,5.033222956847166,7.895146188218008,0.0,1.1547005383792515,7.505553499465135,-7.593857166596345,-3.3166247903554,-5.196152422706632
836,20,28.0,26.0,23.0,20.0,17.0,16.0,12.0,7.0,7.0,53.0,45.0,42.0,46.0,41.0,38.0,38.0,39.0,34.0,66.0,89.0,76.0,48.0,58.0,50.0,30.0,27.0,23.0,1023.0,1025.0,1027.0,1021.0,1022.0,1024.0,1019.0,1019.0,1022.0,16.0,16.0,16.0,16.0,16.0,16.0,16.0,16.0,16.0,19.0,19.0,21.0,6.0,5.0,8.0,0.0,0.0,0.0,28.0,20.0,12.0,54.0,46.5,39.0,66.0,49.0,31.5,1023.0,1021.0,1018.0,16.0,16.0,16.0,21.5,7.0,0.0,1.4142135623730951,2.1213203435596424,3.5355339059327378,5.830951894845301,3.605551275463989,1.224744871391589,-16.263455967290593,-6.928203230275509,3.0,-1.4142135623730951,-0.7071067811865476,-1.4142135623730951,0.0,0.0,0.0,3.5355339059327378,1.5811388300841898,0.0,2.0816659994661326,1.8257418583505538,2.886751345948129,5.066228051190222,3.415650255319866,3.0550504633038935,-10.954451150103322,-3.265986323710904,3.366501646120693,-1.632993161855452,-1.2909944487358056,-2.0816659994661326,0.0,0.0,0.0,2.6457513110645907,-1.1547005383792515,0.0
837,21,28.0,28.0,26.0,20.0,20.0,17.0,12.0,12.0,7.0,55.0,53.0,45.0,47.0,46.0,41.0,40.0,38.0,39.0,66.0,66.0,89.0,50.0,48.0,58.0,33.0,30.0,27.0,1023.0,1023.0,1025.0,1021.0,1021.0,1022.0,1017.0,1019.0,1019.0,16.0,16.0,16.0,16.0,16.0,16.0,16.0,16.0,16.0,24.0,19.0,19.0,8.0,6.0,5.0,0.0,0.0,0.0,28.0,20.5,12.5,56.5,47.5,37.5,78.0,53.0,27.0,1021.5,1019.0,1015.5,16.0,16.0,16.0,24.0,9.0,0.0,0.0,0.7071067811865476,0.7071067811865476,2.5495097567963922,1.0,-3.24037034920393,16.97056274847714,4.47213595499958,-8.215838362577491,-2.1213203435596424,-2.8284271247461903,-2.5495097567963922,0.0,0.0,0.0,3.5355339059327378,2.0,0.0,1.1547005383792515,1.8257418583505538,2.943920288775949,5.066228051190222,3.0,-2.70801280154532,3.958114029012639,-4.47213595499958,-6.48074069840786,-2.0816659994661326,-2.3804761428476167,-2.0816659994661326,0.0,0.0,0.0,2.886751345948129,1.7320508075688772,0.0
838,19,28.0,28.0,28.0,21.0,20.0,20.0,13.0,12.0,12.0,58.0,55.0,53.0,48.0,47.0,46.0,35.0,40.0,38.0,90.0,66.0,66.0,56.0,50.0,48.0,21.0,33.0,30.0,1020.0,1023.0,1023.0,1017.0,1021.0,1021.0,1014.0,1017.0,1019.0,16.0,16.0,16.0,16.0,16.0,16.0,16.0,16.0,16.0,24.0,24.0,19.0,10.0,8.0,6.0,0.0,0.0,0.0,28.5,20.0,11.0,54.5,46.5,38.0,88.0,55.5,22.0,1019.5,1016.5,1014.0,16.0,16.0,16.0,19.0,7.5,0.0,0.7071067811865476,-1.224744871391589,-2.7386127875258306,-4.47213595499958,-2.0,2.345207879911715,16.73320053068151,4.183300132670378,-8.366600265340756,-2.23606797749979,-2.9154759474226504,-2.1213203435596424,0.0,0.0,0.0,-7.0710678118654755,-3.24037034920393,0.0,0.5773502691896257,-1.0,-2.23606797749979,-3.4641016151377544,-1.5275252316519468,2.23606797749979,13.662601021279464,3.605551275463989,-6.60807586719967,-1.8257418583505538,-2.3804761428476167,-2.0816659994661326,0.0,0.0,0.0,-5.0,-2.3804761428476167,0.0
839,20,29.0,28.0,28.0,19.0,21.0,20.0,9.0,13.0,12.0,51.0,58.0,55.0,45.0,48.0,47.0,41.0,35.0,40.0,86.0,90.0,66.0,55.0,56.0,50.0,23.0,21.0,33.0,1019.0,1020.0,1023.0,1016.0,1017.0,1021.0,1014.0,1014.0,1017.0,16.0,16.0,16.0,16.0,16.0,16.0,16.0,16.0,16.0,14.0,24.0,24.0,5.0,10.0,8.0,0.0,0.0,0.0,28.0,19.5,11.0,50.0,44.0,39.5,81.5,53.0,24.0,1020.5,1018.0,1015.5,16.0,16.0,16.0,16.5,5.5,0.0,-1.224744871391589,-1.224744871391589,0.0,-5.1478150704935,-2.5495097567963922,3.6742346141747673,-6.96419413859206,-2.9154759474226504,2.0,2.0,2.7386127875258306,2.1213203435596424,0.0,0.0,0.0,-6.123724356957945,-3.4641016151377544,0.0,-1.0,-0.816496580927726,0.5773502691896257,-3.8297084310253524,-2.0,0.816496580927726,12.635927614016577,2.516611478423583,-6.733003292241386,-0.5773502691896257,-0.5773502691896257,0.0,0.0,0.0,0.0,-5.0,-2.581988897471611,0.0
840,20,27.0,29.0,28.0,20.0,19.0,21.0,13.0,9.0,13.0,49.0,51.0,58.0,43.0,45.0,48.0,38.0,41.0,35.0,77.0,86.0,90.0,51.0,55.0,56.0,25.0,23.0,21.0,1022.0,1019.0,1020.0,1020.0,1016.0,1017.0,1017.0,1014.0,1014.0,16.0,16.0,16.0,16.0,16.0,16.0,16.0,16.0,16.0,19.0,14.0,24.0,6.0,5.0,10.0,0.0,0.0,0.0,26.0,20.0,13.5,53.5,48.0,41.0,80.5,57.0,33.0,1021.5,1019.5,1016.5,16.0,16.0,9.5,22.5,7.0,0.5,-2.0,0.7071067811865476,2.9154759474226504,6.2048368229954285,6.928203230275509,3.6742346141747673,-4.0,8.0,11.40175425099138,2.0,2.7386127875258306,2.0,0.0,0.0,-9.192388155425117,6.082762530298219,1.5811388300841898,0.7071067811865476,-1.5275252316519468,-1.0,0.5773502691896257,3.0550504633038935,5.385164807134504,4.58257569495584,-4.0,6.506407098647712,9.38083151964686,1.5275252316519468,2.160246899469287,1.632993161855452,0.0,0.0,-7.505553499465135,-2.943920288775949,-2.581988897471611,0.5773502691896257
841,22,25.0,27.0,29.0,20.0,20.0,19.0,14.0,13.0,9.0,58.0,49.0,51.0,53.0,43.0,45.0,44.0,38.0,41.0,84.0,77.0,86.0,63.0,51.0,55.0,41.0,25.0,23.0,1021.0,1022.0,1019.0,1019.0,1020.0,1016.0,1016.0,1017.0,1014.0,16.0,16.0,16.0,16.0,16.0,16.0,3.0,16.0,16.0,26.0,19.0,14.0,8.0,6.0,5.0,1.0,0.0,0.0,25.5,21.0,16.0,62.0,57.5,51.5,85.5,69.0,51.5,1019.0,1017.0,1013.5,16.0,16.0,9.5,30.0,10.5,1.0,-1.224744871391589,1.4142135623730951,2.9154759474226504,8.514693182963201,9.513148795220223,11.423659658795863,5.385164807134504,12.0,18.66815470259447,-2.9154759474226504,-2.9154759474226504,-3.605551275463989,0.0,0.0,0.0,7.516648189186454,3.8078865529319543,0.7071067811865476,-1.5275252316519468,1.2909944487358056,3.3166247903554,6.855654600401044,7.681145747868608,9.16515138991168,-2.7688746209726918,9.521904571390467,15.286159317064135,-1.632993161855452,-0.5773502691896257,-2.3804761428476167,0.0,0.0,0.0,6.782329983125268,3.1622776601683795,0.5773502691896257
842,27,26.0,25.0,27.0,22.0,20.0,20.0,18.0,14.0,13.0,66.0,58.0,49.0,62.0,53.0,43.0,59.0,44.0,38.0,87.0,84.0,77.0,75.0,63.0,51.0,62.0,41.0,25.0,1017.0,1021.0,1022.0,1015.0,1019.0,1020.0,1011.0,1016.0,1017.0,16.0,16.0,16.0,16.0,16.0,16.0,16.0,3.0,16.0,34.0,26.0,19.0,13.0,8.0,6.0,1.0,1.0,0.0,29.0,24.5,19.5,68.5,65.0,62.5,90.0,74.5,58.5,1016.0,1013.5,1010.5,16.0,16.0,13.0,29.0,10.5,1.0,4.301162633521313,3.8078865529319543,3.5355339059327378,6.670832032063167,7.648529270389178,11.704699910719626,4.743416490252569,8.455767262643882,14.0,-3.1622776601683795,-3.5355339059327378,-3.605551275463989,0.0,0.0,8.154753215150045,-4.242640687119285,0.0,0.0,3.3166247903554,3.1091263510296048,2.943920288775949,7.52772652709081,8.504900548115382,10.16530045465127,5.597618541248888,9.780933834080807,14.696938456699069,-2.6457513110645907,-2.943920288775949,-3.0,0.0,0.0,-3.4641016151377544,2.0816659994661326,1.1547005383792515,0.5773502691896257
843,20,32.0,26.0,25.0,27.0,22.0,20.0,21.0,18.0,14.0,71.0,66.0,58.0,68.0,62.0,53.0,66.0,59.0,44.0,93.0,87.0,84.0,74.0,75.0,63.0,55.0,62.0,41.0,1015.0,1017.0,1021.0,1012.0,1015.0,1019.0,1010.0,1011.0,1016.0,16.0,16.0,16.0,16.0,16.0,16.0,10.0,16.0,3.0,24.0,34.0,26.0,8.0,13.0,8.0,1.0,1.0,1.0,27.5,23.5,19.0,70.5,64.5,62.0,93.0,78.5,64.0,1017.5,1014.5,1012.0,16.0,14.5,6.0,24.0,9.5,15.5,-4.743416490252569,-3.4641016151377544,-1.8708286933869707,3.4641016151377544,-2.5495097567963922,-2.7386127875258306,4.242640687119285,6.324555320336759,11.726039399558575,3.24037034920393,2.8284271247461903,2.7386127875258306,0.0,-2.1213203435596424,-7.0710678118654755,-7.0710678118654755,-2.8284271247461903,20.506096654409877,-3.8297084310253524,-2.581988897471611,1.7320508075688772,5.41602560309064,4.760952285695233,8.366600265340756,3.872983346207417,8.640987597877148,15.44884030167529,1.2909944487358056,0.0,-1.8257418583505538,0.0,-1.7320508075688772,4.795831523312719,-3.4641016151377544,1.7320508075688772,16.743157806499145
844,18,23.0,32.0,26.0,20.0,27.0,22.0,17.0,21.0,18.0,70.0,71.0,66.0,61.0,68.0,62.0,58.0,66.0,59.0,93.0,93.0,87.0,83.0,74.0,75.0,73.0,55.0,62.0,1020.0,1015.0,1017.0,1017.0,1012.0,1015.0,1014.0,1010.0,1011.0,16.0,16.0,16.0,13.0,16.0,16.0,2.0,10.0,16.0,24.0,24.0,34.0,11.0,8.0,13.0,30.0,1.0,1.0,22.5,19.0,15.5,65.5,60.5,58.0,96.5,83.0,69.5,1019.5,1017.0,1014.0,16.0,13.0,2.5,20.0,8.5,20.0,-6.4031242374328485,-5.1478150704935,-3.5355339059327378,-6.4031242374328485,-5.0,-5.656854249492381,4.949747468305833,6.363961030678928,11.726039399558575,3.4641016151377544,3.5355339059327378,2.8284271247461903,0.0,-2.1213203435596424,-5.612486080160912,-5.656854249492381,-2.8284271247461903,14.849242404917497,-3.9157800414902435,-3.0550504633038935,-2.309401076758503,-4.358898943540674,-2.160246899469287,-2.23606797749979,5.32290647422377,5.163977794943222,8.679477710861024,2.581988897471611,2.309401076758503,2.23606797749979,0.0,-1.7320508075688772,-5.744562646538029,-7.393691004272944,-3.696845502136472,12.12435565298214
845,19,22.0,23.0,32.0,18.0,20.0,27.0,14.0,17.0,21.0,61.0,70.0,71.0,60.0,61.0,68.0,58.0,58.0,66.0,100.0,93.0,93.0,83.0,83.0,74.0,66.0,73.0,55.0,1019.0,1020.0,1015.0,1017.0,1017.0,1012.0,1014.0,1014.0,1010.0,16.0,16.0,16.0,13.0,13.0,16.0,3.0,2.0,10.0,16.0,24.0,24.0,6.0,11.0,8.0,10.0,30.0,1.0,23.5,18.5,13.0,59.5,58.0,55.5,100.0,79.0,58.0,1018.5,1016.5,1013.5,16.0,11.5,1.5,16.0,6.0,5.0,2.0,-1.224744871391589,-2.5495097567963922,-6.708203932499369,-2.9154759474226504,-3.5355339059327378,4.949747468305833,-5.656854249492381,-12.349089035228468,-1.0,-0.7071067811865476,-0.7071067811865476,0.0,-2.1213203435596424,-2.0,-5.656854249492381,-3.5355339059327378,-15.811388300841896,-4.932882862316247,-4.163331998932265,-3.1091263510296048,-5.507570547286102,-4.69041575982343,-5.446711546122731,4.041451884327381,2.3804761428476167,2.516611478423583,2.7688746209726918,2.8284271247461903,2.23606797749979,0.0,-2.449489742783178,-4.898979485566356,-4.618802153517006,-2.309401076758503,10.661457061146317
846,19,25.0,22.0,23.0,19.0,18.0,20.0,12.0,14.0,17.0,58.0,61.0,70.0,56.0,60.0,61.0,53.0,58.0,58.0,100.0,100.0,93.0,75.0,83.0,83.0,50.0,66.0,73.0,1018.0,1019.0,1020.0,1016.0,1017.0,1017.0,1013.0,1014.0,1014.0,16.0,16.0,16.0,10.0,13.0,13.0,0.0,3.0,2.0,16.0,16.0,24.0,6.0,6.0,11.0,0.0,10.0,30.0,25.5,19.0,12.0,60.0,57.0,53.0,100.0,76.0,52.0,1016.0,1014.0,1010.5,16.0,11.5,3.0,19.5,7.0,0.0,2.23606797749979,0.7071067811865476,-1.4142135623730951,1.8708286933869707,-2.449489742783178,-3.5355339059327378,0.0,-5.477225575051661,-10.954451150103322,-2.9154759474226504,-2.9154759474226504,-3.605551275463989,0.0,0.0,3.6742346141747673,4.949747468305833,1.4142135623730951,-7.0710678118654755,1.7320508075688772,-1.0,-2.0816659994661326,-4.96655480858378,-2.0816659994661326,-2.886751345948129,4.041451884327381,-4.47213595499958,-9.814954576223638,-2.449489742783178,-2.3804761428476167,-2.943920288775949,0.0,0.0,3.0550504633038935,-2.23606797749979,-2.6457513110645907,-12.909944487358056
847,21,26.0,25.0,22.0,19.0,19.0,18.0,12.0,12.0,14.0,62.0,58.0,61.0,58.0,56.0,60.0,53.0,53.0,58.0,100.0,100.0,100.0,77.0,75.0,83.0,54.0,50.0,66.0,1014.0,1018.0,1019.0,1012.0,1016.0,1017.0,1008.0,1013.0,1014.0,16.0,16.0,16.0,13.0,10.0,13.0,6.0,0.0,3.0,23.0,16.0,16.0,8.0,6.0,6.0,0.0,0.0,10.0,25.0,20.0,15.0,66.5,62.0,57.0,100.0,84.5,69.0,1013.0,1011.0,1008.0,16.0,12.0,4.0,24.5,10.5,3.0,-1.224744871391589,1.4142135623730951,4.242640687119285,6.96419413859206,5.830951894845301,5.656854249492381,0.0,10.700467279516348,21.400934559032695,-3.1622776601683795,-3.1622776601683795,-3.5355339059327378,0.0,1.5811388300841898,3.1622776601683795,5.385164807134504,3.8078865529319543,4.242640687119285,1.4142135623730951,1.2909944487358056,3.265986323710904,5.41602560309064,4.163331998932265,3.605551275463989,0.0,7.416198487095663,14.832396974191326,-2.6457513110645907,-2.6457513110645907,-2.943920288775949,0.0,-1.1547005383792515,1.9148542155126762,4.396968652757639,3.1091263510296048,-4.618802153517006
848,22,24.0,26.0,25.0,21.0,19.0,19.0,18.0,12.0,12.0,71.0,62.0,58.0,66.0,58.0,56.0,61.0,53.0,53.0,100.0,100.0,100.0,92.0,77.0,75.0,84.0,54.0,50.0,1012.0,1014.0,1018.0,1010.0,1012.0,1016.0,1008.0,1008.0,1013.0,16.0,16.0,16.0,11.0,13.0,10.0,2.0,6.0,0.0,26.0,23.0,16.0,13.0,8.0,6.0,6.0,0.0,0.0,25.0,21.5,18.0,71.0,66.5,62.0,98.5,91.0,83.0,1014.0,1012.0,1009.5,16.0,9.5,1.0,26.0,11.5,20.0,0.0,1.5811388300841898,4.242640687119285,6.363961030678928,5.70087712549569,5.830951894845301,-2.1213203435596424,10.51189802081432,21.166010488516726,2.449489742783178,2.449489742783178,2.1213203435596424,0.0,-2.5495097567963922,-3.1622776601683795,2.1213203435596424,2.8284271247461903,20.248456731316587,0.5773502691896257,1.2909944487358056,3.4641016151377544,5.686240703077327,4.795831523312719,4.760952285695233,-1.7320508075688772,8.660254037844387,17.435595774162696,-1.1547005383792515,-1.1547005383792515,-2.309401076758503,0.0,-1.1547005383792515,2.309401076758503,4.396968652757639,2.581988897471611,16.532795690182994
849,21,26.0,24.0,26.0,22.0,21.0,19.0,18.0,18.0,12.0,71.0,71.0,62.0,67.0,66.0,58.0,63.0,61.0,53.0,97.0,100.0,100.0,90.0,92.0,77.0,82.0,84.0,54.0,1016.0,1012.0,1014.0,1014.0,1010.0,1012.0,1011.0,1008.0,1008.0,16.0,16.0,16.0,8.0,11.0,13.0,0.0,2.0,6.0,26.0,26.0,23.0,10.0,13.0,8.0,34.0,6.0,0.0,25.0,21.5,17.5,69.5,66.0,63.0,98.5,88.5,77.5,1018.0,1016.0,1013.0,16.0,9.0,1.0,23.5,8.0,31.5,0.0,0.0,-0.7071067811865476,-2.1213203435596424,-1.224744871391589,1.4142135623730951,0.0,-2.5495097567963922,-6.519202405202649,4.0,4.0,3.5355339059327378,0.0,-1.5811388300841898,0.0,-3.5355339059327378,-3.5355339059327378,19.480759738778158,-1.1547005383792515,1.1547005383792515,3.415650255319866,4.898979485566356,4.509249752822894,4.760952285695233,0.0,8.406346808612328,16.482313753434823,3.0550504633038935,3.0550504633038935,2.886751345948129,0.0,-1.7320508075688772,-2.309401076758503,-2.309401076758503,0.0,16.278820596099706
850,22,24.0,26.0,24.0,21.0,22.0,21.0,17.0,18.0,18.0,68.0,71.0,71.0,65.0,67.0,66.0,63.0,63.0,61.0,100.0,97.0,100.0,87.0,90.0,92.0,73.0,82.0,84.0,1020.0,1016.0,1012.0,1018.0,1014.0,1010.0,1015.0,1011.0,1008.0,16.0,16.0,16.0,10.0,8.0,11.0,2.0,0.0,2.0,21.0,26.0,26.0,6.0,10.0,13.0,29.0,34.0,6.0,25.5,21.5,17.0,67.5,64.5,62.0,100.0,83.0,65.5,1020.0,1018.0,1014.5,16.0,10.0,2.0,17.0,4.5,14.5,1.5811388300841898,0.0,-0.7071067811865476,-2.23606797749979,-1.5811388300841898,-1.4142135623730951,2.1213203435596424,-6.041522986797286,-12.36931687685298,2.8284271247461903,2.8284271247461903,2.7386127875258306,0.0,1.4142135623730951,1.4142135623730951,-6.670832032063167,-3.5355339059327378,-20.808652046684813,1.7320508075688772,0.5773502691896257,-0.5773502691896257,-1.8257418583505538,-1.1547005383792515,0.0,0.0,-5.066228051190222,-10.16530045465127,3.265986323710904,3.265986323710904,2.8284271247461903,0.0,-1.2909944487358056,0.0,-5.446711546122731,-3.366501646120693,-5.228129047119374
851,22,27.0,24.0,26.0,22.0,21.0,22.0,17.0,17.0,18.0,67.0,68.0,71.0,64.0,65.0,67.0,61.0,63.0,63.0,100.0,100.0,97.0,79.0,87.0,90.0,58.0,73.0,82.0,1020.0,1020.0,1016.0,1018.0,1018.0,1014.0,1014.0,1015.0,1011.0,16.0,16.0,16.0,10.0,10.0,8.0,2.0,2.0,0.0,13.0,21.0,26.0,3.0,6.0,10.0,0.0,29.0,34.0,27.0,22.0,16.5,67.0,63.5,59.5,96.5,75.5,54.5,1019.0,1016.5,1013.5,16.0,12.0,2.5,22.5,4.5,7.5,2.1213203435596424,0.7071067811865476,-0.7071067811865476,-0.7071067811865476,-1.0,-2.5495097567963922,-4.949747468305833,-7.516648189186454,-11.704699910719626,-1.4142135623730951,-2.1213203435596424,-1.0,0.0,2.8284271247461903,0.7071067811865476,12.186057606953941,0.0,-17.549928774784245,1.2909944487358056,0.0,-0.816496580927726,-1.8257418583505538,-1.4142135623730951,-2.0816659994661326,-3.6514837167011076,-6.377042156569663,-10.878112581387146,2.0,1.5275252316519468,2.160246899469287,0.0,2.581988897471611,1.2909944487358056,9.521904571390467,-2.309401076758503,-14.617341299520465
852,22,27.0,27.0,24.0,22.0,22.0,21.0,16.0,17.0,17.0,67.0,67.0,68.0,63.0,64.0,65.0,58.0,61.0,63.0,93.0,100.0,100.0,72.0,79.0,87.0,51.0,58.0,73.0,1018.0,1020.0,1020.0,1015.0,1018.0,1018.0,1013.0,1014.0,1015.0,16.0,16.0,16.0,14.0,10.0,10.0,3.0,2.0,2.0,32.0,13.0,21.0,6.0,3.0,6.0,15.0,0.0,29.0,27.5,22.0,16.0,66.5,62.0,58.0,93.0,71.0,49.0,1018.5,1015.0,1012.5,16.0,13.5,3.0,29.5,7.0,12.5,0.7071067811865476,0.0,-0.7071067811865476,-0.7071067811865476,-1.5811388300841898,-2.1213203435596424,-4.949747468305833,-5.1478150704935,-5.70087712549569,-1.224744871391589,-2.1213203435596424,-1.0,0.0,2.7386127875258306,0.7071067811865476,12.96148139681572,2.5495097567963922,10.0,1.8257418583505538,0.5773502691896257,-0.5773502691896257,-0.816496580927726,-1.4142135623730951,-2.0816659994661326,-4.041451884327381,-6.244997998398398,-9.83192080250175,-1.0,-1.7320508075688772,-1.0,0.0,2.23606797749979,0.5773502691896257,9.521904571390467,1.1547005383792515,-14.617341299520465
853,22,28.0,27.0,27.0,22.0,22.0,22.0,16.0,16.0,17.0,66.0,67.0,67.0,61.0,63.0,64.0,58.0,58.0,61.0,93.0,93.0,100.0,70.0,72.0,79.0,47.0,51.0,58.0,1019.0,1018.0,1020.0,1015.0,1015.0,1018.0,1012.0,1013.0,1014.0,16.0,16.0,16.0,13.0,14.0,10.0,3.0,3.0,2.0,27.0,32.0,13.0,8.0,6.0,3.0,10.0,15.0,0.0,28.5,22.0,16.0,63.0,58.0,53.5,93.0,66.5,40.0,1019.5,1016.5,1014.5,16.0,14.5,9.5,23.0,7.0,5.0,1.0,0.0,0.0,-4.301162633521313,-4.47213595499958,-6.363961030678928,0.0,-5.1478150704935,-10.295630140987,1.0,2.1213203435596424,3.4641016151377544,0.0,2.0,9.192388155425117,-6.670832032063167,0.0,-7.905694150420948,0.816496580927726,0.0,-0.5773502691896257,-3.5118845842842465,-3.696845502136472,-5.477225575051661,-4.041451884327381,-5.830951894845301,-9.327379053088816,-0.816496580927726,0.0,2.7688746209726918,0.0,2.8284271247461903,7.52772652709081,9.521904571390467,1.7320508075688772,5.773502691896258
854,21,29.0,28.0,27.0,22.0,22.0,22.0,16.0,16.0,16.0,60.0,66.0,67.0,55.0,61.0,63.0,49.0,58.0,58.0,93.0,93.0,93.0,63.0,70.0,72.0,33.0,47.0,51.0,1020.0,1019.0,1018.0,1018.0,1015.0,1015.0,1017.0,1012.0,1013.0,16.0,16.0,16.0,16.0,13.0,14.0,16.0,3.0,3.0,19.0,27.0,32.0,6.0,8.0,6.0,0.0,10.0,15.0,28.5,21.5,14.5,59.5,54.5,49.5,90.0,62.0,33.5,1019.5,1017.5,1015.0,16.0,16.0,16.0,16.5,5.5,0.0,0.0,-0.7071067811865476,-2.1213203435596424,-4.301162633521313,-4.301162633521313,-6.324555320336759,-4.242640687119285,-5.1478150704935,-9.874208829065749,0.0,2.0,2.1213203435596424,0.0,2.1213203435596424,9.192388155425117,-6.670832032063167,-1.5811388300841898,-7.0710678118654755,0.5773502691896257,-0.5773502691896257,-1.7320508075688772,-3.559026084010437,-3.696845502136472,-5.163977794943222,-3.4641016151377544,-4.358898943540674,-8.386497083606082,0.5773502691896257,1.632993161855452,1.632993161855452,0.0,1.632993161855452,7.505553499465135,-6.164414002968976,-0.5773502691896257,-6.454972243679028
855,22,28.0,29.0,28.0,21.0,22.0,22.0,13.0,16.0,16.0,59.0,60.0,66.0,54.0,55.0,61.0,50.0,49.0,58.0,87.0,93.0,93.0,61.0,63.0,70.0,34.0,33.0,47.0,1019.0,1020.0,1019.0,1017.0,1018.0,1015.0,1013.0,1017.0,1012.0,16.0,16.0,16.0,16.0,16.0,13.0,16.0,16.0,3.0,14.0,19.0,27.0,5.0,6.0,8.0,0.0,0.0,10.0,27.0,21.5,15.0,63.0,58.5,54.0,90.0,70.0,49.0,1017.0,1014.0,1010.5,16.0,16.0,16.0,17.5,7.5,0.0,-1.5811388300841898,0.0,1.8708286933869707,5.612486080160912,6.324555320336759,5.70087712549569,0.0,12.649110640673518,21.224985276791124,-2.9154759474226504,-4.301162633521313,-4.527692569068709,0.0,0.0,0.0,3.4641016151377544,3.4641016151377544,0.0,-1.1547005383792515,0.0,1.5275252316519468,3.0,3.8297084310253524,-2.309401076758503,0.0,9.504384952922168,15.329709716755891,-2.309401076758503,-3.0550504633038935,-2.309401076758503,0.0,1.7320508075688772,7.505553499465135,-3.6514837167011076,2.581988897471611,-5.773502691896258
856,26,26.0,28.0,29.0,22.0,21.0,22.0,17.0,13.0,16.0,67.0,59.0,60.0,63.0,54.0,55.0,58.0,50.0,49.0,93.0,87.0,93.0,79.0,61.0,63.0,64.0,34.0,33.0,1015.0,1019.0,1020.0,1011.0,1017.0,1018.0,1008.0,1013.0,1017.0,16.0,16.0,16.0,16.0,16.0,16.0,16.0,16.0,16.0,21.0,14.0,19.0,10.0,5.0,6.0,0.0,0.0,0.0,28.5,24.0,19.0,70.0,66.0,62.5,93.0,77.5,61.5,1013.0,1009.5,1006.0,16.0,16.0,13.0,22.5,10.5,0.0,3.24037034920393,2.9154759474226504,4.0,7.0710678118654755,7.648529270389178,8.514693182963201,4.242640687119285,12.549900398011133,20.91650066335189,-4.0,-4.743416490252569,-4.527692569068709,0.0,0.0,-4.242640687119285,5.385164807134504,3.605551275463989,0.0,2.581988897471611,2.309401076758503,2.7688746209726918,5.744562646538029,6.2182527020592095,6.97614984548545,0.0,10.181682899534175,17.08800749063506,-3.3166247903554,-3.9157800414902435,-4.358898943540674,0.0,0.0,-3.4641016151377544,3.3166247903554,2.886751345948129,0.0
857,26,31.0,26.0,28.0,26.0,22.0,21.0,21.0,17.0,13.0,73.0,67.0,59.0,69.0,63.0,54.0,67.0,58.0,50.0,93.0,93.0,87.0,76.0,79.0,61.0,59.0,64.0,34.0,1011.0,1015.0,1019.0,1008.0,1011.0,1017.0,1004.0,1008.0,1013.0,16.0,16.0,16.0,16.0,16.0,16.0,10.0,16.0,16.0,24.0,21.0,14.0,11.0,10.0,5.0,0.0,0.0,0.0,30.5,26.0,21.5,72.5,69.0,66.5,93.0,76.5,60.0,1009.5,1006.5,1002.5,16.0,14.5,8.0,25.5,12.5,0.0,3.4641016151377544,2.8284271247461903,2.9154759474226504,4.183300132670378,4.242640687119285,6.324555320336759,0.0,-2.0,-3.24037034920393,-3.5355339059327378,-3.0,-3.5355339059327378,0.0,-2.1213203435596424,-5.0990195135927845,3.0,2.23606797749979,0.0,2.581988897471611,2.3804761428476167,3.3166247903554,5.744562646538029,6.244997998398398,6.928203230275509,3.4641016151377544,10.263202878893768,17.11724276862369,-3.696845502136472,-4.242640687119285,-4.08248290463863,0.0,-1.7320508075688772,-4.163331998932265,4.725815626252608,3.415650255319866,0.0
858,24,30.0,31.0,26.0,26.0,26.0,22.0,22.0,21.0,17.0,72.0,73.0,67.0,69.0,69.0,63.0,66.0,67.0,58.0,93.0,93.0,93.0,77.0,76.0,79.0,61.0,59.0,64.0,1008.0,1011.0,1015.0,1005.0,1008.0,1011.0,1001.0,1004.0,1008.0,16.0,16.0,16.0,13.0,16.0,16.0,6.0,10.0,16.0,27.0,24.0,21.0,14.0,11.0,10.0,0.0,0.0,0.0,31.0,25.0,19.5,71.5,63.5,51.0,93.0,65.5,38.0,1008.0,1005.0,1001.0,16.0,13.0,4.0,26.5,11.0,7.0,1.224744871391589,-1.4142135623730951,-3.4641016151377544,-1.0,-7.7781745930520225,-21.224985276791124,0.0,-16.24807680927192,-32.49615361854384,-2.1213203435596424,-2.1213203435596424,-2.1213203435596424,0.0,-2.1213203435596424,-4.0,2.0,-3.6742346141747673,9.899494936611665,3.0550504633038935,2.0,-1.632993161855452,3.366501646120693,-5.32290647422377,-16.532795690182994,0.0,-13.379088160259652,-26.689573494781317,-2.886751345948129,-2.449489742783178,-2.886751345948129,0.0,-1.7320508075688772,-4.760952285695233,2.3804761428476167,-2.943920288775949,8.082903768654761
859,24,32.0,30.0,31.0,24.0,26.0,26.0,17.0,22.0,21.0,71.0,72.0,73.0,58.0,69.0,69.0,36.0,66.0,67.0,93.0,93.0,93.0,54.0,77.0,76.0,15.0,61.0,59.0,1008.0,1008.0,1011.0,1005.0,1005.0,1008.0,1001.0,1001.0,1004.0,16.0,16.0,16.0,13.0,13.0,16.0,2.0,6.0,10.0,26.0,27.0,24.0,8.0,14.0,11.0,14.0,0.0,0.0,31.5,24.0,17.0,72.0,62.0,46.0,93.0,62.5,31.5,1010.0,1006.5,1003.5,16.0,13.0,2.5,25.0,9.5,14.0,1.224744871391589,-1.4142135623730951,-3.5355339059327378,1.224744871391589,-5.338539126015656,-15.811388300841896,0.0,-10.954451150103322,-22.66053838724932,2.8284271247461903,2.1213203435596424,3.5355339059327378,0.0,0.0,-2.7386127875258306,-1.5811388300841898,-3.6742346141747673,9.899494936611665,0.816496580927726,-1.1547005383792515,-2.8284271247461903,0.816496580927726,-4.358898943540674,-12.922847983320086,0.0,-8.925618559330589,-18.466185312619388,1.5275252316519468,0.0,2.309401076758503,0.0,-1.7320508075688772,-3.2145502536643185,1.1547005383792515,-2.449489742783178,8.082903768654761
860,27,31.0,32.0,30.0,24.0,24.0,26.0,17.0,17.0,22.0,73.0,71.0,72.0,66.0,58.0,69.0,56.0,36.0,66.0,93.0,93.0,93.0,71.0,54.0,77.0,48.0,15.0,61.0,1012.0,1008.0,1008.0,1008.0,1005.0,1005.0,1006.0,1001.0,1001.0,16.0,16.0,16.0,13.0,13.0,13.0,3.0,2.0,6.0,24.0,26.0,27.0,11.0,8.0,14.0,14.0,14.0,0.0,30.0,25.5,20.5,73.5,69.5,64.0,93.5,76.5,59.0,1010.0,1006.0,1003.0,16.0,12.0,4.0,23.5,11.0,14.0,-1.5811388300841898,2.1213203435596424,4.949747468305833,1.5811388300841898,7.516648189186454,18.110770276274835,0.7071067811865476,14.317821063276353,28.044607324760317,0.0,-1.8708286933869707,-2.345207879911715,0.0,-1.4142135623730951,1.5811388300841898,-1.5811388300841898,2.1213203435596424,0.0,-0.5773502691896257,1.2909944487358056,2.8284271247461903,1.1547005383792515,-1.632993161855452,-9.018499505645789,0.5773502691896257,-6.298147875897061,-13.45362404707371,0.0,-1.5275252316519468,-1.9148542155126762,0.0,-1.1547005383792515,-1.9148542155126762,-1.4142135623730951,-3.0,8.082903768654761
861,24,29.0,31.0,32.0,27.0,24.0,24.0,24.0,17.0,17.0,74.0,73.0,71.0,73.0,66.0,58.0,72.0,56.0,36.0,94.0,93.0,93.0,82.0,71.0,54.0,70.0,48.0,15.0,1008.0,1012.0,1008.0,1004.0,1008.0,1005.0,1000.0,1006.0,1001.0,16.0,16.0,16.0,11.0,13.0,13.0,5.0,3.0,2.0,23.0,24.0,26.0,11.0,11.0,8.0,14.0,14.0,14.0,29.5,25.5,21.5,74.0,70.0,67.0,94.0,77.5,60.5,1008.5,1005.0,1000.5,16.0,12.0,2.5,22.0,8.5,18.5,-1.224744871391589,0.0,3.4641016151377544,0.7071067811865476,2.5495097567963922,8.831760866327848,0.7071067811865476,4.47213595499958,7.842193570679061,-2.7386127875258306,-2.449489742783178,-4.183300132670378,0.0,0.0,-3.24037034920393,-1.5811388300841898,-3.5355339059327378,6.363961030678928,-1.1547005383792515,0.0,2.8284271247461903,1.2909944487358056,5.066228051190222,13.613718571108091,0.5773502691896257,10.472185381603339,20.09975124224178,0.5773502691896257,-1.0,-1.8257418583505538,0.0,0.0,-2.581988897471611,-1.7320508075688772,-2.309401076758503,5.196152422706632
862,22,30.0,29.0,31.0,24.0,27.0,24.0,19.0,24.0,17.0,74.0,74.0,73.0,67.0,73.0,66.0,62.0,72.0,56.0,94.0,94.0,93.0,73.0,82.0,71.0,51.0,70.0,48.0,1009.0,1008.0,1012.0,1006.0,1004.0,1008.0,1001.0,1000.0,1006.0,16.0,16.0,16.0,13.0,11.0,13.0,0.0,5.0,3.0,21.0,23.0,24.0,6.0,11.0,11.0,23.0,14.0,14.0,28.0,23.0,19.0,69.5,63.5,58.5,90.5,71.0,50.5,1012.0,1009.0,1005.0,16.0,14.5,8.0,21.0,8.5,23.0,-2.7386127875258306,-2.5495097567963922,-3.5355339059327378,-6.363961030678928,-6.519202405202649,-8.631338250816034,-4.949747468305833,-6.96419413859206,-13.45362404707371,4.301162633521313,4.47213595499958,5.70087712549569,0.0,2.5495097567963922,10.747092630102339,-1.4142135623730951,0.0,6.363961030678928,-2.516611478423583,-1.1547005383792515,2.8284271247461903,-5.163977794943222,-3.4641016151377544,5.972157622389639,-4.0,2.8284271247461903,6.377042156569663,2.6457513110645907,2.8284271247461903,3.1091263510296048,0.0,1.7320508075688772,8.850612031567836,-1.2909944487358056,0.0,5.196152422706632
863,18,26.0,30.0,29.0,22.0,24.0,27.0,19.0,19.0,24.0,65.0,74.0,74.0,60.0,67.0,73.0,55.0,62.0,72.0,87.0,94.0,94.0,69.0,73.0,82.0,50.0,51.0,70.0,1015.0,1009.0,1008.0,1012.0,1006.0,1004.0,1009.0,1001.0,1000.0,16.0,16.0,16.0,16.0,13.0,11.0,16.0,0.0,5.0,21.0,21.0,23.0,11.0,6.0,11.0,23.0,23.0,14.0,23.5,20.0,16.5,59.5,55.5,52.0,83.5,68.5,52.5,1018.0,1015.0,1012.0,16.0,16.0,16.0,22.5,11.0,23.0,-4.527692569068709,-3.1622776601683795,-3.5355339059327378,-10.04987562112089,-8.06225774829855,-6.519202405202649,-7.0,-2.9154759474226504,3.4641016151377544,6.0,6.0,7.0710678118654755,0.0,2.1213203435596424,11.313708498984761,2.1213203435596424,3.5355339059327378,0.0,-3.6514837167011076,-3.1091263510296048,-4.08248290463863,-8.205689083394114,-7.438637868140466,-7.852812659593164,-5.715476066494082,-5.715476066494082,-10.598742063723098,4.932882862316247,5.033222956847166,5.802298395176403,0.0,2.0816659994661326,8.774964387392123,1.2909944487358056,0.0,5.196152422706632
864,19,21.0,26.0,30.0,18.0,22.0,24.0,14.0,19.0,19.0,54.0,65.0,74.0,51.0,60.0,67.0,49.0,55.0,62.0,80.0,87.0,94.0,68.0,69.0,73.0,55.0,50.0,51.0,1021.0,1015.0,1009.0,1018.0,1012.0,1006.0,1015.0,1009.0,1001.0,16.0,16.0,16.0,16.0,16.0,13.0,16.0,16.0,0.0,24.0,21.0,21.0,11.0,11.0,6.0,23.0,23.0,23.0,23.5,18.5,13.5,52.5,49.5,47.5,83.0,64.0,44.0,1021.0,1018.5,1015.5,16.0,16.0,16.0,21.5,8.5,11.5,0.0,-2.7386127875258306,-3.605551275463989,-8.06225774829855,-6.708203932499369,-4.743416490252569,-2.5495097567963922,-5.70087712549569,-15.149257407543116,4.242640687119285,4.301162633521313,4.301162633521313,0.0,0.0,0.0,-2.8284271247461903,-3.5355339059327378,-16.263455967290593,-2.309401076758503,-2.516611478423583,-2.943920288775949,-8.386497083606082,-6.8068592855540455,-5.597618541248888,-4.546060565661952,-5.196152422706632,-12.382783747337808,4.898979485566356,4.932882862316247,5.802298395176403,0.0,1.7320508075688772,9.237604307034012,-2.309401076758503,0.0,-13.279056191361393
865,22,26.0,21.0,26.0,19.0,18.0,22.0,13.0,14.0,19.0,51.0,54.0,65.0,48.0,51.0,60.0,46.0,49.0,55.0,86.0,80.0,87.0,60.0,68.0,69.0,33.0,55.0,50.0,1021.0,1021.0,1015.0,1019.0,1018.0,1012.0,1016.0,1015.0,1009.0,16.0,16.0,16.0,16.0,16.0,16.0,16.0,16.0,16.0,19.0,24.0,21.0,6.0,11.0,11.0,0.0,23.0,23.0,28.5,20.5,12.5,53.0,49.5,46.5,87.5,58.5,29.0,1020.5,1018.0,1015.5,16.0,16.0,16.0,20.0,7.0,0.0,5.0,2.23606797749979,-1.0,1.8708286933869707,0.0,-2.0,4.743416490252569,-6.041522986797286,-16.55294535724685,-0.7071067811865476,-1.224744871391589,0.0,0.0,0.0,0.0,-3.24037034920393,-3.24037034920393,-16.263455967290593,2.886751345948129,-1.4142135623730951,-3.0,-6.164414002968976,-5.196152422706632,-3.8297084310253524,-1.1547005383792515,-4.96655480858378,-13.203534880225574,3.415650255319866,3.3166247903554,3.4641016151377544,0.0,0.0,0.0,-2.0,-2.6457513110645907,-13.279056191361393
866,23,31.0,26.0,21.0,22.0,19.0,18.0,12.0,13.0,14.0,55.0,51.0,54.0,51.0,48.0,51.0,47.0,46.0,49.0,89.0,86.0,80.0,57.0,60.0,68.0,25.0,33.0,55.0,1020.0,1021.0,1021.0,1017.0,1019.0,1018.0,1015.0,1016.0,1015.0,16.0,16.0,16.0,16.0,16.0,16.0,16.0,16.0,16.0,21.0,19.0,24.0,8.0,6.0,11.0,0.0,0.0,23.0,31.5,22.5,13.5,55.5,52.0,48.5,80.5,54.0,27.0,1019.0,1017.0,1014.5,16.0,16.0,16.0,17.0,7.0,0.0,3.605551275463989,2.23606797749979,2.0,2.9154759474226504,2.5495097567963922,2.23606797749979,-11.832159566199232,-4.743416490252569,-4.898979485566356,-1.5811388300841898,-1.4142135623730951,-1.0,0.0,0.0,0.0,-5.477225575051661,0.0,0.0,4.123105625617661,1.9148542155126762,1.5275252316519468,1.632993161855452,1.1547005383792515,0.5773502691896257,-9.018499505645789,-6.027713773341708,-13.316656236958787,-1.2909944487358056,-1.0,-0.5773502691896257,0.0,0.0,0.0,-5.32290647422377,-2.886751345948129,-13.279056191361393
867,22,32.0,31.0,26.0,23.0,22.0,19.0,15.0,12.0,13.0,56.0,55.0,51.0,53.0,51.0,48.0,50.0,47.0,46.0,72.0,89.0,86.0,51.0,57.0,60.0,29.0,25.0,33.0,1018.0,1020.0,1021.0,1017.0,1017.0,1019.0,1014.0,1015.0,1016.0,16.0,16.0,16.0,16.0,16.0,16.0,16.0,16.0,16.0,13.0,21.0,19.0,6.0,8.0,6.0,0.0,0.0,0.0,31.0,22.5,14.0,55.5,53.0,50.0,79.0,55.5,31.5,1018.5,1017.0,1014.5,16.0,16.0,16.0,14.5,5.5,0.0,-1.224744871391589,0.0,1.5811388300841898,0.0,1.4142135623730951,2.1213203435596424,-6.819090848492928,4.743416490252569,4.527692569068709,-1.224744871391589,0.0,0.0,0.0,0.0,0.0,-5.244044240850758,-1.5811388300841898,0.0,2.70801280154532,1.7320508075688772,1.1547005383792515,2.309401076758503,2.0816659994661326,1.8257418583505538,-5.291502622129181,3.4641016151377544,-2.7688746209726918,-1.1547005383792515,-1.1547005383792515,-0.5773502691896257,0.0,0.0,0.0,-4.123105625617661,-0.5773502691896257,0.0
868,23,30.0,32.0,31.0,22.0,23.0,22.0,13.0,15.0,12.0,55.0,56.0,55.0,53.0,53.0,51.0,50.0,50.0,47.0,86.0,72.0,89.0,60.0,51.0,57.0,34.0,29.0,25.0,1019.0,1018.0,1020.0,1017.0,1017.0,1017.0,1015.0,1014.0,1015.0,16.0,16.0,16.0,16.0,16.0,16.0,16.0,16.0,16.0,16.0,13.0,21.0,5.0,6.0,8.0,0.0,0.0,0.0,29.5,22.5,14.5,58.5,55.5,53.0,88.0,62.5,37.0,1018.0,1016.0,1013.5,16.0,16.0,16.0,21.5,7.5,0.0,-1.5811388300841898,0.0,1.5811388300841898,4.898979485566356,3.5355339059327378,4.242640687119285,10.295630140987,7.280109889280518,5.522680508593631,-1.224744871391589,-1.4142135623730951,-2.0,0.0,0.0,0.0,8.06225774829855,3.4641016151377544,0.0,-1.1547005383792515,0.5773502691896257,2.160246899469287,4.041451884327381,3.1091263510296048,3.872983346207417,-5.066228051190222,4.83045891539648,5.066228051190222,-1.5275252316519468,-1.1547005383792515,-1.7320508075688772,0.0,0.0,0.0,4.69041575982343,2.581988897471611,0.0
869,21,29.0,30.0,32.0,23.0,22.0,23.0,16.0,13.0,15.0,62.0,55.0,56.0,58.0,53.0,53.0,56.0,50.0,50.0,90.0,86.0,72.0,65.0,60.0,51.0,40.0,34.0,29.0,1017.0,1019.0,1018.0,1015.0,1017.0,1017.0,1012.0,1015.0,1014.0,16.0,16.0,16.0,16.0,16.0,16.0,16.0,16.0,16.0,27.0,16.0,13.0,10.0,5.0,6.0,0.0,0.0,0.0,26.0,22.0,17.5,65.5,61.5,59.0,93.5,76.5,59.0,1015.5,1013.0,1009.5,16.0,16.0,10.5,27.0,11.5,1.5,-4.301162633521313,-1.224744871391589,3.0,7.0,6.082762530298219,6.0,5.70087712549569,16.64331697709324,27.202941017470888,-2.5495097567963922,-3.1622776601683795,-4.123105625617661,0.0,0.0,-7.7781745930520225,7.7781745930520225,4.123105625617661,2.1213203435596424,-3.696845502136472,-1.1547005383792515,2.160246899469287,5.686240703077327,4.96655480858378,4.898979485566356,9.327379053088816,14.548768561863463,22.397916569776456,-2.0,-2.581988897471611,-3.3166247903554,0.0,0.0,-6.3508529610858835,6.582805886043833,3.3166247903554,1.7320508075688772
870,25,23.0,29.0,30.0,21.0,23.0,22.0,19.0,16.0,13.0,69.0,62.0,55.0,65.0,58.0,53.0,62.0,56.0,50.0,97.0,90.0,86.0,88.0,65.0,60.0,78.0,40.0,34.0,1014.0,1017.0,1019.0,1011.0,1015.0,1017.0,1007.0,1012.0,1015.0,16.0,16.0,16.0,16.0,16.0,16.0,5.0,16.0,16.0,27.0,27.0,16.0,13.0,10.0,5.0,3.0,0.0,0.0,27.0,23.0,19.0,69.5,65.5,63.0,92.0,78.5,64.0,1011.5,1009.5,1006.0,16.0,16.0,8.0,26.5,12.0,1.5,3.7416573867739413,2.449489742783178,2.1213203435596424,5.0,5.0,4.47213595499958,-5.049752469181039,9.16515138991168,18.16590212458495,-4.123105625617661,-3.5355339059327378,-3.8078865529319543,0.0,0.0,-6.519202405202649,-0.7071067811865476,1.5811388300841898,0.0,3.0,2.0816659994661326,2.449489742783178,5.744562646538029,5.0,5.033222956847166,-3.415650255319866,8.020806277010642,15.231546211727817,-3.559026084010437,-3.1091263510296048,-3.559026084010437,0.0,0.0,-5.32290647422377,6.324555320336759,3.1622776601683795,0.0
871,26,31.0,23.0,29.0,25.0,21.0,23.0,19.0,19.0,16.0,70.0,69.0,62.0,66.0,65.0,58.0,64.0,62.0,56.0,87.0,97.0,90.0,69.0,88.0,65.0,50.0,78.0,40.0,1009.0,1014.0,1017.0,1008.0,1011.0,1015.0,1005.0,1007.0,1012.0,16.0,16.0,16.0,16.0,16.0,16.0,11.0,5.0,16.0,26.0,27.0,27.0,11.0,13.0,10.0,0.0,3.0,0.0,32.0,25.5,19.0,72.0,68.0,64.0,90.0,72.0,53.0,1013.5,1010.0,1006.5,16.0,13.0,7.0,26.5,12.0,3.5,5.830951894845301,2.9154759474226504,0.0,2.9154759474226504,2.9154759474226504,1.4142135623730951,-5.656854249492381,-12.747548783981962,-19.339079605813716,5.291502622129181,1.8708286933869707,1.5811388300841898,0.0,-4.242640687119285,-3.7416573867739413,0.0,0.0,4.47213595499958,3.265986323710904,2.0816659994661326,1.7320508075688772,4.69041575982343,4.69041575982343,3.6514837167011076,-2.23606797749979,8.246211251235321,15.231546211727817,3.958114029012639,-1.7320508075688772,-2.581988897471611,0.0,-3.4641016151377544,-7.047458170621991,0.0,1.7320508075688772,4.041451884327381
872,24,33.0,31.0,23.0,26.0,25.0,21.0,19.0,19.0,19.0,74.0,70.0,69.0,70.0,66.0,65.0,64.0,64.0,62.0,93.0,87.0,97.0,75.0,69.0,88.0,56.0,50.0,78.0,1018.0,1009.0,1014.0,1012.0,1008.0,1011.0,1008.0,1005.0,1007.0,16.0,16.0,16.0,10.0,16.0,16.0,3.0,11.0,5.0,27.0,26.0,27.0,13.0,11.0,13.0,7.0,0.0,3.0,32.0,25.0,18.5,73.5,68.5,63.5,90.0,75.5,60.5,1018.5,1013.5,1010.5,16.0,11.5,3.0,28.0,11.5,7.5,0.0,-1.224744871391589,-0.7071067811865476,2.7386127875258306,1.8708286933869707,-0.7071067811865476,0.0,4.301162633521313,7.648529270389178,6.4031242374328485,3.5355339059327378,4.123105625617661,0.0,-3.6742346141747673,-5.656854249492381,1.5811388300841898,-1.5811388300841898,5.0,4.618802153517006,2.0816659994661326,-0.5773502691896257,2.309401076758503,1.632993161855452,1.0,-5.773502691896258,-10.392304845413264,-14.910846164230028,4.358898943540674,2.309401076758503,3.1622776601683795,0.0,-3.0,-3.0550504633038935,1.1547005383792515,-1.7320508075688772,3.696845502136472
873,24,31.0,33.0,31.0,24.0,26.0,25.0,18.0,19.0,19.0,73.0,74.0,70.0,67.0,70.0,66.0,63.0,64.0,64.0,87.0,93.0,87.0,76.0,75.0,69.0,65.0,56.0,50.0,1019.0,1018.0,1009.0,1015.0,1012.0,1008.0,1013.0,1008.0,1005.0,16.0,16.0,16.0,13.0,10.0,16.0,3.0,3.0,11.0,29.0,27.0,26.0,10.0,13.0,11.0,8.0,7.0,0.0,30.0,24.0,19.0,71.5,67.5,63.0,90.0,77.0,63.5,1021.0,1017.0,1014.5,16.0,13.5,3.0,28.0,8.0,5.5,-2.0,-1.4142135623730951,1.224744871391589,-2.23606797749979,-2.0,-0.7071067811865476,0.0,1.5811388300841898,6.0,2.9154759474226504,3.5355339059327378,4.123105625617661,0.0,2.23606797749979,0.0,0.0,-3.5355339059327378,-3.4641016151377544,-1.1547005383792515,-1.0,1.0,1.4142135623730951,1.632993161855452,-0.5773502691896257,3.4641016151377544,3.696845502136472,6.0,5.715476066494082,3.696845502136472,3.7859388972001824,0.0,-2.943920288775949,-4.618802153517006,0.5773502691896257,-2.6457513110645907,2.886751345948129
874,26,29.0,31.0,33.0,24.0,24.0,26.0,20.0,18.0,19.0,70.0,73.0,74.0,68.0,67.0,70.0,63.0,63.0,64.0,93.0,87.0,93.0,78.0,76.0,75.0,62.0,65.0,56.0,1023.0,1019.0,1018.0,1019.0,1015.0,1012.0,1016.0,1013.0,1008.0,16.0,16.0,16.0,14.0,13.0,10.0,3.0,3.0,3.0,27.0,29.0,27.0,6.0,10.0,13.0,3.0,8.0,7.0,30.0,25.0,21.0,70.0,67.5,63.5,86.0,73.5,60.0,1022.5,1019.0,1016.0,16.0,15.0,9.5,20.0,6.0,3.0,0.0,1.4142135623730951,2.0,-2.1213203435596424,0.0,0.7071067811865476,-8.94427190999916,-6.2048368229954285,-3.5355339059327378,2.7386127875258306,2.8284271247461903,2.1213203435596424,0.0,1.5811388300841898,9.192388155425117,-10.0,-2.8284271247461903,-3.5355339059327378,-1.1547005383792515,0.0,1.5275252316519468,-1.8257418583505538,-1.7320508075688772,0.0,-8.082903768654761,-5.033222956847166,4.320493798938574,2.309401076758503,2.886751345948129,3.366501646120693,0.0,2.160246899469287,7.505553499465135,-8.082903768654761,-2.886751345948129,-2.8284271247461903
875,22,31.0,29.0,31.0,26.0,24.0,24.0,22.0,20.0,18.0,70.0,70.0,73.0,67.0,68.0,67.0,64.0,63.0,63.0,79.0,93.0,87.0,69.0,78.0,76.0,58.0,62.0,65.0,1022.0,1023.0,1019.0,1019.0,1019.0,1015.0,1016.0,1016.0,1013.0,16.0,16.0,16.0,16.0,14.0,13.0,16.0,3.0,3.0,13.0,27.0,29.0,6.0,6.0,10.0,3.0,3.0,8.0,29.0,24.0,19.5,70.5,67.5,64.0,89.5,78.0,66.0,1021.0,1018.5,1016.0,16.0,13.0,9.0,13.5,4.5,11.5,-2.449489742783178,-2.449489742783178,-3.24037034920393,0.7071067811865476,0.0,0.7071067811865476,11.067971810589327,11.022703842524301,10.954451150103322,-1.5811388300841898,-0.7071067811865476,0.0,0.0,-4.0,-3.6742346141747673,-9.874208829065749,-2.1213203435596424,12.020815280171307,-2.309401076758503,-2.0,-2.3804761428476167,-1.632993161855452,0.5773502691896257,0.5773502691896257,9.678154093971983,9.073771725877465,8.774964387392123,1.9148542155126762,2.23606797749979,1.7320508075688772,0.0,-3.2145502536643185,-3.0,-8.144527815247077,-2.886751345948129,9.38083151964686
876,19,27.0,31.0,29.0,22.0,26.0,24.0,17.0,22.0,20.0,71.0,70.0,70.0,68.0,67.0,68.0,64.0,64.0,63.0,100.0,79.0,93.0,87.0,69.0,78.0,74.0,58.0,62.0,1020.0,1022.0,1023.0,1018.0,1019.0,1019.0,1016.0,1016.0,1016.0,16.0,16.0,16.0,10.0,16.0,14.0,2.0,16.0,3.0,14.0,13.0,27.0,3.0,6.0,6.0,20.0,3.0,3.0,24.5,20.5,17.0,69.0,65.0,59.0,96.5,85.0,73.0,1020.0,1018.0,1015.5,16.0,12.0,4.0,14.0,4.5,13.0,-4.527692569068709,-3.5355339059327378,-3.5355339059327378,-2.7386127875258306,-4.183300132670378,-7.0710678118654755,14.0,12.409673645990857,11.224972160321824,-1.4142135623730951,-0.7071067811865476,-0.7071067811865476,0.0,-3.1622776601683795,-9.486832980505138,0.7071067811865476,0.0,6.819090848492928,-3.5118845842842465,-2.6457513110645907,-2.6457513110645907,-2.23606797749979,-3.4641016151377544,-5.744562646538029,8.082903768654761,8.698658900466592,8.86942313043338,-1.2909944487358056,-0.5773502691896257,-0.5773502691896257,0.0,-2.309401076758503,-1.9148542155126762,-8.06225774829855,0.0,5.5677643628300215
877,23,22.0,27.0,31.0,19.0,22.0,26.0,17.0,17.0,22.0,67.0,71.0,70.0,62.0,68.0,67.0,54.0,64.0,64.0,93.0,100.0,79.0,83.0,87.0,69.0,72.0,74.0,58.0,1020.0,1020.0,1022.0,1018.0,1018.0,1019.0,1015.0,1016.0,1016.0,16.0,16.0,16.0,14.0,10.0,16.0,6.0,2.0,16.0,14.0,14.0,13.0,6.0,3.0,6.0,6.0,20.0,3.0,24.5,21.0,18.0,67.0,64.0,59.5,96.5,83.5,69.5,1018.5,1015.5,1012.5,16.0,12.0,4.5,16.5,7.0,6.5,0.0,1.8708286933869707,1.4142135623730951,-2.8284271247461903,-3.1622776601683795,3.24037034920393,0.0,-2.7386127875258306,-3.8078865529319543,-2.1213203435596424,-3.5355339059327378,-3.605551275463989,0.0,0.0,1.8708286933869707,3.5355339059327378,2.5495097567963922,-9.874208829065749,-2.309401076758503,-1.7320508075688772,-2.6457513110645907,-2.23606797749979,-2.516611478423583,2.6457513110645907,12.12435565298214,10.14889156509222,8.698658900466592,-2.0816659994661326,-2.943920288775949,-2.943920288775949,0.0,-3.4641016151377544,-7.937253933193772,2.943920288775949,1.1547005383792515,5.597618541248888
878,23,27.0,22.0,27.0,23.0,19.0,22.0,19.0,17.0,17.0,67.0,67.0,71.0,66.0,62.0,68.0,65.0,54.0,64.0,100.0,93.0,100.0,84.0,83.0,87.0,67.0,72.0,74.0,1017.0,1020.0,1020.0,1013.0,1018.0,1018.0,1010.0,1015.0,1016.0,16.0,16.0,16.0,10.0,14.0,10.0,3.0,6.0,2.0,19.0,14.0,14.0,8.0,6.0,3.0,7.0,6.0,20.0,27.5,23.0,18.5,68.0,66.0,63.0,100.0,83.5,66.0,1017.5,1013.0,1010.0,16.0,10.0,2.5,25.5,8.0,6.0,3.605551275463989,2.8284271247461903,1.224744871391589,1.4142135623730951,2.8284271247461903,7.245688373094719,4.949747468305833,0.0,-3.8078865529319543,-2.0,-3.5355339059327378,-3.5355339059327378,0.0,-2.8284271247461903,-2.23606797749979,9.848857801796104,1.4142135623730951,-1.224744871391589,0.5773502691896257,1.5275252316519468,1.0,-2.0,-2.581988897471611,1.2909944487358056,0.0,-2.309401076758503,-3.3166247903554,-1.632993161855452,-2.886751345948129,-2.943920288775949,0.0,0.0,1.4142135623730951,8.04155872120988,2.0816659994661326,-8.144527815247077
879,22,28.0,27.0,22.0,23.0,23.0,19.0,18.0,19.0,17.0,69.0,67.0,67.0,66.0,66.0,62.0,61.0,65.0,54.0,100.0,100.0,93.0,83.0,84.0,83.0,65.0,67.0,72.0,1018.0,1017.0,1020.0,1013.0,1013.0,1018.0,1010.0,1010.0,1015.0,16.0,16.0,16.0,10.0,10.0,14.0,2.0,3.0,6.0,32.0,19.0,14.0,8.0,8.0,6.0,5.0,7.0,6.0,27.0,22.5,18.0,66.0,63.5,59.5,96.5,80.0,62.5,1019.0,1015.0,1011.5,16.0,13.0,4.0,28.0,9.5,4.5,-1.224744871391589,-0.7071067811865476,-0.7071067811865476,-4.0,-3.5355339059327378,-3.5355339059327378,-4.949747468305833,-4.301162633521313,-3.8078865529319543,1.5811388300841898,2.8284271247461903,2.1213203435596424,0.0,4.242640687119285,2.7386127875258306,7.245688373094719,2.1213203435596424,-1.5811388300841898,2.70801280154532,2.23606797749979,1.0,-3.265986323710904,-1.7320508075688772,5.656854249492381,0.0,-3.4641016151377544,-4.242640687119285,-1.1547005383792515,-1.7320508075688772,-2.309401076758503,0.0,2.581988897471611,1.4142135623730951,6.582805886043833,2.0816659994661326,-1.1547005383792515
880,21,26.0,28.0,27.0,22.0,23.0,23.0,18.0,18.0,19.0,63.0,69.0,67.0,61.0,66.0,66.0,58.0,61.0,65.0,93.0,100.0,100.0,77.0,83.0,84.0,60.0,65.0,67.0,1020.0,1018.0,1017.0,1017.0,1013.0,1013.0,1013.0,1010.0,1010.0,16.0,16.0,16.0,16.0,10.0,10.0,6.0,2.0,3.0,24.0,32.0,19.0,11.0,8.0,8.0,4.0,5.0,7.0,25.0,21.5,17.0,64.0,61.0,58.5,96.5,80.5,64.0,1019.0,1016.0,1012.0,16.0,12.0,4.0,24.0,9.5,30.5,-2.0,-1.0,-1.4142135623730951,-4.0,-3.5355339059327378,-2.0,0.0,2.5495097567963922,4.415880433163924,0.0,2.449489742783178,1.5811388300841898,0.0,-3.7416573867739413,0.0,-5.656854249492381,0.0,37.469987990390386,-1.5275252316519468,-0.816496580927726,-1.2909944487358056,-3.0550504633038935,-2.886751345948129,-2.8284271247461903,0.0,2.0,3.415650255319866,0.5773502691896257,2.0,1.2909944487358056,0.0,-3.0550504633038935,-0.5773502691896257,5.916079783099616,0.0,30.57231863412827
881,23,24.0,26.0,28.0,21.0,22.0,23.0,16.0,18.0,18.0,65.0,63.0,69.0,61.0,61.0,66.0,59.0,58.0,61.0,100.0,93.0,100.0,84.0,77.0,83.0,68.0,60.0,65.0,1018.0,1020.0,1018.0,1015.0,1017.0,1013.0,1011.0,1013.0,1010.0,16.0,16.0,16.0,8.0,16.0,10.0,2.0,6.0,2.0,24.0,24.0,32.0,8.0,11.0,8.0,57.0,4.0,5.0,26.0,22.0,16.5,65.5,61.5,59.5,96.5,79.0,61.5,1018.0,1015.0,1012.0,16.0,11.0,5.0,18.5,6.5,28.5,2.449489742783178,1.224744871391589,-1.224744871391589,1.5811388300841898,0.7071067811865476,1.0,0.0,-5.049752469181039,-7.245688373094719,-1.4142135623730951,-1.4142135623730951,0.0,0.0,-3.7416573867739413,3.1622776601683795,-7.7781745930520225,-3.0,-14.832396974191326,1.632993161855452,0.816496580927726,-1.0,-3.2145502536643185,-2.8284271247461903,-1.5275252316519468,-4.041451884327381,-5.385164807134504,-6.582805886043833,0.0,2.0,1.7320508075688772,0.0,1.632993161855452,3.4641016151377544,-7.852812659593164,-1.7320508075688772,-12.12435565298214
882,25,28.0,24.0,26.0,23.0,21.0,22.0,17.0,16.0,18.0,66.0,65.0,63.0,62.0,61.0,61.0,60.0,59.0,58.0,93.0,100.0,93.0,74.0,84.0,77.0,55.0,68.0,60.0,1018.0,1018.0,1020.0,1015.0,1015.0,1017.0,1013.0,1011.0,1013.0,16.0,16.0,16.0,14.0,8.0,16.0,8.0,2.0,6.0,13.0,24.0,24.0,5.0,8.0,11.0,0.0,57.0,4.0,28.0,24.0,19.0,70.0,65.5,62.0,90.0,77.5,64.5,1018.0,1015.5,1013.0,16.0,15.0,10.5,13.5,5.5,0.0,2.8284271247461903,2.0,2.9154759474226504,5.70087712549569,5.0,2.9154759474226504,-6.519202405202649,-5.049752469181039,9.797958971132712,0.0,0.7071067811865476,1.4142135623730951,0.0,4.47213595499958,5.522680508593631,-7.745966692414834,-2.0,-40.30508652763321,2.0,1.5275252316519468,2.0816659994661326,4.795831523312719,4.08248290463863,2.449489742783178,-3.4641016151377544,-0.816496580927726,9.237604307034012,-1.1547005383792515,-1.0,0.0,0.0,-2.8284271247461903,3.872983346207417,-6.324555320336759,-2.3804761428476167,-12.110601416389967
883,27,28.0,28.0,24.0,25.0,23.0,21.0,21.0,17.0,16.0,74.0,66.0,65.0,69.0,62.0,61.0,64.0,60.0,59.0,87.0,93.0,100.0,81.0,74.0,84.0,74.0,55.0,68.0,1018.0,1018.0,1018.0,1016.0,1015.0,1015.0,1013.0,1013.0,1011.0,16.0,16.0,16.0,16.0,14.0,8.0,13.0,8.0,2.0,14.0,13.0,24.0,6.0,5.0,8.0,0.0,0.0,57.0,29.5,26.0,21.5,74.5,70.5,66.5,90.0,81.5,72.0,1017.0,1015.0,1011.5,16.0,16.0,11.5,18.5,7.0,0.0,2.1213203435596424,2.0,2.9154759474226504,5.70087712549569,5.385164807134504,4.527692569068709,0.0,5.0,13.133925536563698,-1.4142135623730951,-1.224744871391589,-2.1213203435596424,0.0,1.4142135623730951,2.8284271247461903,6.4031242374328485,1.5811388300841898,0.0,2.886751345948129,2.0,2.449489742783178,4.69041575982343,4.43471156521669,3.7416573867739413,-4.041451884327381,-4.08248290463863,7.659416862050705,-1.1547005383792515,-1.0,-1.2909944487358056,0.0,3.6514837167011076,4.163331998932265,-3.605551275463989,-1.1547005383792515,-32.90896534380867
884,26,31.0,28.0,28.0,27.0,25.0,23.0,22.0,21.0,17.0,75.0,74.0,66.0,72.0,69.0,62.0,69.0,64.0,60.0,93.0,87.0,93.0,82.0,81.0,74.0,70.0,74.0,55.0,1016.0,1018.0,1018.0,1014.0,1016.0,1015.0,1010.0,1013.0,1013.0,16.0,16.0,16.0,16.0,16.0,14.0,10.0,13.0,8.0,23.0,14.0,13.0,8.0,6.0,5.0,0.0,0.0,0.0,30.0,26.5,22.0,75.0,72.0,69.0,93.0,83.0,72.0,1015.5,1013.0,1009.5,16.0,15.0,6.5,23.0,9.5,0.0,1.5811388300841898,1.224744871391589,0.7071067811865476,0.7071067811865476,2.1213203435596424,3.5355339059327378,4.242640687119285,1.5811388300841898,0.0,-1.5811388300841898,-2.0,-2.23606797749979,0.0,-1.4142135623730951,-5.385164807134504,6.363961030678928,2.5495097567963922,0.0,1.2909944487358056,1.5275252316519468,2.3804761428476167,4.654746681256314,4.396968652757639,3.696845502136472,0.0,4.242640687119285,10.969655114602888,-1.2909944487358056,-1.5275252316519468,-1.8257418583505538,0.0,0.0,-3.3166247903554,5.228129047119374,2.160246899469287,0.0
885,27,29.0,31.0,28.0,26.0,27.0,25.0,22.0,22.0,21.0,75.0,75.0,74.0,72.0,72.0,69.0,69.0,69.0,64.0,93.0,93.0,87.0,84.0,82.0,81.0,74.0,70.0,74.0,1015.0,1016.0,1018.0,1012.0,1014.0,1016.0,1009.0,1010.0,1013.0,16.0,16.0,16.0,14.0,16.0,16.0,3.0,10.0,13.0,23.0,23.0,14.0,11.0,8.0,6.0,0.0,0.0,0.0,30.0,26.5,22.5,74.5,72.0,69.5,90.0,80.0,69.5,1015.0,1012.5,1010.0,16.0,15.0,9.5,22.0,12.0,0.0,0.0,0.0,0.7071067811865476,-0.7071067811865476,0.0,0.7071067811865476,-4.242640687119285,-5.477225575051661,-5.70087712549569,-0.7071067811865476,-1.224744871391589,1.224744871391589,0.0,0.0,7.745966692414834,-1.4142135623730951,2.5495097567963922,0.0,1.7320508075688772,1.1547005383792515,0.816496580927726,0.0,1.7320508075688772,2.943920288775949,0.0,-4.43471156521669,-5.196152422706632,-1.2909944487358056,-1.5275252316519468,-1.4142135623730951,0.0,0.0,6.082762530298219,5.066228051190222,2.3804761428476167,0.0
886,28,31.0,29.0,31.0,27.0,26.0,27.0,23.0,22.0,22.0,74.0,75.0,75.0,72.0,72.0,72.0,70.0,69.0,69.0,87.0,93.0,93.0,76.0,84.0,82.0,65.0,74.0,70.0,1015.0,1015.0,1016.0,1013.0,1012.0,1014.0,1011.0,1009.0,1010.0,16.0,16.0,16.0,16.0,14.0,16.0,16.0,3.0,10.0,21.0,23.0,23.0,13.0,11.0,8.0,0.0,0.0,0.0,30.5,27.5,24.0,75.5,73.5,71.5,87.5,78.5,69.5,1016.0,1014.0,1012.0,16.0,14.5,12.0,21.0,11.5,0.0,1.224744871391589,1.0,1.5811388300841898,2.0,2.1213203435596424,2.23606797749979,-4.183300132670378,-4.415880433163924,0.0,1.4142135623730951,1.5811388300841898,2.0,0.0,-1.5811388300841898,7.245688373094719,-1.4142135623730951,-1.5811388300841898,0.0,-0.5773502691896257,0.5773502691896257,1.2909944487358056,1.632993161855452,1.7320508075688772,1.8257418583505538,-3.415650255319866,-3.415650255319866,2.309401076758503,1.0,0.5773502691896257,1.5275252316519468,0.0,-1.7320508075688772,4.320493798938574,-1.1547005383792515,1.1547005383792515,0.0
887,26,30.0,31.0,29.0,28.0,27.0,26.0,25.0,23.0,22.0,77.0,74.0,75.0,75.0,72.0,72.0,73.0,70.0,69.0,88.0,87.0,93.0,81.0,76.0,84.0,74.0,65.0,74.0,1017.0,1015.0,1015.0,1015.0,1013.0,1012.0,1013.0,1011.0,1009.0,16.0,16.0,16.0,13.0,16.0,14.0,8.0,16.0,3.0,21.0,21.0,23.0,10.0,13.0,11.0,0.0,0.0,0.0,31.0,27.0,22.5,77.5,74.0,70.0,90.5,78.5,66.5,1016.0,1012.5,1010.0,16.0,13.0,8.0,23.5,10.5,6.5,1.224744871391589,-1.224744871391589,-3.24037034920393,2.23606797749979,1.5811388300841898,-3.6742346141747673,3.605551275463989,0.0,-8.48528137423857,0.0,-3.24037034920393,-4.0,0.0,-2.1213203435596424,-5.656854249492381,3.5355339059327378,-2.0,9.192388155425117,1.5275252316519468,-0.816496580927726,-2.581988897471611,1.7320508075688772,1.2909944487358056,-2.943920288775949,-1.8257418583505538,-4.618802153517006,-8.660254037844387,0.0,-2.581988897471611,-3.0550504633038935,0.0,-1.2909944487358056,5.916079783099616,2.6457513110645907,-1.1547005383792515,7.505553499465135
888,22,32.0,30.0,31.0,26.0,28.0,27.0,20.0,25.0,23.0,78.0,77.0,74.0,73.0,75.0,72.0,67.0,73.0,70.0,93.0,88.0,87.0,76.0,81.0,76.0,59.0,74.0,65.0,1015.0,1017.0,1015.0,1010.0,1015.0,1013.0,1007.0,1013.0,1011.0,16.0,16.0,16.0,13.0,13.0,16.0,8.0,8.0,16.0,26.0,21.0,21.0,11.0,10.0,13.0,13.0,0.0,0.0,28.5,24.0,19.0,73.5,69.5,65.5,96.5,81.5,66.5,1013.5,1009.0,1006.0,16.0,13.0,5.5,22.5,10.5,11.0,-4.743416490252569,-3.1622776601683795,-3.8078865529319543,-6.324555320336759,-5.1478150704935,-4.743416490252569,6.082762530298219,6.928203230275509,0.0,-2.5495097567963922,-3.8078865529319543,-4.47213595499958,0.0,0.0,-3.5355339059327378,-3.4641016151377544,0.0,8.74642784226795,-3.9157800414902435,-2.516611478423583,-2.886751345948129,-4.864839839775475,-3.8297084310253524,-3.4641016151377544,5.0,6.3508529610858835,5.196152422706632,-1.7320508075688772,-2.886751345948129,-3.4641016151377544,0.0,-1.7320508075688772,-5.446711546122731,-2.8284271247461903,-1.7320508075688772,7.14142842854285
889,26,25.0,32.0,30.0,22.0,26.0,28.0,18.0,20.0,25.0,69.0,78.0,77.0,66.0,73.0,75.0,64.0,67.0,73.0,100.0,93.0,88.0,87.0,76.0,81.0,74.0,59.0,74.0,1012.0,1015.0,1017.0,1008.0,1010.0,1015.0,1005.0,1007.0,1013.0,16.0,16.0,16.0,13.0,13.0,13.0,3.0,8.0,8.0,19.0,26.0,21.0,10.0,11.0,10.0,9.0,13.0,0.0,29.0,24.0,18.0,73.0,67.5,64.0,100.0,83.0,65.5,1014.5,1010.5,1007.0,16.0,11.5,1.5,20.0,9.0,5.0,2.7386127875258306,0.0,-1.4142135623730951,-2.9154759474226504,-4.47213595499958,-2.1213203435596424,4.949747468305833,5.338539126015656,-5.656854249492381,2.8284271247461903,3.24037034920393,2.449489742783178,0.0,-2.1213203435596424,-4.123105625617661,-4.743416490252569,-1.5811388300841898,-6.324555320336759,2.516611478423583,-1.1547005383792515,-3.1091263510296048,-2.309401076758503,-3.8297084310253524,-3.872983346207417,4.96655480858378,3.265986323710904,-9.814954576223638,2.0,-1.1547005383792515,-2.8284271247461903,0.0,-1.7320508075688772,-3.366501646120693,-2.581988897471611,-1.1547005383792515,5.446711546122731
890,26,33.0,25.0,32.0,26.0,22.0,26.0,18.0,18.0,20.0,77.0,69.0,78.0,69.0,66.0,73.0,64.0,64.0,67.0,100.0,100.0,93.0,79.0,87.0,76.0,57.0,74.0,59.0,1017.0,1012.0,1015.0,1013.0,1008.0,1010.0,1009.0,1005.0,1007.0,16.0,16.0,16.0,10.0,13.0,13.0,0.0,3.0,8.0,21.0,19.0,26.0,8.0,10.0,11.0,1.0,9.0,13.0,32.0,26.0,19.5,75.5,70.0,65.0,100.0,78.5,56.0,1018.0,1015.0,1011.5,16.0,11.5,2.5,22.0,9.0,3.0,5.477225575051661,2.8284271247461903,2.1213203435596424,5.244044240850758,2.5495097567963922,1.4142135623730951,0.0,-5.70087712549569,-12.103718436910205,3.8078865529319543,4.527692569068709,4.527692569068709,0.0,0.0,2.8284271247461903,2.0,0.0,-4.898979485566356,1.9148542155126762,0.0,1.2909944487358056,-2.943920288775949,-3.4641016151377544,-1.2909944487358056,4.041451884327381,4.320493798938574,-4.760952285695233,2.581988897471611,3.5118845842842465,3.5118845842842465,0.0,0.0,-1.7320508075688772,-3.696845502136472,-0.5773502691896257,-4.618802153517006
891,26,31.0,33.0,25.0,26.0,26.0,22.0,21.0,18.0,18.0,74.0,77.0,69.0,71.0,69.0,66.0,66.0,64.0,64.0,100.0,100.0,100.0,78.0,79.0,87.0,55.0,57.0,74.0,1019.0,1017.0,1012.0,1017.0,1013.0,1008.0,1014.0,1009.0,1005.0,16.0,16.0,16.0,13.0,10.0,13.0,5.0,0.0,3.0,23.0,21.0,19.0,10.0,8.0,10.0,5.0,1.0,9.0,31.5,26.0,20.0,73.0,69.0,63.5,96.5,72.5,47.5,1019.5,1016.5,1012.5,16.0,13.0,4.0,22.0,9.0,6.5,-1.224744871391589,0.0,1.5811388300841898,-2.5495097567963922,-2.449489742783178,-3.24037034920393,-4.949747468305833,-7.810249675906654,-10.700467279516348,1.5811388300841898,2.7386127875258306,2.8284271247461903,0.0,2.1213203435596424,3.24037034920393,0.0,0.0,3.5355339059327378,4.509249752822894,2.309401076758503,1.2909944487358056,4.123105625617661,-1.0,-2.6457513110645907,-4.041451884327381,-7.874007874011811,-13.140268896284683,3.1622776601683795,3.6514837167011076,3.265986323710904,0.0,0.0,2.0,1.1547005383792515,-1.1547005383792515,-3.605551275463989
892,24,32.0,31.0,33.0,26.0,26.0,26.0,19.0,21.0,18.0,72.0,74.0,77.0,67.0,71.0,69.0,61.0,66.0,64.0,93.0,100.0,100.0,67.0,78.0,79.0,40.0,55.0,57.0,1020.0,1019.0,1017.0,1016.0,1017.0,1013.0,1011.0,1014.0,1009.0,16.0,16.0,16.0,13.0,13.0,10.0,3.0,5.0,0.0,21.0,23.0,21.0,8.0,10.0,8.0,8.0,5.0,1.0,30.0,25.0,19.0,73.5,69.0,64.0,96.5,76.0,54.5,1017.0,1014.0,1009.5,16.0,13.0,2.5,22.0,6.5,17.5,-2.7386127875258306,-1.4142135623730951,-1.4142135623730951,1.5811388300841898,0.0,2.345207879911715,0.0,10.074720839804943,17.549928774784245,-4.183300132670378,-2.9154759474226504,-3.0,0.0,0.0,-1.5811388300841898,0.0,-2.5495097567963922,13.601470508735444,-2.516611478423583,-1.1547005383792515,1.2909944487358056,-1.1547005383792515,1.1547005383792515,2.23606797749979,0.0,8.205689083394114,14.2828568570857,-3.2145502536643185,-0.5773502691896257,1.5275252316519468,0.0,1.7320508075688772,2.581988897471611,1.1547005383792515,-1.7320508075688772,11.343133018115703
893,26,28.0,32.0,31.0,24.0,26.0,26.0,19.0,19.0,21.0,75.0,72.0,74.0,71.0,67.0,71.0,67.0,61.0,66.0,100.0,93.0,100.0,85.0,67.0,78.0,69.0,40.0,55.0,1014.0,1020.0,1019.0,1012.0,1016.0,1017.0,1008.0,1011.0,1014.0,16.0,16.0,16.0,13.0,13.0,13.0,2.0,3.0,5.0,23.0,21.0,23.0,5.0,8.0,10.0,27.0,8.0,5.0,29.5,25.0,19.5,73.5,70.0,66.5,98.5,80.0,61.0,1014.0,1012.0,1008.5,16.0,11.5,2.0,19.5,4.0,16.0,-1.8708286933869707,0.0,0.7071067811865476,0.0,2.449489742783178,4.183300132670378,4.47213595499958,10.583005244258363,17.10263137648707,-4.242640687119285,-2.8284271247461903,-2.0,0.0,-2.1213203435596424,-0.7071067811865476,-4.743416490252569,-2.5495097567963922,-7.842193570679061,-1.4142135623730951,0.0,-1.0,-1.1547005383792515,-1.1547005383792515,1.8257418583505538,-1.7320508075688772,5.8594652770823155,10.954451150103322,-3.415650255319866,-2.3804761428476167,-2.3804761428476167,0.0,-1.7320508075688772,-1.2909944487358056,-4.041451884327381,-2.3804761428476167,-6.164414002968976
894,24,31.0,28.0,32.0,26.0,24.0,26.0,20.0,19.0,19.0,72.0,75.0,72.0,69.0,71.0,67.0,66.0,67.0,61.0,97.0,100.0,93.0,75.0,85.0,67.0,53.0,69.0,40.0,1014.0,1014.0,1020.0,1012.0,1012.0,1016.0,1009.0,1008.0,1011.0,16.0,16.0,16.0,10.0,13.0,13.0,2.0,2.0,3.0,16.0,23.0,21.0,3.0,5.0,8.0,5.0,27.0,8.0,30.0,25.0,20.0,72.0,69.0,64.5,98.5,75.5,52.0,1014.0,1012.0,1009.5,16.0,10.5,2.0,16.0,4.5,7.0,1.5811388300841898,0.0,0.7071067811865476,-2.1213203435596424,-1.4142135623730951,-2.23606797749979,0.0,-7.035623639735144,-11.40175425099138,0.0,0.0,1.0,0.0,-2.0,0.0,-4.949747468305833,1.5811388300841898,-15.297058540778355,-1.9148542155126762,-1.1547005383792515,0.5773502691896257,0.0,2.0,2.943920288775949,4.041451884327381,8.660254037844387,13.916417163432069,-3.4641016151377544,-2.309401076758503,-1.5275252316519468,0.0,-1.632993161855452,-0.5773502691896257,-3.872983346207417,-1.1547005383792515,-5.972157622389639
895,24,29.0,31.0,28.0,24.0,26.0,24.0,20.0,20.0,19.0,72.0,72.0,75.0,69.0,69.0,71.0,63.0,66.0,67.0,100.0,97.0,100.0,76.0,75.0,85.0,51.0,53.0,69.0,1014.0,1014.0,1014.0,1012.0,1012.0,1012.0,1010.0,1009.0,1008.0,16.0,16.0,16.0,11.0,10.0,13.0,2.0,2.0,2.0,16.0,16.0,23.0,6.0,3.0,5.0,9.0,5.0,27.0,29.0,24.0,19.0,71.0,67.5,63.0,96.5,75.0,53.0,1014.0,1012.0,1009.5,16.0,10.5,2.0,16.0,5.5,25.0,-1.4142135623730951,-1.4142135623730951,-1.4142135623730951,-1.4142135623730951,-2.1213203435596424,-2.1213203435596424,-4.47213595499958,-1.224744871391589,2.449489742783178,0.0,0.0,0.0,0.0,0.0,0.0,0.0,2.0,22.80350850198276,1.2909944487358056,0.0,-1.0,-2.0816659994661326,-2.0816659994661326,-1.8257418583505538,-4.041451884327381,-5.8594652770823155,-9.018499505645789,0.0,0.0,0.5773502691896257,0.0,-1.7320508075688772,0.0,-4.041451884327381,1.1547005383792515,13.613718571108091
896,25,29.0,29.0,31.0,24.0,24.0,26.0,18.0,20.0,20.0,70.0,72.0,72.0,66.0,69.0,69.0,63.0,63.0,66.0,93.0,100.0,97.0,74.0,76.0,75.0,55.0,51.0,53.0,1014.0,1014.0,1014.0,1012.0,1012.0,1012.0,1009.0,1010.0,1009.0,16.0,16.0,16.0,10.0,11.0,10.0,2.0,2.0,2.0,16.0,16.0,16.0,5.0,6.0,3.0,41.0,9.0,5.0,29.5,24.5,18.5,70.5,67.0,64.5,96.5,75.0,53.0,1014.0,1012.0,1009.5,16.0,12.0,2.5,18.5,6.5,22.0,0.7071067811865476,0.7071067811865476,-1.224744871391589,-1.224744871391589,-1.5811388300841898,2.1213203435596424,0.0,0.0,0.0,0.0,0.0,0.0,0.0,2.7386127875258306,0.7071067811865476,3.5355339059327378,2.0,-14.491376746189438,-1.0,-1.0,-1.0,-1.0,-1.2909944487358056,0.0,1.7320508075688772,0.5773502691896257,-1.1547005383792515,0.0,0.0,0.5773502691896257,0.0,2.309401076758503,0.5773502691896257,2.886751345948129,2.3804761428476167,-11.604596790352806
897,26,30.0,29.0,29.0,25.0,24.0,24.0,19.0,18.0,20.0,71.0,70.0,72.0,68.0,66.0,69.0,66.0,63.0,63.0,100.0,93.0,100.0,76.0,74.0,76.0,51.0,55.0,51.0,1014.0,1014.0,1014.0,1012.0,1012.0,1012.0,1010.0,1009.0,1010.0,16.0,16.0,16.0,14.0,10.0,11.0,3.0,2.0,2.0,21.0,16.0,16.0,8.0,5.0,6.0,3.0,41.0,9.0,30.5,25.5,19.5,69.5,65.0,59.5,98.5,71.0,42.5,1013.5,1011.5,1010.0,16.0,15.0,9.5,22.0,9.0,1.5,1.0,1.0,1.0,-2.0,-4.0,-8.94427190999916,4.47213595499958,-6.928203230275509,-12.349089035228468,-0.7071067811865476,-0.7071067811865476,0.7071067811865476,0.0,3.1622776601683795,9.219544457292887,3.8078865529319543,2.5495097567963922,-26.953663943887108,0.816496580927726,0.816496580927726,-0.816496580927726,-2.0,-3.696845502136472,-7.302967433402215,-1.7320508075688772,-5.773502691896258,-9.814954576223638,-0.5773502691896257,-0.5773502691896257,0.0,0.0,2.516611478423583,7.52772652709081,3.1091263510296048,2.0,-11.958260743101398
898,27,31.0,30.0,29.0,26.0,25.0,24.0,20.0,19.0,18.0,68.0,71.0,70.0,62.0,68.0,66.0,53.0,66.0,63.0,97.0,100.0,93.0,66.0,76.0,74.0,34.0,51.0,55.0,1013.0,1014.0,1014.0,1011.0,1012.0,1012.0,1010.0,1010.0,1009.0,16.0,16.0,16.0,16.0,14.0,10.0,16.0,3.0,2.0,23.0,21.0,16.0,10.0,8.0,5.0,0.0,3.0,41.0,31.5,26.5,20.5,65.5,60.5,55.0,82.5,59.5,36.0,1012.5,1011.0,1009.5,16.0,16.0,16.0,22.0,8.0,0.0,1.0,1.0,1.0,-4.123105625617661,-4.743416490252569,-8.74642784226795,-20.615528128088304,-11.597413504743201,-11.683321445547923,-1.0,-0.7071067811865476,-0.7071067811865476,0.0,1.4142135623730951,9.192388155425117,0.0,-2.449489742783178,-2.1213203435596424,1.0,1.0,1.0,-3.3166247903554,-3.696845502136472,-6.928203230275509,-16.34013463836819,-9.39858145324779,-9.814954576223638,-0.816496580927726,-0.5773502691896257,0.0,0.0,2.581988897471611,7.52772652709081,2.886751345948129,-1.0,-22.00757445365875
899,27,32.0,31.0,30.0,27.0,26.0,25.0,21.0,20.0,19.0,63.0,68.0,71.0,59.0,62.0,68.0,57.0,53.0,66.0,68.0,97.0,100.0,53.0,66.0,76.0,38.0,34.0,51.0,1012.0,1013.0,1014.0,1011.0,1011.0,1012.0,1009.0,1010.0,1010.0,16.0,16.0,16.0,16.0,16.0,14.0,16.0,16.0,3.0,21.0,23.0,21.0,6.0,10.0,8.0,0.0,0.0,3.0,32.5,27.0,21.0,66.5,62.0,60.0,76.0,58.5,41.0,1012.5,1011.5,1009.5,16.0,16.0,16.0,17.0,4.5,0.0,1.0,0.7071067811865476,0.7071067811865476,3.4641016151377544,3.6742346141747673,5.0990195135927845,-17.10263137648707,-4.898979485566356,5.0990195135927845,0.0,0.7071067811865476,0.0,0.0,0.0,0.0,-5.830951894845301,-3.5355339059327378,0.0,1.0,0.816496580927726,0.816496580927726,2.23606797749979,-1.7320508075688772,-6.244997998398398,-14.071247279470288,-7.023769168568493,-8.888194417315589,-0.5773502691896257,0.0,0.0,0.0,1.1547005383792515,7.505553499465135,-4.618802153517006,-2.6457513110645907,-1.7320508075688772
900,27,33.0,32.0,31.0,27.0,27.0,26.0,21.0,21.0,20.0,70.0,63.0,68.0,65.0,59.0,62.0,63.0,57.0,53.0,84.0,68.0,97.0,64.0,53.0,66.0,44.0,38.0,34.0,1013.0,1012.0,1013.0,1012.0,1011.0,1011.0,1010.0,1009.0,1010.0,16.0,16.0,16.0,16.0,16.0,16.0,16.0,16.0,16.0,13.0,21.0,23.0,3.0,6.0,10.0,0.0,0.0,0.0,33.0,27.0,21.0,71.0,67.5,65.0,88.5,67.5,46.5,1013.5,1012.5,1010.0,16.0,16.0,13.5,16.0,4.0,0.0,0.7071067811865476,0.0,0.0,5.1478150704935,5.522680508593631,5.0990195135927845,12.98075498574717,9.219544457292887,5.522680508593631,1.0,1.0,0.7071067811865476,0.0,0.0,-3.5355339059327378,-3.7416573867739413,-1.5811388300841898,0.0,0.816496580927726,0.5773502691896257,0.5773502691896257,3.0550504633038935,4.163331998932265,4.760952285695233,-12.96148139681572,0.5773502691896257,5.066228051190222,0.5773502691896257,0.816496580927726,0.0,0.0,0.0,-2.886751345948129,-3.265986323710904,-2.6457513110645907,0.0
901,28,33.0,33.0,32.0,27.0,27.0,27.0,21.0,21.0,21.0,72.0,70.0,63.0,70.0,65.0,59.0,67.0,63.0,57.0,93.0,84.0,68.0,71.0,64.0,53.0,49.0,44.0,38.0,1014.0,1013.0,1012.0,1013.0,1012.0,1011.0,1010.0,1010.0,1009.0,16.0,16.0,16.0,16.0,16.0,16.0,11.0,16.0,16.0,19.0,13.0,21.0,5.0,3.0,6.0,0.0,0.0,0.0,33.0,27.5,21.5,72.0,70.0,67.0,93.0,72.0,50.5,1014.5,1013.0,1011.0,16.0,16.0,10.5,25.5,6.5,0.0,0.0,0.7071067811865476,0.7071067811865476,1.4142135623730951,3.5355339059327378,2.8284271247461903,6.363961030678928,5.1478150704935,4.123105625617661,1.0,0.7071067811865476,1.4142135623730951,0.0,0.0,-3.605551275463989,10.124228365658293,2.5495097567963922,0.0,0.5773502691896257,0.5773502691896257,0.5773502691896257,4.203173404306164,4.509249752822894,4.163331998932265,10.598742063723098,7.615773105863909,4.83045891539648,1.0,0.816496580927726,1.2909944487358056,0.0,0.0,-2.943920288775949,6.855654600401044,1.1547005383792515,0.0
902,27,33.0,33.0,33.0,28.0,27.0,27.0,22.0,21.0,21.0,72.0,72.0,70.0,70.0,70.0,65.0,67.0,67.0,63.0,93.0,93.0,84.0,73.0,71.0,64.0,52.0,49.0,44.0,1015.0,1014.0,1013.0,1013.0,1013.0,1012.0,1012.0,1010.0,1010.0,16.0,16.0,16.0,16.0,16.0,16.0,10.0,11.0,16.0,32.0,19.0,13.0,8.0,5.0,3.0,0.0,0.0,0.0,33.0,27.5,21.5,72.5,70.5,67.5,95.0,75.0,54.0,1016.0,1013.5,1012.0,16.0,16.0,12.0,24.0,6.5,0.0,0.0,0.0,0.0,0.7071067811865476,0.7071067811865476,0.7071067811865476,2.8284271247461903,3.1622776601683795,3.5355339059327378,1.5811388300841898,0.7071067811865476,1.4142135623730951,0.0,0.0,2.7386127875258306,-6.59545297913646,0.0,0.0,0.0,0.0,0.0,1.2909944487358056,2.943920288775949,2.3804761428476167,5.686240703077327,4.795831523312719,4.08248290463863,1.4142135623730951,0.816496580927726,1.1547005383792515,0.0,0.0,-1.8257418583505538,-4.123105625617661,1.1547005383792515,0.0
903,29,33.0,33.0,33.0,27.0,28.0,27.0,21.0,22.0,21.0,73.0,72.0,72.0,71.0,70.0,70.0,68.0,67.0,67.0,97.0,93.0,93.0,77.0,73.0,71.0,56.0,52.0,49.0,1017.0,1015.0,1014.0,1014.0,1013.0,1013.0,1012.0,1012.0,1010.0,16.0,16.0,16.0,16.0,16.0,16.0,14.0,10.0,11.0,16.0,32.0,19.0,5.0,8.0,5.0,0.0,0.0,0.0,33.5,28.0,22.5,74.0,72.5,70.0,92.5,74.5,56.0,1017.5,1015.0,1012.5,16.0,15.0,11.0,17.5,7.5,0.0,0.7071067811865476,1.224744871391589,2.0,1.5811388300841898,2.23606797749979,2.9154759474226504,-5.70087712549569,-2.1213203435596424,2.8284271247461903,1.5811388300841898,1.5811388300841898,0.7071067811865476,0.0,-1.4142135623730951,-3.1622776601683795,-11.113055385446435,2.8284271247461903,0.0,0.5773502691896257,1.1547005383792515,1.7320508075688772,1.2909944487358056,1.8257418583505538,2.3804761428476167,-4.654746681256314,-1.2909944487358056,2.886751345948129,1.4142135623730951,1.2909944487358056,1.2909944487358056,0.0,-1.1547005383792515,-2.6457513110645907,-5.0990195135927845,2.886751345948129,0.0
904,30,34.0,33.0,33.0,29.0,27.0,28.0,24.0,21.0,22.0,75.0,73.0,72.0,74.0,71.0,70.0,72.0,68.0,67.0,88.0,97.0,93.0,72.0,77.0,73.0,56.0,56.0,52.0,1018.0,1017.0,1015.0,1016.0,1014.0,1013.0,1013.0,1012.0,1012.0,16.0,16.0,16.0,14.0,16.0,16.0,8.0,14.0,10.0,19.0,16.0,32.0,10.0,5.0,8.0,0.0,0.0,0.0,34.0,29.5,24.5,76.0,75.0,73.5,89.5,73.0,56.0,1018.5,1016.0,1013.0,16.0,15.0,10.5,21.0,10.0,0.0,0.7071067811865476,1.5811388300841898,2.23606797749979,2.0,2.5495097567963922,3.5355339059327378,-6.0,-3.24037034920393,0.0,1.0,1.4142135623730951,0.7071067811865476,0.0,0.0,-2.345207879911715,3.5355339059327378,3.5355339059327378,0.0,0.5773502691896257,1.1547005383792515,1.7320508075688772,1.7320508075688772,2.160246899469287,2.943920288775949,-4.320493798938574,-1.2909944487358056,2.309401076758503,1.4142135623730951,1.2909944487358056,0.5773502691896257,0.0,0.0,1.2909944487358056,-8.774964387392123,2.309401076758503,0.0
905,29,34.0,34.0,33.0,30.0,29.0,27.0,25.0,24.0,21.0,77.0,75.0,73.0,76.0,74.0,71.0,75.0,72.0,68.0,91.0,88.0,97.0,74.0,72.0,77.0,56.0,56.0,56.0,1019.0,1018.0,1017.0,1016.0,1016.0,1014.0,1013.0,1013.0,1012.0,16.0,16.0,16.0,16.0,14.0,16.0,13.0,8.0,14.0,23.0,19.0,16.0,10.0,10.0,5.0,0.0,0.0,0.0,34.0,29.5,24.5,76.5,75.5,74.0,91.0,75.0,58.0,1018.0,1015.0,1011.0,16.0,16.0,14.5,21.0,9.0,0.0,0.0,0.0,0.0,1.224744871391589,1.224744871391589,1.5811388300841898,2.1213203435596424,2.0,2.8284271247461903,-1.224744871391589,-1.4142135623730951,-2.8284271247461903,0.0,1.4142135623730951,4.123105625617661,0.0,-1.4142135623730951,0.0,0.5773502691896257,1.1547005383792515,1.7320508075688772,1.5275252316519468,2.0,2.6457513110645907,-4.898979485566356,-2.3804761428476167,2.309401076758503,-0.816496580927726,0.0,-2.23606797749979,0.0,0.0,-0.816496580927726,1.7320508075688772,2.6457513110645907,0.0
906,30,34.0,34.0,34.0,29.0,30.0,29.0,24.0,25.0,24.0,76.0,77.0,75.0,75.0,76.0,74.0,73.0,75.0,72.0,91.0,91.0,88.0,76.0,74.0,72.0,60.0,56.0,56.0,1017.0,1019.0,1018.0,1014.0,1016.0,1016.0,1009.0,1013.0,1013.0,16.0,16.0,16.0,16.0,16.0,14.0,16.0,13.0,8.0,19.0,23.0,19.0,8.0,10.0,10.0,0.0,0.0,0.0,34.0,29.5,25.0,76.0,74.5,73.0,88.0,73.5,58.0,1015.5,1012.5,1009.0,16.0,16.0,14.5,19.0,9.0,0.0,0.0,0.0,1.224744871391589,-0.7071067811865476,-1.0,-1.4142135623730951,-4.242640687119285,-3.24037034920393,0.0,-2.5495097567963922,-2.5495097567963922,-2.8284271247461903,0.0,0.0,0.0,-2.8284271247461903,0.0,0.0,0.0,0.5773502691896257,1.1547005383792515,1.0,0.816496580927726,1.2909944487358056,-3.0,-2.3804761428476167,0.0,-2.0,-2.0816659994661326,-2.309401076758503,0.0,1.1547005383792515,2.886751345948129,0.0,0.0,0.0
907,31,34.0,34.0,34.0,30.0,29.0,30.0,26.0,24.0,25.0,76.0,76.0,77.0,74.0,75.0,76.0,73.0,73.0,75.0,85.0,91.0,91.0,71.0,76.0,74.0,56.0,60.0,56.0,1014.0,1017.0,1019.0,1011.0,1014.0,1016.0,1009.0,1009.0,1013.0,16.0,16.0,16.0,16.0,16.0,16.0,13.0,16.0,13.0,19.0,19.0,23.0,10.0,8.0,10.0,0.0,0.0,0.0,35.0,30.5,26.0,75.5,73.5,72.0,85.0,68.5,51.0,1014.5,1012.0,1010.0,16.0,14.5,11.5,20.0,10.5,0.0,1.4142135623730951,1.0,1.4142135623730951,-0.7071067811865476,-1.0,-1.4142135623730951,-4.242640687119285,-5.0,-7.615773105863909,-2.0,-1.5811388300841898,1.4142135623730951,0.0,-2.1213203435596424,-3.0,1.4142135623730951,1.5811388300841898,0.0,1.1547005383792515,0.5773502691896257,1.0,-0.816496580927726,-1.0,-1.632993161855452,-3.4641016151377544,-3.9157800414902435,-5.773502691896258,-2.0,-1.7320508075688772,-2.0,0.0,-1.7320508075688772,-1.7320508075688772,-2.0,0.5773502691896257,0.0
908,30,36.0,34.0,34.0,31.0,30.0,29.0,26.0,26.0,24.0,75.0,76.0,76.0,73.0,74.0,75.0,71.0,73.0,73.0,85.0,85.0,91.0,66.0,71.0,76.0,46.0,56.0,60.0,1015.0,1014.0,1017.0,1013.0,1011.0,1014.0,1011.0,1009.0,1009.0,16.0,16.0,16.0,13.0,16.0,16.0,10.0,13.0,16.0,21.0,19.0,19.0,11.0,10.0,8.0,0.0,0.0,0.0,36.0,30.5,25.0,75.0,73.0,70.5,89.5,68.5,47.0,1016.0,1013.5,1011.5,16.0,13.5,10.0,22.0,10.5,0.0,1.4142135623730951,0.0,-1.4142135623730951,-0.7071067811865476,-0.7071067811865476,-1.5811388300841898,6.363961030678928,0.0,-6.928203230275509,1.5811388300841898,1.5811388300841898,1.5811388300841898,0.0,-2.0,-2.1213203435596424,2.0,0.0,0.0,1.1547005383792515,0.5773502691896257,0.0,-0.5773502691896257,-0.816496580927726,-1.2909944487358056,3.872983346207417,-2.886751345948129,-6.110100926607787,-1.1547005383792515,-1.1547005383792515,1.2909944487358056,0.0,-1.632993161855452,-2.449489742783178,1.632993161855452,1.1547005383792515,0.0
909,31,36.0,36.0,34.0,30.0,31.0,30.0,24.0,26.0,26.0,75.0,75.0,76.0,73.0,73.0,74.0,70.0,71.0,73.0,94.0,85.0,85.0,71.0,66.0,71.0,48.0,46.0,56.0,1017.0,1015.0,1014.0,1014.0,1013.0,1011.0,1012.0,1011.0,1009.0,16.0,16.0,16.0,14.0,13.0,16.0,10.0,10.0,13.0,23.0,21.0,19.0,10.0,11.0,10.0,0.0,0.0,0.0,36.0,30.5,24.0,75.0,73.0,70.5,94.0,70.5,47.0,1016.5,1014.0,1011.5,16.0,15.0,12.0,19.5,10.0,0.0,0.0,0.0,-1.4142135623730951,0.0,0.0,0.0,6.363961030678928,3.4641016151377544,0.0,1.224744871391589,0.7071067811865476,0.0,0.0,1.5811388300841898,2.8284271247461903,-4.743416490252569,-0.7071067811865476,0.0,1.1547005383792515,0.5773502691896257,-1.1547005383792515,-0.5773502691896257,-0.5773502691896257,-1.1547005383792515,5.196152422706632,-0.5773502691896257,-5.773502691896258,1.1547005383792515,1.2909944487358056,1.1547005383792515,0.0,-1.1547005383792515,1.5275252316519468,-3.696845502136472,0.0,0.0
910,30,36.0,36.0,36.0,31.0,30.0,31.0,24.0,24.0,26.0,75.0,75.0,75.0,73.0,73.0,73.0,71.0,70.0,71.0,94.0,94.0,85.0,70.0,71.0,66.0,46.0,48.0,46.0,1016.0,1017.0,1015.0,1014.0,1014.0,1013.0,1011.0,1012.0,1011.0,16.0,16.0,16.0,16.0,14.0,13.0,14.0,10.0,10.0,16.0,23.0,21.0,10.0,10.0,11.0,0.0,0.0,0.0,36.0,30.5,24.0,75.0,73.0,71.0,91.0,68.5,46.0,1016.5,1014.5,1012.0,16.0,15.0,12.5,16.0,8.0,0.0,0.0,0.0,0.0,0.0,0.0,0.7071067811865476,-4.242640687119285,-2.23606797749979,-1.4142135623730951,0.0,0.7071067811865476,1.224744871391589,0.0,0.0,1.8708286933869707,-4.949747468305833,-2.8284271247461903,0.0,0.0,-0.5773502691896257,-1.1547005383792515,0.0,0.0,0.0,3.872983346207417,2.23606797749979,0.0,1.1547005383792515,0.816496580927726,1.1547005383792515,0.0,0.5773502691896257,1.5275252316519468,-3.872983346207417,-2.3804761428476167,0.0
911,30,36.0,36.0,36.0,30.0,31.0,30.0,24.0,24.0,24.0,75.0,75.0,75.0,73.0,73.0,73.0,71.0,71.0,70.0,88.0,94.0,94.0,67.0,70.0,71.0,46.0,46.0,48.0,1017.0,1016.0,1017.0,1015.0,1014.0,1014.0,1013.0,1011.0,1012.0,16.0,16.0,16.0,14.0,16.0,14.0,11.0,14.0,10.0,16.0,16.0,23.0,6.0,10.0,10.0,0.0,0.0,0.0,35.0,30.0,24.5,75.5,73.0,69.5,86.5,67.0,47.5,1018.5,1016.5,1014.5,16.0,15.0,13.5,17.5,6.0,0.0,-1.4142135623730951,-0.7071067811865476,0.7071067811865476,0.7071067811865476,0.0,-2.1213203435596424,-4.743416490252569,-2.1213203435596424,2.1213203435596424,2.23606797749979,2.23606797749979,2.5495097567963922,0.0,0.0,2.8284271247461903,2.1213203435596424,-2.8284271247461903,0.0,-1.1547005383792515,0.0,0.5773502691896257,0.5773502691896257,0.0,-1.632993161855452,-3.872983346207417,-1.8257418583505538,1.2909944487358056,1.7320508075688772,1.8257418583505538,2.0,0.0,1.1547005383792515,3.265986323710904,-3.6514837167011076,-2.309401076758503,0.0
912,29,34.0,36.0,36.0,30.0,30.0,31.0,25.0,24.0,24.0,76.0,75.0,75.0,73.0,73.0,73.0,68.0,71.0,71.0,85.0,88.0,94.0,67.0,67.0,70.0,49.0,46.0,46.0,1020.0,1017.0,1016.0,1018.0,1015.0,1014.0,1016.0,1013.0,1011.0,16.0,16.0,16.0,16.0,14.0,16.0,16.0,11.0,14.0,19.0,16.0,16.0,6.0,6.0,10.0,0.0,0.0,0.0,34.5,29.5,24.5,75.0,72.0,68.5,86.0,66.0,46.0,1021.5,1019.5,1017.5,16.0,16.0,16.0,16.5,6.0,0.0,-1.224744871391589,-0.7071067811865476,0.0,-1.224744871391589,-1.4142135623730951,-2.0,-1.5811388300841898,-1.4142135623730951,-3.6742346141747673,3.0,3.0,3.0,0.0,1.4142135623730951,3.5355339059327378,-2.8284271247461903,0.0,0.0,-1.0,-0.816496580927726,0.0,-1.0,-1.1547005383792515,-1.632993161855452,-3.696845502136472,-2.0816659994661326,-3.0,2.516611478423583,2.516611478423583,2.70801280154532,0.0,0.0,2.309401076758503,-2.309401076758503,-2.309401076758503,0.0
913,30,35.0,34.0,36.0,29.0,30.0,30.0,24.0,25.0,24.0,74.0,76.0,75.0,71.0,73.0,73.0,69.0,68.0,71.0,87.0,85.0,88.0,65.0,67.0,67.0,43.0,49.0,46.0,1023.0,1020.0,1017.0,1021.0,1018.0,1015.0,1019.0,1016.0,1013.0,16.0,16.0,16.0,16.0,16.0,14.0,16.0,16.0,11.0,14.0,19.0,16.0,6.0,6.0,6.0,0.0,0.0,0.0,35.5,29.5,24.0,73.5,71.0,69.0,87.0,65.5,44.0,1022.0,1020.0,1017.0,16.0,16.0,16.0,14.0,6.0,0.0,1.0,0.0,-0.7071067811865476,-1.5811388300841898,-1.4142135623730951,0.7071067811865476,1.4142135623730951,-1.224744871391589,-4.0,1.5811388300841898,1.5811388300841898,-1.8708286933869707,0.0,0.0,0.0,-3.5355339059327378,0.0,0.0,-0.816496580927726,0.0,0.0,-1.1547005383792515,-1.1547005383792515,-1.632993161855452,-1.2909944487358056,-1.0,-2.7688746209726918,2.160246899469287,2.160246899469287,0.816496580927726,0.0,1.1547005383792515,2.886751345948129,-2.309401076758503,0.0,0.0
914,30,36.0,35.0,34.0,30.0,29.0,30.0,24.0,24.0,25.0,73.0,74.0,76.0,71.0,71.0,73.0,69.0,69.0,68.0,87.0,87.0,85.0,66.0,65.0,67.0,45.0,43.0,49.0,1021.0,1023.0,1020.0,1019.0,1021.0,1018.0,1015.0,1019.0,1016.0,16.0,16.0,16.0,16.0,16.0,16.0,16.0,16.0,16.0,14.0,14.0,19.0,6.0,6.0,6.0,0.0,0.0,0.0,36.0,30.0,24.0,73.5,71.5,70.0,90.5,69.0,47.0,1020.0,1017.5,1014.0,16.0,16.0,10.5,17.5,8.0,0.0,0.7071067811865476,0.7071067811865476,0.0,0.0,0.7071067811865476,1.4142135623730951,4.949747468305833,4.301162633521313,3.1622776601683795,-2.0,-2.5495097567963922,-3.1622776601683795,0.0,0.0,-7.7781745930520225,4.949747468305833,2.8284271247461903,0.0,0.816496580927726,0.0,-0.5773502691896257,-1.1547005383792515,-1.0,1.2909944487358056,4.203173404306164,3.3166247903554,-2.309401076758503,0.5773502691896257,-1.1547005383792515,-1.9148542155126762,0.0,0.0,-6.3508529610858835,2.8284271247461903,2.309401076758503,0.0
915,29,36.0,36.0,35.0,30.0,30.0,29.0,24.0,24.0,24.0,74.0,73.0,74.0,72.0,71.0,71.0,71.0,69.0,69.0,94.0,87.0,87.0,72.0,66.0,65.0,49.0,45.0,43.0,1019.0,1021.0,1023.0,1016.0,1019.0,1021.0,1013.0,1015.0,1019.0,16.0,16.0,16.0,16.0,16.0,16.0,5.0,16.0,16.0,21.0,14.0,14.0,10.0,6.0,6.0,0.0,0.0,0.0,35.5,29.5,24.0,73.5,72.0,69.5,94.0,71.0,47.5,1019.0,1016.5,1013.5,16.0,16.0,10.5,22.0,10.0,0.0,-0.7071067811865476,-0.7071067811865476,0.0,0.0,0.7071067811865476,-1.5811388300841898,4.949747468305833,4.0,1.8708286933869707,-1.4142135623730951,-2.0,-1.224744871391589,0.0,0.0,0.0,5.1478150704935,2.8284271247461903,0.0,0.0,0.0,0.0,-0.5773502691896257,0.5773502691896257,-1.2909944487358056,4.041451884327381,3.3166247903554,1.9148542155126762,-1.632993161855452,-2.0,-2.516611478423583,0.0,0.0,0.0,4.203173404306164,2.309401076758503,0.0
916,29,35.0,36.0,36.0,29.0,30.0,30.0,24.0,24.0,24.0,73.0,74.0,73.0,72.0,72.0,71.0,68.0,71.0,69.0,94.0,94.0,87.0,70.0,72.0,66.0,46.0,49.0,45.0,1019.0,1019.0,1021.0,1017.0,1016.0,1019.0,1014.0,1013.0,1015.0,16.0,16.0,16.0,16.0,16.0,16.0,16.0,5.0,16.0,23.0,21.0,14.0,10.0,10.0,6.0,0.0,0.0,0.0,34.5,29.0,24.0,73.5,72.5,69.5,94.0,71.5,49.0,1019.0,1016.5,1014.0,16.0,16.0,16.0,22.0,10.0,0.0,-1.0,-0.7071067811865476,0.0,0.0,0.7071067811865476,0.0,0.0,1.5811388300841898,3.6742346141747673,0.0,0.0,0.7071067811865476,0.0,0.0,7.7781745930520225,0.0,0.0,0.0,-0.816496580927726,-0.5773502691896257,0.0,0.5773502691896257,0.816496580927726,1.1547005383792515,4.041451884327381,3.696845502136472,3.7859388972001824,-1.1547005383792515,-1.7320508075688772,-1.0,0.0,0.0,0.0,4.041451884327381,2.309401076758503,0.0
917,28,34.0,35.0,36.0,29.0,29.0,30.0,24.0,24.0,24.0,74.0,73.0,74.0,73.0,72.0,72.0,71.0,68.0,71.0,94.0,94.0,94.0,73.0,70.0,72.0,52.0,46.0,49.0,1019.0,1019.0,1019.0,1016.0,1017.0,1016.0,1014.0,1014.0,1013.0,16.0,16.0,16.0,16.0,16.0,16.0,16.0,16.0,5.0,21.0,23.0,21.0,10.0,10.0,10.0,0.0,0.0,0.0,32.5,28.5,24.5,76.0,74.0,71.5,94.0,77.0,60.0,1019.0,1016.5,1015.0,16.0,16.0,13.5,18.5,9.0,0.5,-2.23606797749979,-0.7071067811865476,0.7071067811865476,2.9154759474226504,1.5811388300841898,2.23606797749979,0.0,6.041522986797286,12.083045973594572,0.0,0.0,1.4142135623730951,0.0,0.0,-3.5355339059327378,-3.8078865529319543,-1.4142135623730951,0.7071067811865476,-1.9148542155126762,-0.816496580927726,0.5773502691896257,2.309401076758503,1.2909944487358056,0.5773502691896257,0.0,4.795831523312719,9.71253485622231,0.0,0.5773502691896257,1.2909944487358056,0.0,0.0,5.656854249492381,-2.886751345948129,-1.1547005383792515,0.5773502691896257
918,30,31.0,34.0,35.0,28.0,29.0,29.0,25.0,24.0,24.0,78.0,74.0,73.0,75.0,73.0,72.0,72.0,71.0,68.0,94.0,94.0,94.0,81.0,73.0,70.0,68.0,52.0,46.0,1019.0,1019.0,1019.0,1017.0,1016.0,1017.0,1016.0,1014.0,1014.0,16.0,16.0,16.0,16.0,16.0,16.0,11.0,16.0,16.0,16.0,21.0,23.0,8.0,10.0,10.0,1.0,0.0,0.0,33.0,29.0,24.5,77.0,74.0,70.5,97.0,77.0,57.0,1020.0,1017.5,1016.0,16.0,15.0,9.5,18.5,8.0,0.5,1.8708286933869707,1.224744871391589,0.0,2.449489742783178,0.0,-2.0,4.242640687119285,0.0,-10.677078252031311,1.4142135623730951,1.0,1.4142135623730951,0.0,-1.4142135623730951,-4.123105625617661,0.0,-1.4142135623730951,0.0,1.4142135623730951,1.0,0.0,2.0816659994661326,0.5773502691896257,0.5773502691896257,3.4641016151377544,1.7320508075688772,-8.0,1.1547005383792515,0.5773502691896257,1.1547005383792515,0.0,-1.1547005383792515,-3.366501646120693,-1.1547005383792515,-1.1547005383792515,0.0
919,30,35.0,31.0,34.0,30.0,28.0,29.0,24.0,25.0,24.0,76.0,78.0,74.0,73.0,75.0,73.0,69.0,72.0,71.0,100.0,94.0,94.0,73.0,81.0,73.0,46.0,68.0,52.0,1021.0,1019.0,1019.0,1018.0,1017.0,1016.0,1016.0,1016.0,1014.0,16.0,16.0,16.0,14.0,16.0,16.0,8.0,11.0,16.0,21.0,16.0,21.0,8.0,8.0,10.0,0.0,1.0,0.0,35.5,30.0,24.0,75.5,72.0,68.5,93.5,69.0,44.0,1021.0,1018.0,1015.5,16.0,15.0,12.0,17.0,5.5,0.0,2.9154759474226504,1.4142135623730951,-0.7071067811865476,-1.5811388300841898,-2.0,-2.23606797749979,-8.154753215150045,-8.0,-15.811388300841896,1.4142135623730951,0.7071067811865476,-0.7071067811865476,0.0,0.0,5.244044240850758,-4.415880433163924,-3.5355339059327378,-0.7071067811865476,1.632993161855452,1.0,0.0,1.9148542155126762,-1.1547005383792515,-1.7320508075688772,-6.658328118479393,-4.618802153517006,-9.018499505645789,1.1547005383792515,0.816496580927726,1.0,0.0,0.0,3.1622776601683795,-4.618802153517006,-3.1091263510296048,0.0
920,31,36.0,35.0,31.0,30.0,30.0,28.0,24.0,24.0,25.0,75.0,76.0,78.0,71.0,73.0,75.0,68.0,69.0,72.0,87.0,100.0,94.0,65.0,73.0,81.0,42.0,46.0,68.0,1021.0,1021.0,1019.0,1018.0,1018.0,1017.0,1015.0,1016.0,1016.0,16.0,16.0,16.0,16.0,14.0,16.0,16.0,8.0,11.0,13.0,21.0,16.0,3.0,8.0,8.0,0.0,0.0,1.0,37.0,30.5,23.0,74.0,71.0,68.0,93.5,67.0,39.5,1019.5,1017.5,1014.5,16.0,15.0,9.0,27.5,4.0,4.0,1.5811388300841898,0.7071067811865476,-1.4142135623730951,-1.5811388300841898,-1.4142135623730951,-0.7071067811865476,0.0,-4.898979485566356,-4.527692569068709,-2.1213203435596424,-0.7071067811865476,-1.0,0.0,0.0,-8.12403840463596,19.710403344427025,-3.24037034920393,5.656854249492381,2.6457513110645907,1.2909944487358056,-1.2909944487358056,-1.7320508075688772,-1.632993161855452,-1.8257418583505538,3.4641016151377544,-6.110100926607787,-13.228756555322953,-1.2909944487358056,0.0,-0.816496580927726,0.0,-1.1547005383792515,-6.855654600401044,16.350331291240963,-2.6457513110645907,4.58257569495584
921,29,38.0,36.0,35.0,31.0,30.0,30.0,22.0,24.0,24.0,73.0,75.0,76.0,71.0,71.0,73.0,68.0,68.0,69.0,100.0,87.0,100.0,69.0,65.0,73.0,37.0,42.0,46.0,1018.0,1021.0,1021.0,1017.0,1018.0,1018.0,1014.0,1015.0,1016.0,16.0,16.0,16.0,14.0,16.0,14.0,2.0,16.0,8.0,42.0,13.0,21.0,5.0,3.0,8.0,8.0,0.0,0.0,37.0,30.0,22.0,74.0,70.5,67.0,96.5,67.5,38.0,1018.0,1016.0,1013.5,16.0,15.0,9.0,28.0,4.0,4.0,0.0,-1.224744871391589,-1.4142135623730951,0.0,-0.7071067811865476,-1.4142135623730951,7.745966692414834,1.8708286933869707,-3.24037034920393,-2.1213203435596424,-1.5811388300841898,-1.0,0.0,0.0,0.0,5.338539126015656,0.0,0.0,0.5773502691896257,-1.0,-1.1547005383792515,-0.5773502691896257,-1.2909944487358056,-1.2909944487358056,-4.041451884327381,-4.358898943540674,-3.5118845842842465,-1.7320508075688772,-1.2909944487358056,-1.0,0.0,1.1547005383792515,4.618802153517006,-1.5275252316519468,-2.886751345948129,0.0
922,29,36.0,38.0,36.0,29.0,31.0,30.0,22.0,22.0,24.0,75.0,73.0,75.0,70.0,71.0,71.0,66.0,68.0,68.0,93.0,100.0,87.0,66.0,69.0,65.0,39.0,37.0,42.0,1018.0,1018.0,1021.0,1015.0,1017.0,1018.0,1013.0,1014.0,1015.0,16.0,16.0,16.0,16.0,14.0,16.0,16.0,2.0,16.0,14.0,42.0,13.0,3.0,5.0,3.0,0.0,8.0,0.0,35.0,29.0,23.0,74.5,70.5,66.5,90.5,65.5,40.0,1017.0,1014.5,1013.0,16.0,16.0,16.0,15.0,4.5,0.0,-2.0,-1.4142135623730951,1.4142135623730951,1.224744871391589,0.0,-1.224744871391589,-6.082762530298219,-2.23606797749979,2.0,-1.4142135623730951,-1.5811388300841898,-0.7071067811865476,0.0,1.4142135623730951,9.899494936611665,-19.748417658131498,1.5811388300841898,-5.656854249492381,-1.1547005383792515,-1.0,0.0,-0.5773502691896257,0.0,-1.0,5.627314338711377,1.4142135623730951,-2.3804761428476167,-2.0816659994661326,-1.4142135623730951,-0.816496580927726,0.0,0.0,0.0,4.509249752822894,1.7320508075688772,0.0
923,29,34.0,36.0,38.0,29.0,29.0,31.0,24.0,22.0,22.0,74.0,75.0,73.0,71.0,70.0,71.0,67.0,66.0,68.0,88.0,93.0,100.0,65.0,66.0,69.0,41.0,39.0,37.0,1016.0,1018.0,1018.0,1014.0,1015.0,1017.0,1013.0,1013.0,1014.0,16.0,16.0,16.0,16.0,16.0,14.0,16.0,16.0,2.0,16.0,14.0,42.0,6.0,3.0,5.0,0.0,0.0,8.0,35.0,29.0,23.5,74.0,71.0,68.0,90.5,67.5,43.5,1016.5,1014.5,1013.0,16.0,16.0,14.5,16.0,7.0,0.0,0.0,0.0,1.224744871391589,-0.7071067811865476,0.7071067811865476,1.5811388300841898,0.0,3.4641016151377544,3.8078865529319543,-1.224744871391589,0.0,0.0,0.0,0.0,-2.1213203435596424,1.4142135623730951,2.5495097567963922,0.0,-1.1547005383792515,-1.1547005383792515,1.0,1.0,0.0,0.5773502691896257,-4.041451884327381,2.23606797749979,3.3166247903554,-1.0,-1.1547005383792515,-0.5773502691896257,0.0,1.1547005383792515,7.895146188218008,-16.1245154965971,1.7320508075688772,-4.618802153517006
924,31,36.0,34.0,36.0,29.0,29.0,29.0,23.0,24.0,22.0,74.0,74.0,75.0,71.0,71.0,70.0,69.0,67.0,66.0,93.0,88.0,93.0,70.0,65.0,66.0,46.0,41.0,39.0,1017.0,1016.0,1018.0,1015.0,1014.0,1015.0,1013.0,1013.0,1013.0,16.0,16.0,16.0,16.0,16.0,16.0,13.0,16.0,16.0,16.0,16.0,14.0,8.0,6.0,3.0,0.0,0.0,0.0,36.5,30.0,23.5,74.0,72.0,70.0,90.5,68.5,45.5,1017.5,1015.0,1012.5,16.0,16.0,13.5,19.5,9.5,0.0,1.5811388300841898,1.4142135623730951,0.0,0.0,1.4142135623730951,2.0,0.0,2.8284271247461903,3.4641016151377544,1.0,0.7071067811865476,-0.7071067811865476,0.0,0.0,-2.0,4.949747468305833,2.5495097567963922,0.0,0.5773502691896257,1.1547005383792515,1.1547005383792515,-0.5773502691896257,1.2909944487358056,1.7320508075688772,-2.886751345948129,2.23606797749979,3.0550504633038935,-0.816496580927726,0.0,-0.5773502691896257,0.0,0.0,-1.632993161855452,4.203173404306164,2.70801280154532,0.0
925,31,37.0,36.0,34.0,31.0,29.0,29.0,24.0,23.0,24.0,74.0,74.0,74.0,73.0,71.0,71.0,71.0,69.0,67.0,88.0,93.0,88.0,67.0,70.0,65.0,45.0,46.0,41.0,1018.0,1017.0,1016.0,1015.0,1015.0,1014.0,1012.0,1013.0,1013.0,16.0,16.0,16.0,16.0,16.0,16.0,14.0,13.0,16.0,23.0,16.0,16.0,11.0,8.0,6.0,0.0,0.0,0.0,37.0,31.0,25.0,74.5,73.5,72.0,86.5,67.0,46.5,1017.0,1014.0,1010.5,16.0,16.0,15.0,23.5,12.0,0.0,0.7071067811865476,1.4142135623730951,1.5811388300841898,0.7071067811865476,1.5811388300841898,2.0,-4.123105625617661,-2.1213203435596424,2.0,-1.224744871391589,-1.4142135623730951,-2.23606797749979,0.0,0.0,1.5811388300841898,5.0,2.5495097567963922,0.0,1.2909944487358056,1.1547005383792515,1.1547005383792515,0.5773502691896257,1.2909944487358056,2.0,-1.7320508075688772,2.309401076758503,3.3166247903554,-0.816496580927726,-1.0,-1.8257418583505538,0.0,0.0,-1.1547005383792515,4.08248290463863,2.3804761428476167,0.0
926,32,37.0,37.0,36.0,31.0,31.0,29.0,26.0,24.0,23.0,75.0,74.0,74.0,74.0,73.0,71.0,73.0,71.0,69.0,85.0,88.0,93.0,67.0,67.0,70.0,48.0,45.0,46.0,1016.0,1018.0,1017.0,1013.0,1015.0,1015.0,1009.0,1012.0,1013.0,16.0,16.0,16.0,16.0,16.0,16.0,16.0,14.0,13.0,24.0,23.0,16.0,13.0,11.0,8.0,0.0,0.0,0.0,37.0,31.5,26.5,75.0,74.0,71.5,85.0,64.5,43.5,1015.5,1013.0,1010.0,16.0,16.0,16.0,23.5,13.0,0.0,0.0,0.7071067811865476,1.5811388300841898,0.7071067811865476,0.7071067811865476,-1.5811388300841898,-2.1213203435596424,-3.5355339059327378,-6.0,-1.5811388300841898,-1.4142135623730951,-1.5811388300841898,0.0,0.0,1.4142135623730951,0.0,1.4142135623730951,0.0,0.5773502691896257,1.2909944487358056,1.4142135623730951,0.5773502691896257,1.2909944487358056,-0.5773502691896257,-3.366501646120693,-3.366501646120693,-4.932882862316247,-1.1547005383792515,-1.1547005383792515,-1.4142135623730951,0.0,0.0,1.2909944487358056,4.041451884327381,2.0816659994661326,0.0
927,32,37.0,37.0,37.0,32.0,31.0,31.0,27.0,26.0,24.0,75.0,75.0,74.0,74.0,74.0,73.0,70.0,73.0,71.0,85.0,85.0,88.0,62.0,67.0,67.0,39.0,48.0,45.0,1015.0,1016.0,1018.0,1013.0,1013.0,1015.0,1011.0,1009.0,1012.0,16.0,16.0,16.0,16.0,16.0,16.0,16.0,16.0,14.0,23.0,24.0,23.0,13.0,13.0,11.0,0.0,0.0,0.0,37.0,32.0,26.5,75.0,74.0,71.5,85.0,63.5,42.0,1015.5,1013.5,1011.5,16.0,15.0,8.0,24.5,13.0,0.0,0.0,0.7071067811865476,0.0,0.0,0.0,0.0,0.0,-2.8284271247461903,-4.743416490252569,0.0,0.7071067811865476,1.5811388300841898,0.0,-1.4142135623730951,-11.313708498984761,2.0,0.0,0.0,0.0,0.5773502691896257,1.1547005383792515,0.5773502691896257,0.5773502691896257,1.1547005383792515,-1.7320508075688772,-2.309401076758503,-3.4641016151377544,-1.1547005383792515,-1.0,-1.1547005383792515,0.0,-1.1547005383792515,-9.16515138991168,1.7320508075688772,1.1547005383792515,0.0
928,32,37.0,37.0,37.0,32.0,32.0,31.0,26.0,27.0,26.0,75.0,75.0,75.0,74.0,74.0,74.0,73.0,70.0,73.0,85.0,85.0,85.0,65.0,62.0,67.0,45.0,39.0,48.0,1016.0,1015.0,1016.0,1014.0,1013.0,1013.0,1012.0,1011.0,1009.0,16.0,16.0,16.0,14.0,16.0,16.0,0.0,16.0,16.0,26.0,23.0,24.0,13.0,13.0,13.0,0.0,0.0,0.0,37.5,32.0,26.0,75.0,73.5,70.5,88.0,66.5,45.0,1016.5,1014.0,1011.5,16.0,15.0,8.0,26.0,13.0,0.0,0.7071067811865476,0.0,-0.7071067811865476,0.0,-0.7071067811865476,-2.8284271247461903,4.242640687119285,3.0,4.242640687119285,1.0,0.7071067811865476,0.0,0.0,0.0,0.0,2.1213203435596424,0.0,0.0,0.5773502691896257,0.5773502691896257,0.0,0.0,-0.5773502691896257,-2.886751345948129,3.4641016151377544,-1.5275252316519468,-3.872983346207417,0.5773502691896257,0.5773502691896257,1.1547005383792515,0.0,0.0,0.0,1.632993161855452,0.0,0.0
929,32,38.0,37.0,37.0,32.0,32.0,32.0,26.0,26.0,27.0,75.0,75.0,75.0,73.0,74.0,74.0,68.0,73.0,70.0,91.0,85.0,85.0,68.0,65.0,62.0,45.0,45.0,39.0,1017.0,1016.0,1015.0,1014.0,1014.0,1013.0,1011.0,1012.0,1011.0,16.0,16.0,16.0,16.0,14.0,16.0,16.0,0.0,16.0,26.0,26.0,23.0,13.0,13.0,13.0,0.0,0.0,0.0,37.5,32.0,26.0,74.5,73.0,69.5,88.0,66.0,43.5,1016.0,1013.5,1011.0,16.0,16.0,12.0,26.0,13.5,0.0,0.0,0.0,0.0,-0.7071067811865476,-0.7071067811865476,-2.8284271247461903,0.0,-1.8708286933869707,-2.1213203435596424,-1.224744871391589,-0.7071067811865476,-0.7071067811865476,0.0,1.4142135623730951,9.797958971132712,0.0,0.7071067811865476,0.0,0.0,0.0,-0.5773502691896257,-0.5773502691896257,-0.5773502691896257,-1.5275252316519468,0.0,0.816496580927726,3.0,-0.816496580927726,0.0,0.0,0.0,0.0,-4.618802153517006,1.7320508075688772,0.5773502691896257,0.0
930,32,37.0,38.0,37.0,32.0,32.0,32.0,26.0,26.0,26.0,74.0,75.0,75.0,73.0,73.0,74.0,71.0,68.0,73.0,85.0,91.0,85.0,64.0,68.0,65.0,42.0,45.0,45.0,1015.0,1017.0,1016.0,1013.0,1014.0,1014.0,1011.0,1011.0,1012.0,16.0,16.0,16.0,16.0,16.0,14.0,8.0,16.0,0.0,26.0,26.0,26.0,14.0,13.0,13.0,0.0,0.0,0.0,37.5,32.0,26.0,74.5,73.0,69.5,85.0,64.0,42.0,1016.5,1014.0,1011.5,16.0,16.0,12.0,24.5,12.5,0.0,0.0,0.0,0.0,0.0,0.0,0.0,-4.242640687119285,-2.8284271247461903,-2.1213203435596424,1.5811388300841898,1.224744871391589,0.7071067811865476,0.0,0.0,0.0,-2.1213203435596424,-2.0,0.0,0.5773502691896257,0.0,0.0,0.0,-0.5773502691896257,-2.886751345948129,0.0,-1.5275252316519468,-1.7320508075688772,1.4142135623730951,1.0,0.0,0.0,1.1547005383792515,9.237604307034012,-1.7320508075688772,-1.632993161855452,0.0
931,32,38.0,37.0,38.0,32.0,32.0,32.0,26.0,26.0,26.0,75.0,74.0,75.0,73.0,73.0,73.0,68.0,71.0,68.0,85.0,85.0,91.0,64.0,64.0,68.0,42.0,42.0,45.0,1018.0,1015.0,1017.0,1015.0,1013.0,1014.0,1012.0,1011.0,1011.0,16.0,16.0,16.0,16.0,16.0,16.0,16.0,8.0,16.0,23.0,26.0,26.0,11.0,14.0,13.0,0.0,0.0,0.0,37.5,32.0,26.0,75.5,73.0,68.5,88.0,64.5,40.5,1018.0,1015.5,1012.0,16.0,16.0,14.5,22.0,11.0,0.0,0.0,0.0,0.0,1.0,0.0,-2.0,4.242640687119285,0.7071067811865476,-2.1213203435596424,2.1213203435596424,1.5811388300841898,0.7071067811865476,0.0,0.0,5.244044240850758,-2.5495097567963922,-2.1213203435596424,0.0,-0.5773502691896257,0.0,0.0,0.5773502691896257,0.0,0.5773502691896257,0.0,-2.23606797749979,-2.449489742783178,1.2909944487358056,1.1547005383792515,0.5773502691896257,0.0,0.0,-1.7320508075688772,-2.0816659994661326,-1.632993161855452,0.0
932,31,37.0,38.0,37.0,32.0,32.0,32.0,26.0,26.0,26.0,76.0,75.0,74.0,73.0,73.0,73.0,69.0,68.0,71.0,91.0,85.0,85.0,65.0,64.0,64.0,39.0,42.0,42.0,1018.0,1018.0,1015.0,1016.0,1015.0,1013.0,1012.0,1012.0,1011.0,16.0,16.0,16.0,16.0,16.0,16.0,13.0,16.0,8.0,21.0,23.0,26.0,11.0,11.0,14.0,0.0,0.0,0.0,36.5,31.5,25.5,77.0,73.5,69.0,91.0,66.0,40.5,1018.0,1015.0,1011.0,16.0,15.0,11.5,22.0,10.5,0.5,-1.0,-0.7071067811865476,-0.7071067811865476,1.5811388300841898,0.7071067811865476,0.7071067811865476,4.242640687119285,1.5811388300841898,0.0,0.0,-1.224744871391589,-1.4142135623730951,0.0,-1.4142135623730951,-3.0,0.0,-0.7071067811865476,0.7071067811865476,-0.5773502691896257,-0.5773502691896257,-0.5773502691896257,1.4142135623730951,0.5773502691896257,-1.632993161855452,3.4641016151377544,1.2909944487358056,0.0,1.7320508075688772,0.5773502691896257,-1.0,0.0,-1.1547005383792515,3.9157800414902435,-1.7320508075688772,-1.8257418583505538,0.5773502691896257
933,32,36.0,37.0,38.0,31.0,32.0,32.0,25.0,26.0,26.0,78.0,76.0,75.0,74.0,73.0,73.0,69.0,69.0,68.0,91.0,91.0,85.0,67.0,65.0,64.0,42.0,39.0,42.0,1018.0,1018.0,1018.0,1014.0,1016.0,1015.0,1010.0,1012.0,1012.0,16.0,16.0,16.0,14.0,16.0,16.0,10.0,13.0,16.0,23.0,21.0,23.0,10.0,11.0,11.0,1.0,0.0,0.0,37.0,31.5,25.5,76.5,72.5,67.0,88.0,63.5,38.5,1016.0,1013.0,1010.0,16.0,15.0,12.0,25.0,12.0,0.5,1.224744871391589,0.0,0.0,-1.5811388300841898,-2.0,-2.8284271247461903,-4.242640687119285,-4.743416490252569,-4.47213595499958,-2.8284271247461903,-2.0,-1.4142135623730951,0.0,0.0,1.8708286933869707,3.1622776601683795,2.7386127875258306,0.0,0.816496580927726,0.0,0.0,-1.1547005383792515,-1.632993161855452,-2.23606797749979,0.0,-3.8297084310253524,-4.041451884327381,-2.309401076758503,-1.5275252316519468,-1.1547005383792515,0.0,0.0,-0.816496580927726,2.309401076758503,2.23606797749979,0.0
934,32,38.0,36.0,37.0,32.0,31.0,32.0,26.0,25.0,26.0,75.0,78.0,76.0,71.0,74.0,73.0,65.0,69.0,69.0,85.0,91.0,91.0,60.0,67.0,65.0,35.0,42.0,39.0,1014.0,1018.0,1018.0,1012.0,1014.0,1016.0,1010.0,1010.0,1012.0,16.0,16.0,16.0,16.0,14.0,16.0,14.0,10.0,13.0,27.0,23.0,21.0,14.0,10.0,11.0,0.0,1.0,0.0,38.0,32.0,25.5,74.5,71.5,67.0,86.5,62.0,37.0,1014.5,1012.5,1011.0,16.0,16.0,15.0,27.0,14.0,0.0,1.4142135623730951,0.7071067811865476,0.0,-2.23606797749979,-2.0,0.0,-3.6742346141747673,-4.06201920231798,-4.06201920231798,-2.7386127875258306,-1.224744871391589,1.4142135623730951,0.0,1.4142135623730951,3.1622776601683795,2.8284271247461903,2.8284271247461903,-0.7071067811865476,1.0,0.0,-0.5773502691896257,-1.4142135623730951,-1.5275252316519468,0.0,-3.0,-3.1091263510296048,-2.8284271247461903,-2.23606797749979,-1.5275252316519468,0.0,0.0,0.0,1.9148542155126762,2.581988897471611,2.23606797749979,0.0
935,33,38.0,38.0,36.0,32.0,32.0,31.0,25.0,26.0,25.0,74.0,75.0,78.0,72.0,71.0,74.0,69.0,65.0,69.0,88.0,85.0,91.0,64.0,60.0,67.0,39.0,35.0,42.0,1015.0,1014.0,1018.0,1013.0,1012.0,1014.0,1012.0,1010.0,1010.0,16.0,16.0,16.0,16.0,16.0,14.0,16.0,14.0,10.0,27.0,27.0,23.0,14.0,14.0,10.0,0.0,0.0,1.0,38.0,32.5,26.0,75.0,72.5,69.0,86.5,64.0,40.5,1016.0,1014.0,1012.0,16.0,16.0,16.0,25.5,13.5,0.0,0.0,0.7071067811865476,1.224744871391589,1.224744871391589,1.0,2.8284271247461903,0.0,2.8284271247461903,3.5355339059327378,1.5811388300841898,1.5811388300841898,1.4142135623730951,0.0,0.0,1.4142135623730951,-2.1213203435596424,-0.7071067811865476,0.0,1.1547005383792515,0.816496580927726,1.1547005383792515,-1.4142135623730951,-1.5275252316519468,0.0,-3.4641016151377544,-3.3166247903554,-2.8284271247461903,-1.9148542155126762,0.5773502691896257,1.1547005383792515,0.0,1.1547005383792515,2.581988897471611,1.5275252316519468,2.23606797749979,-0.5773502691896257
936,32,38.0,38.0,38.0,33.0,32.0,32.0,27.0,25.0,26.0,76.0,74.0,75.0,73.0,72.0,71.0,69.0,69.0,65.0,85.0,88.0,85.0,64.0,64.0,60.0,42.0,39.0,35.0,1017.0,1015.0,1014.0,1015.0,1013.0,1012.0,1012.0,1012.0,1010.0,16.0,16.0,16.0,16.0,16.0,16.0,16.0,16.0,14.0,24.0,27.0,27.0,13.0,14.0,14.0,0.0,0.0,0.0,38.0,32.5,26.0,75.0,73.0,70.0,86.5,64.0,41.0,1017.5,1015.0,1012.0,16.0,16.0,16.0,25.5,13.0,0.0,0.0,0.0,0.0,0.0,0.7071067811865476,1.4142135623730951,0.0,0.0,1.5811388300841898,1.5811388300841898,1.4142135623730951,0.0,0.0,0.0,0.0,0.0,-0.7071067811865476,0.0,0.0,0.0,-0.5773502691896257,-0.5773502691896257,0.816496580927726,2.581988897471611,1.7320508075688772,2.309401076758503,2.6457513110645907,1.4142135623730951,1.2909944487358056,1.1547005383792515,0.0,0.0,1.1547005383792515,0.0,-0.5773502691896257,0.0
937,32,38.0,38.0,38.0,32.0,33.0,32.0,25.0,27.0,25.0,74.0,76.0,74.0,73.0,73.0,72.0,71.0,69.0,69.0,88.0,85.0,88.0,64.0,64.0,64.0,40.0,42.0,39.0,1018.0,1017.0,1015.0,1015.0,1015.0,1013.0,1012.0,1012.0,1012.0,16.0,16.0,16.0,16.0,16.0,16.0,16.0,16.0,16.0,27.0,24.0,27.0,13.0,13.0,14.0,0.0,0.0,0.0,38.0,32.0,25.5,74.5,72.0,67.5,89.5,63.0,36.5,1018.0,1015.0,1011.5,16.0,16.0,15.0,24.0,12.0,0.0,0.0,-0.7071067811865476,-1.224744871391589,-1.224744871391589,-1.4142135623730951,-4.743416490252569,3.0,-1.4142135623730951,-5.1478150704935,0.7071067811865476,0.0,-0.7071067811865476,0.0,0.0,-1.4142135623730951,-3.6742346141747673,-1.4142135623730951,0.0,0.0,0.0,0.5773502691896257,0.5773502691896257,-1.0,-3.872983346207417,1.7320508075688772,-1.1547005383792515,-3.8297084310253524,1.2909944487358056,1.1547005383792515,-0.5773502691896257,0.0,0.0,-1.1547005383792515,-3.4641016151377544,-1.2909944487358056,0.0
938,31,38.0,38.0,38.0,32.0,32.0,33.0,26.0,25.0,27.0,75.0,74.0,76.0,71.0,73.0,73.0,64.0,71.0,69.0,91.0,88.0,85.0,62.0,64.0,64.0,33.0,40.0,42.0,1018.0,1018.0,1017.0,1015.0,1015.0,1015.0,1011.0,1012.0,1012.0,16.0,16.0,16.0,16.0,16.0,16.0,14.0,16.0,16.0,21.0,27.0,24.0,11.0,13.0,13.0,0.0,0.0,0.0,38.0,31.5,25.0,74.5,71.5,65.0,92.5,64.0,35.5,1018.0,1015.0,1012.0,16.0,16.0,14.0,20.0,9.5,0.0,0.0,-0.7071067811865476,-1.224744871391589,0.0,-1.224744871391589,-4.743416490252569,3.0,2.449489742783178,-3.4641016151377544,0.0,0.0,1.224744871391589,0.0,0.0,-1.4142135623730951,-4.47213595499958,-2.5495097567963922,0.0,0.0,-0.816496580927726,-1.5275252316519468,-1.1547005383792515,-1.0,-3.696845502136472,3.0,2.0,-3.0550504633038935,0.5773502691896257,0.0,1.0,0.0,0.0,-1.1547005383792515,-3.2145502536643185,-2.0816659994661326,0.0
939,31,38.0,38.0,38.0,31.0,32.0,32.0,24.0,26.0,25.0,74.0,75.0,74.0,72.0,71.0,73.0,66.0,64.0,71.0,94.0,91.0,88.0,66.0,62.0,64.0,38.0,33.0,40.0,1018.0,1018.0,1018.0,1015.0,1015.0,1015.0,1013.0,1011.0,1012.0,16.0,16.0,16.0,16.0,16.0,16.0,14.0,14.0,16.0,19.0,21.0,27.0,8.0,11.0,13.0,0.0,0.0,0.0,37.5,31.0,24.0,74.0,72.0,66.0,91.0,64.5,38.0,1018.5,1016.0,1014.0,16.0,16.0,15.0,19.0,9.5,0.0,-0.7071067811865476,-0.7071067811865476,-1.4142135623730951,-0.7071067811865476,0.7071067811865476,1.4142135623730951,-3.6742346141747673,1.8708286933869707,3.5355339059327378,0.7071067811865476,1.4142135623730951,2.0,0.0,0.0,1.4142135623730951,-1.4142135623730951,0.0,0.0,-0.5773502691896257,-0.5773502691896257,-1.0,0.0,-1.0,-3.872983346207417,-2.449489742783178,1.0,-2.8284271247461903,0.5773502691896257,1.1547005383792515,1.5275252316519468,0.0,0.0,0.0,-3.6514837167011076,-1.1547005383792515,0.0
940,32,37.0,38.0,38.0,31.0,31.0,32.0,24.0,24.0,26.0,74.0,74.0,75.0,72.0,72.0,71.0,66.0,66.0,64.0,88.0,94.0,91.0,63.0,66.0,62.0,38.0,38.0,33.0,1019.0,1018.0,1018.0,1017.0,1015.0,1015.0,1015.0,1013.0,1011.0,16.0,16.0,16.0,16.0,16.0,16.0,16.0,14.0,14.0,19.0,19.0,21.0,11.0,8.0,11.0,0.0,0.0,0.0,37.0,31.5,25.0,74.5,72.0,67.0,89.5,64.0,38.5,1020.5,1018.0,1016.0,16.0,16.0,16.0,21.0,9.5,0.0,-0.7071067811865476,0.7071067811865476,1.4142135623730951,0.7071067811865476,0.0,1.4142135623730951,-3.6742346141747673,-1.5811388300841898,0.7071067811865476,2.23606797749979,2.0,2.0,0.0,0.0,1.4142135623730951,2.8284271247461903,0.0,0.0,-0.5773502691896257,0.0,0.0,0.0,0.5773502691896257,1.632993161855452,-2.449489742783178,1.9148542155126762,2.943920288775949,1.8257418583505538,1.632993161855452,2.0,0.0,0.0,1.1547005383792515,2.0,-1.7320508075688772,0.0
941,32,37.0,37.0,38.0,32.0,31.0,31.0,26.0,24.0,24.0,75.0,74.0,74.0,72.0,72.0,72.0,68.0,66.0,66.0,91.0,88.0,94.0,65.0,63.0,66.0,39.0,38.0,38.0,1022.0,1019.0,1018.0,1019.0,1017.0,1015.0,1017.0,1015.0,1013.0,16.0,16.0,16.0,16.0,16.0,16.0,16.0,16.0,14.0,23.0,19.0,19.0,8.0,11.0,8.0,0.0,0.0,0.0,37.5,32.0,25.5,74.5,72.0,68.5,88.0,64.5,40.5,1022.5,1019.5,1017.0,16.0,16.0,16.0,23.5,8.0,0.0,0.7071067811865476,0.7071067811865476,1.224744871391589,0.0,0.0,1.5811388300841898,-3.6742346141747673,1.224744871391589,2.23606797749979,2.23606797749979,1.5811388300841898,1.4142135623730951,0.0,0.0,0.0,2.9154759474226504,-2.1213203435596424,0.0,0.0,0.5773502691896257,1.0,0.0,0.0,1.2909944487358056,-4.58257569495584,-1.4142135623730951,1.8257418583505538,1.9148542155126762,1.7320508075688772,1.632993161855452,0.0,0.0,1.1547005383792515,2.3804761428476167,0.0,0.0
942,32,38.0,37.0,37.0,32.0,32.0,31.0,25.0,26.0,24.0,74.0,75.0,74.0,72.0,72.0,72.0,69.0,68.0,66.0,85.0,91.0,88.0,64.0,65.0,63.0,42.0,39.0,38.0,1023.0,1022.0,1019.0,1020.0,1019.0,1017.0,1017.0,1017.0,1015.0,16.0,16.0,16.0,16.0,16.0,16.0,16.0,16.0,16.0,24.0,23.0,19.0,8.0,8.0,11.0,0.0,0.0,0.0,38.0,32.0,25.0,74.5,72.0,67.5,86.5,63.0,38.5,1023.0,1020.0,1017.0,16.0,16.0,16.0,22.5,8.0,0.0,0.7071067811865476,0.0,-0.7071067811865476,0.0,0.0,-2.0,-3.6742346141747673,-1.5811388300841898,-4.47213595499958,0.7071067811865476,0.7071067811865476,0.0,0.0,0.0,0.0,-2.0,0.0,0.0,0.5773502691896257,0.5773502691896257,1.0,0.5773502691896257,0.0,-1.1547005383792515,-2.449489742783178,-0.5773502691896257,-3.605551275463989,1.8257418583505538,1.2909944487358056,1.1547005383792515,0.0,0.0,0.0,1.632993161855452,-1.7320508075688772,0.0
943,32,38.0,38.0,37.0,32.0,32.0,32.0,25.0,25.0,26.0,75.0,74.0,75.0,72.0,72.0,72.0,66.0,69.0,68.0,88.0,85.0,91.0,62.0,64.0,65.0,35.0,42.0,39.0,1023.0,1023.0,1022.0,1020.0,1020.0,1019.0,1017.0,1017.0,1017.0,16.0,16.0,16.0,16.0,16.0,16.0,16.0,16.0,16.0,21.0,24.0,23.0,8.0,8.0,8.0,0.0,0.0,0.0,38.0,32.0,24.5,74.0,70.5,65.5,87.5,61.0,34.0,1022.0,1019.0,1016.5,16.0,16.0,16.0,20.0,7.0,0.0,0.0,0.0,-0.7071067811865476,-1.224744871391589,-2.1213203435596424,-2.23606797749979,2.0,-2.0,-5.1478150704935,-1.4142135623730951,-1.4142135623730951,-0.7071067811865476,0.0,0.0,0.0,-2.5495097567963922,-1.4142135623730951,0.0,0.5773502691896257,0.0,-0.816496580927726,-1.1547005383792515,-1.7320508075688772,-1.7320508075688772,-3.0550504633038935,-1.7320508075688772,-3.8297084310253524,-1.0,-1.0,-0.5773502691896257,0.0,0.0,0.0,-2.0,-1.1547005383792515,0.0
944,32,38.0,38.0,38.0,32.0,32.0,32.0,24.0,25.0,25.0,73.0,75.0,74.0,69.0,72.0,72.0,65.0,66.0,69.0,87.0,88.0,85.0,60.0,62.0,64.0,33.0,35.0,42.0,1021.0,1023.0,1023.0,1018.0,1020.0,1020.0,1016.0,1017.0,1017.0,16.0,16.0,16.0,16.0,16.0,16.0,16.0,16.0,16.0,19.0,21.0,24.0,6.0,8.0,8.0,0.0,0.0,0.0,38.5,32.0,24.0,73.0,69.0,65.0,87.0,59.5,32.0,1020.0,1017.0,1015.0,16.0,16.0,16.0,19.0,6.0,0.0,0.7071067811865476,0.0,-0.7071067811865476,-1.4142135623730951,-2.1213203435596424,-0.7071067811865476,-0.7071067811865476,-1.5811388300841898,-2.0,-2.0,-2.0,-1.5811388300841898,0.0,0.0,0.0,-1.4142135623730951,-1.4142135623730951,0.0,0.5773502691896257,0.0,-0.5773502691896257,-1.0,-1.7320508075688772,-1.8257418583505538,1.632993161855452,-1.7320508075688772,-4.358898943540674,-1.632993161855452,-1.632993161855452,-1.2909944487358056,0.0,0.0,0.0,-2.0816659994661326,-1.1547005383792515,0.0
945,32,39.0,38.0,38.0,32.0,32.0,32.0,24.0,24.0,25.0,73.0,73.0,75.0,69.0,69.0,72.0,65.0,65.0,66.0,87.0,87.0,88.0,59.0,60.0,62.0,31.0,33.0,35.0,1019.0,1021.0,1023.0,1016.0,1018.0,1020.0,1014.0,1016.0,1017.0,16.0,16.0,16.0,16.0,16.0,16.0,16.0,16.0,16.0,19.0,19.0,21.0,6.0,6.0,8.0,0.0,0.0,0.0,38.5,32.0,25.0,73.5,70.0,66.0,86.0,59.5,33.0,1018.0,1015.0,1012.0,16.0,16.0,16.0,20.0,8.0,0.0,0.0,0.0,1.4142135623730951,0.7071067811865476,1.4142135623730951,1.4142135623730951,-1.4142135623730951,0.0,2.449489742783178,-2.0,-2.0,-3.1622776601683795,0.0,0.0,0.0,1.4142135623730951,2.8284271247461903,0.0,0.0,0.0,1.0,-1.0,-1.2909944487358056,1.0,-1.2909944487358056,-1.1547005383792515,1.632993161855452,-2.0,-2.0,-2.6457513110645907,0.0,0.0,0.0,0.0,2.0,0.0
946,32,38.0,39.0,38.0,32.0,32.0,32.0,26.0,24.0,24.0,74.0,73.0,73.0,71.0,69.0,69.0,67.0,65.0,65.0,85.0,87.0,87.0,60.0,59.0,60.0,35.0,31.0,33.0,1017.0,1019.0,1021.0,1014.0,1016.0,1018.0,1010.0,1014.0,1016.0,16.0,16.0,16.0,16.0,16.0,16.0,16.0,16.0,16.0,21.0,19.0,19.0,10.0,6.0,6.0,0.0,0.0,0.0,38.0,32.0,26.0,74.5,72.0,67.5,88.0,62.0,36.0,1016.5,1013.5,1010.0,16.0,16.0,16.0,21.0,9.0,0.0,-0.7071067811865476,0.0,1.4142135623730951,1.0,2.0,1.5811388300841898,4.0,2.9154759474226504,3.1622776601683795,-1.5811388300841898,-1.5811388300841898,-2.8284271247461903,0.0,0.0,0.0,1.4142135623730951,2.449489742783178,0.0,0.0,0.0,1.1547005383792515,0.816496580927726,1.632993161855452,1.2909944487358056,3.265986323710904,2.309401076758503,2.309401076758503,-1.7320508075688772,-1.7320508075688772,-2.581988897471611,0.0,0.0,0.0,1.1547005383792515,2.0,0.0
947,32,38.0,38.0,39.0,32.0,32.0,32.0,26.0,26.0,24.0,75.0,74.0,73.0,73.0,71.0,69.0,68.0,67.0,65.0,91.0,85.0,87.0,64.0,60.0,59.0,37.0,35.0,31.0,1016.0,1017.0,1019.0,1013.0,1014.0,1016.0,1010.0,1010.0,1014.0,16.0,16.0,16.0,16.0,16.0,16.0,16.0,16.0,16.0,21.0,21.0,19.0,8.0,10.0,6.0,0.0,0.0,0.0,38.5,32.0,25.0,75.5,73.0,68.5,92.5,65.0,37.0,1015.5,1013.0,1009.5,16.0,15.0,9.5,27.5,6.5,9.5,0.7071067811865476,0.0,-1.4142135623730951,1.0,1.4142135623730951,1.0,4.743416490252569,3.1622776601683795,1.4142135623730951,-1.0,-0.7071067811865476,-0.7071067811865476,0.0,-1.4142135623730951,-9.192388155425117,9.192388155425117,-2.5495097567963922,13.435028842544403,0.0,0.0,0.0,1.0,1.632993161855452,1.4142135623730951,3.696845502136472,2.6457513110645907,2.581988897471611,-1.4142135623730951,-1.2909944487358056,-2.3804761428476167,0.0,-1.1547005383792515,-7.505553499465135,7.593857166596345,1.0,10.969655114602888
948,29,39.0,38.0,38.0,32.0,32.0,32.0,24.0,26.0,26.0,76.0,75.0,74.0,73.0,73.0,71.0,69.0,68.0,67.0,94.0,91.0,85.0,66.0,64.0,60.0,37.0,37.0,35.0,1015.0,1016.0,1017.0,1013.0,1013.0,1014.0,1009.0,1010.0,1010.0,16.0,16.0,16.0,14.0,16.0,16.0,3.0,16.0,16.0,34.0,21.0,21.0,5.0,8.0,10.0,19.0,0.0,0.0,36.5,30.5,24.0,76.5,74.0,70.0,97.0,71.0,44.5,1015.0,1013.5,1010.5,16.0,12.5,2.5,24.0,4.0,10.5,-3.4641016151377544,-2.1213203435596424,-1.4142135623730951,1.0,1.4142135623730951,1.5811388300841898,4.743416490252569,7.211102550927978,10.606601717798213,-0.7071067811865476,0.7071067811865476,2.0,0.0,-2.5495097567963922,-9.219544457292887,-10.747092630102339,-2.5495097567963922,6.0,-2.8284271247461903,-1.7320508075688772,-1.1547005383792515,1.0,1.632993161855452,1.4142135623730951,5.196152422706632,6.324555320336759,8.736894948054104,-0.816496580927726,0.0,1.632993161855452,0.0,-2.0816659994661326,-7.52772652709081,-8.774964387392123,-2.3804761428476167,4.898979485566356
949,28,34.0,39.0,38.0,29.0,32.0,32.0,24.0,24.0,26.0,77.0,76.0,75.0,75.0,73.0,73.0,71.0,69.0,68.0,100.0,94.0,91.0,76.0,66.0,64.0,52.0,37.0,37.0,1015.0,1015.0,1016.0,1014.0,1013.0,1013.0,1012.0,1009.0,1010.0,16.0,16.0,16.0,11.0,14.0,16.0,2.0,3.0,16.0,14.0,34.0,21.0,3.0,5.0,8.0,2.0,19.0,0.0,33.5,28.5,23.5,77.5,74.5,70.5,100.0,77.0,53.5,1016.0,1014.5,1012.0,16.0,10.5,1.0,20.0,4.0,14.5,-3.605551275463989,-2.23606797749979,-0.7071067811865476,1.0,1.224744871391589,1.224744871391589,4.242640687119285,7.211102550927978,10.816653826391969,1.4142135623730951,1.0,2.1213203435596424,0.0,-2.23606797749979,-1.5811388300841898,-11.313708498984761,0.0,12.96148139681572,-2.886751345948129,-1.8257418583505538,-1.2909944487358056,1.0,1.0,1.1547005383792515,3.872983346207417,6.0,8.831760866327848,1.0,0.816496580927726,1.632993161855452,0.0,-2.160246899469287,-7.615773105863909,-5.385164807134504,-1.7320508075688772,15.242484486898235
950,30,33.0,34.0,39.0,28.0,29.0,32.0,23.0,24.0,24.0,78.0,77.0,76.0,74.0,75.0,73.0,70.0,71.0,69.0,100.0,100.0,94.0,78.0,76.0,66.0,55.0,52.0,37.0,1017.0,1015.0,1015.0,1015.0,1014.0,1013.0,1012.0,1012.0,1009.0,16.0,16.0,16.0,10.0,11.0,14.0,0.0,2.0,3.0,26.0,14.0,34.0,5.0,3.0,5.0,27.0,2.0,19.0,34.5,29.0,23.5,77.0,73.5,70.5,97.0,74.0,50.5,1017.0,1015.0,1012.5,16.0,13.0,6.5,30.5,5.0,13.5,2.0,1.224744871391589,0.0,-1.224744871391589,-1.0,0.0,-4.242640687119285,-5.477225575051661,-6.0,1.4142135623730951,0.7071067811865476,0.7071067811865476,0.0,4.183300132670378,9.082951062292475,10.606601717798213,1.4142135623730951,-7.211102550927978,-2.3804761428476167,-1.4142135623730951,0.0,-0.816496580927726,0.816496580927726,1.1547005383792515,0.0,3.6514837167011076,7.14142842854285,1.1547005383792515,0.816496580927726,1.8257418583505538,0.0,2.943920288775949,7.393691004272944,-7.637626158259733,0.0,-11.445523142259598
951,29,36.0,33.0,34.0,30.0,28.0,29.0,24.0,23.0,24.0,76.0,78.0,77.0,73.0,74.0,75.0,71.0,70.0,71.0,94.0,100.0,100.0,70.0,78.0,76.0,46.0,55.0,52.0,1017.0,1017.0,1015.0,1015.0,1015.0,1014.0,1013.0,1012.0,1012.0,16.0,16.0,16.0,16.0,10.0,11.0,13.0,0.0,2.0,35.0,26.0,14.0,5.0,5.0,3.0,0.0,27.0,2.0,36.0,29.5,23.5,75.5,72.5,70.0,92.5,68.5,44.5,1017.5,1015.0,1012.5,16.0,16.0,14.5,24.5,5.5,0.0,2.1213203435596424,1.224744871391589,0.0,-1.5811388300841898,-1.0,-1.224744871391589,-4.743416490252569,-6.041522986797286,-6.708203932499369,0.7071067811865476,0.0,0.0,0.0,4.242640687119285,9.433981132056603,-13.416407864998739,0.7071067811865476,-19.091883092036785,1.632993161855452,0.816496580927726,-0.5773502691896257,-1.1547005383792515,-1.0,-1.1547005383792515,-3.872983346207417,-4.795831523312719,-5.196152422706632,1.2909944487358056,0.5773502691896257,0.0,0.0,3.415650255319866,7.615773105863909,-8.48528137423857,1.2909944487358056,-5.887840577551898
952,31,36.0,36.0,33.0,29.0,30.0,28.0,23.0,24.0,23.0,75.0,76.0,78.0,72.0,73.0,74.0,69.0,71.0,70.0,91.0,94.0,100.0,67.0,70.0,78.0,43.0,46.0,55.0,1018.0,1017.0,1017.0,1015.0,1015.0,1015.0,1012.0,1013.0,1012.0,16.0,16.0,16.0,16.0,16.0,10.0,16.0,13.0,0.0,14.0,35.0,26.0,6.0,5.0,5.0,0.0,0.0,27.0,36.0,30.0,23.5,75.5,72.5,69.0,95.5,69.0,42.5,1018.0,1015.0,1012.0,16.0,16.0,16.0,16.5,7.0,0.0,0.0,1.224744871391589,0.0,0.0,0.0,-1.4142135623730951,6.0,1.8708286933869707,-2.23606797749979,0.7071067811865476,0.0,-0.7071067811865476,0.0,0.0,2.1213203435596424,-14.422205101855956,1.5811388300841898,0.0,1.7320508075688772,1.5275252316519468,0.5773502691896257,-1.1547005383792515,-0.5773502691896257,-1.0,3.4641016151377544,-4.358898943540674,-5.507570547286102,0.5773502691896257,0.0,0.0,0.0,3.4641016151377544,7.702813338860896,-10.567244989431572,1.2909944487358056,-15.588457268119896
953,31,36.0,36.0,36.0,31.0,29.0,30.0,24.0,23.0,24.0,76.0,75.0,76.0,73.0,72.0,73.0,69.0,69.0,71.0,100.0,91.0,94.0,71.0,67.0,70.0,42.0,43.0,46.0,1018.0,1018.0,1017.0,1015.0,1015.0,1015.0,1012.0,1012.0,1013.0,16.0,16.0,16.0,16.0,16.0,16.0,16.0,16.0,13.0,19.0,14.0,35.0,8.0,6.0,5.0,0.0,0.0,0.0,36.5,31.0,25.0,75.5,73.0,68.0,95.5,68.5,41.0,1017.5,1015.0,1012.0,16.0,16.0,16.0,20.0,9.0,0.0,0.7071067811865476,1.4142135623730951,1.5811388300841898,0.0,0.7071067811865476,-1.4142135623730951,0.0,-2.1213203435596424,-1.5811388300841898,-0.7071067811865476,0.0,0.0,0.0,0.0,0.0,3.8078865529319543,2.0,0.0,0.5773502691896257,1.0,1.1547005383792515,-0.5773502691896257,0.0,-1.632993161855452,-1.7320508075688772,-2.449489742783178,-2.160246899469287,0.0,0.0,-0.5773502691896257,0.0,0.0,1.7320508075688772,-11.718930554164631,1.7320508075688772,0.0
954,31,37.0,36.0,36.0,31.0,31.0,29.0,26.0,24.0,23.0,75.0,76.0,75.0,73.0,73.0,72.0,67.0,69.0,69.0,91.0,100.0,91.0,66.0,71.0,67.0,40.0,42.0,43.0,1017.0,1018.0,1018.0,1015.0,1015.0,1015.0,1012.0,1012.0,1012.0,16.0,16.0,16.0,16.0,16.0,16.0,16.0,16.0,16.0,21.0,19.0,14.0,10.0,8.0,6.0,0.0,0.0,0.0,37.0,31.0,25.0,74.5,71.5,63.5,92.5,64.0,34.5,1017.5,1015.5,1013.0,16.0,16.0,16.0,21.0,10.0,0.0,0.7071067811865476,0.0,0.0,-1.0,-2.1213203435596424,-5.1478150704935,-6.0,-4.527692569068709,-7.905694150420948,0.0,0.7071067811865476,1.4142135623730951,0.0,0.0,0.0,1.4142135623730951,1.4142135623730951,0.0,0.5773502691896257,1.1547005383792515,0.5773502691896257,-0.5773502691896257,-1.632993161855452,-4.203173404306164,1.7320508075688772,-2.886751345948129,-6.48074069840786,0.0,0.5773502691896257,1.1547005383792515,0.0,0.0,0.0,3.1091263510296048,1.632993161855452,0.0
955,31,37.0,37.0,36.0,31.0,31.0,31.0,24.0,26.0,24.0,74.0,75.0,76.0,70.0,73.0,73.0,60.0,67.0,69.0,94.0,91.0,100.0,62.0,66.0,71.0,29.0,40.0,42.0,1018.0,1017.0,1018.0,1016.0,1015.0,1015.0,1014.0,1012.0,1012.0,16.0,16.0,16.0,16.0,16.0,16.0,16.0,16.0,16.0,21.0,21.0,19.0,10.0,10.0,8.0,0.0,0.0,0.0,37.0,31.0,24.0,74.0,71.0,64.5,94.0,64.5,34.0,1018.5,1016.5,1014.0,16.0,16.0,16.0,20.0,9.0,0.0,0.0,0.0,-1.4142135623730951,-0.7071067811865476,-1.5811388300841898,4.0,2.1213203435596424,2.1213203435596424,-3.24037034920393,1.0,1.0,1.4142135623730951,0.0,0.0,0.0,-1.4142135623730951,-1.4142135623730951,0.0,0.5773502691896257,0.0,0.0,-0.816496580927726,-1.2909944487358056,3.0550504633038935,-4.898979485566356,-2.309401076758503,-2.886751345948129,0.5773502691896257,0.816496580927726,1.1547005383792515,0.0,0.0,0.0,0.0,0.0,0.0
956,31,37.0,37.0,37.0,31.0,31.0,31.0,24.0,24.0,26.0,74.0,74.0,75.0,72.0,70.0,73.0,69.0,60.0,67.0,94.0,94.0,91.0,67.0,62.0,66.0,39.0,29.0,40.0,1019.0,1018.0,1017.0,1017.0,1016.0,1015.0,1014.0,1014.0,1012.0,16.0,16.0,16.0,16.0,16.0,16.0,16.0,16.0,16.0,19.0,21.0,21.0,8.0,10.0,10.0,0.0,0.0,0.0,37.0,31.0,24.0,74.0,72.0,69.5,94.0,67.5,40.5,1018.0,1016.0,1013.0,16.0,16.0,16.0,17.5,7.0,0.0,0.0,0.0,0.0,0.0,1.4142135623730951,6.4031242374328485,0.0,3.605551275463989,7.3824115301167,-1.224744871391589,-1.224744871391589,-1.4142135623730951,0.0,0.0,0.0,-2.5495097567963922,-2.0,0.0,0.0,0.0,-1.1547005383792515,-0.5773502691896257,-1.2909944487358056,3.3166247903554,1.7320508075688772,1.8257418583505538,-2.0,-0.816496580927726,-0.816496580927726,0.0,0.0,0.0,0.0,-2.0816659994661326,-1.632993161855452,0.0
957,31,37.0,37.0,37.0,31.0,31.0,31.0,24.0,24.0,24.0,74.0,74.0,74.0,72.0,72.0,70.0,70.0,69.0,60.0,94.0,94.0,94.0,68.0,67.0,62.0,42.0,39.0,29.0,1017.0,1019.0,1018.0,1015.0,1017.0,1016.0,1012.0,1014.0,1014.0,16.0,16.0,16.0,16.0,16.0,16.0,16.0,16.0,16.0,16.0,19.0,21.0,6.0,8.0,10.0,0.0,0.0,0.0,37.0,31.0,24.0,74.5,72.0,70.0,91.0,66.5,42.0,1017.0,1014.0,1011.0,16.0,16.0,16.0,17.5,7.0,0.0,0.0,0.0,0.0,0.7071067811865476,0.0,0.7071067811865476,-4.242640687119285,-2.0,2.1213203435596424,-1.4142135623730951,-2.0,-2.0,0.0,0.0,0.0,0.0,0.0,0.0,0.0,0.0,0.0,0.5773502691896257,1.1547005383792515,5.228129047119374,-3.4641016151377544,2.3804761428476167,6.027713773341708,-1.0,-1.5275252316519468,-1.632993161855452,0.0,0.0,0.0,-1.1547005383792515,-1.1547005383792515,0.0
958,32,37.0,37.0,37.0,31.0,31.0,31.0,24.0,24.0,24.0,75.0,74.0,74.0,72.0,72.0,72.0,70.0,70.0,69.0,88.0,94.0,94.0,65.0,68.0,67.0,42.0,42.0,39.0,1017.0,1017.0,1019.0,1013.0,1015.0,1017.0,1010.0,1012.0,1014.0,16.0,16.0,16.0,16.0,16.0,16.0,16.0,16.0,16.0,19.0,16.0,19.0,8.0,6.0,8.0,0.0,0.0,0.0,37.5,31.5,24.5,75.5,72.5,70.5,89.5,66.0,42.0,1016.5,1013.5,1010.5,16.0,16.0,16.0,19.0,8.0,0.0,0.7071067811865476,0.7071067811865476,0.7071067811865476,1.0,0.7071067811865476,0.7071067811865476,-3.6742346141747673,-1.5811388300841898,0.0,-0.7071067811865476,-1.224744871391589,-1.224744871391589,0.0,0.0,0.0,2.1213203435596424,1.4142135623730951,0.0,0.5773502691896257,0.5773502691896257,0.5773502691896257,0.816496580927726,0.5773502691896257,0.816496580927726,-3.0,-1.1547005383792515,1.7320508075688772,-1.2909944487358056,-1.5275252316519468,-1.5275252316519468,0.0,0.0,0.0,0.0,0.0,0.0
959,32,38.0,37.0,37.0,32.0,31.0,31.0,25.0,24.0,24.0,76.0,75.0,74.0,73.0,72.0,72.0,71.0,70.0,70.0,91.0,88.0,94.0,67.0,65.0,68.0,42.0,42.0,42.0,1016.0,1017.0,1017.0,1014.0,1013.0,1015.0,1011.0,1010.0,1012.0,16.0,16.0,16.0,16.0,16.0,16.0,16.0,16.0,16.0,19.0,19.0,16.0,8.0,8.0,6.0,0.0,0.0,0.0,38.0,32.0,25.0,75.5,72.0,69.0,89.5,65.0,40.0,1016.5,1014.0,1011.0,16.0,16.0,16.0,19.0,7.0,0.0,0.7071067811865476,0.7071067811865476,0.7071067811865476,0.0,-1.224744871391589,-2.7386127875258306,0.0,-2.449489742783178,-2.8284271247461903,0.0,0.7071067811865476,0.7071067811865476,0.0,0.0,0.0,0.0,-1.4142135623730951,0.0,0.5773502691896257,0.5773502691896257,0.5773502691896257,0.5773502691896257,-1.0,-2.23606797749979,-3.4641016151377544,-2.6457513110645907,-2.309401076758503,0.0,-1.0,-1.0,0.0,0.0,0.0,1.7320508075688772,0.0,0.0
960,32,38.0,38.0,37.0,32.0,32.0,31.0,25.0,25.0,24.0,75.0,76.0,75.0,71.0,73.0,72.0,67.0,71.0,70.0,88.0,91.0,88.0,63.0,67.0,65.0,38.0,42.0,42.0,1017.0,1016.0,1017.0,1014.0,1014.0,1013.0,1011.0,1011.0,1010.0,16.0,16.0,16.0,16.0,16.0,16.0,16.0,16.0,16.0,19.0,19.0,19.0,6.0,8.0,8.0,0.0,0.0,0.0,38.0,32.0,25.0,75.0,71.5,67.5,89.5,64.0,38.5,1015.5,1013.0,1010.0,16.0,16.0,16.0,19.0,8.0,0.0,0.0,0.0,0.0,-0.7071067811865476,-1.224744871391589,-2.7386127875258306,0.0,-2.449489742783178,-2.7386127875258306,-2.0,-1.4142135623730951,-1.4142135623730951,0.0,0.0,0.0,0.0,2.449489742783178,0.0,0.5773502691896257,0.5773502691896257,0.5773502691896257,0.0,-0.816496580927726,-2.160246899469287,1.7320508075688772,-1.632993161855452,-2.23606797749979,-1.7320508075688772,-1.0,-1.0,0.0,0.0,0.0,0.0,2.0,0.0
961,32,38.0,38.0,38.0,32.0,32.0,32.0,25.0,25.0,25.0,75.0,75.0,76.0,72.0,71.0,73.0,68.0,67.0,71.0,91.0,88.0,91.0,65.0,63.0,67.0,39.0,38.0,42.0,1014.0,1017.0,1016.0,1012.0,1014.0,1014.0,1009.0,1011.0,1011.0,16.0,16.0,16.0,16.0,16.0,16.0,16.0,16.0,16.0,19.0,19.0,19.0,10.0,6.0,8.0,0.0,0.0,0.0,38.0,32.0,25.5,75.0,72.0,68.0,91.0,65.0,39.0,1014.0,1011.5,1008.5,16.0,16.0,16.0,17.5,9.0,0.0,0.0,0.0,0.7071067811865476,0.0,0.7071067811865476,0.7071067811865476,2.1213203435596424,1.4142135623730951,0.7071067811865476,-2.1213203435596424,-1.5811388300841898,-1.5811388300841898,0.0,0.0,0.0,-2.1213203435596424,2.449489742783178,0.0,0.0,0.0,0.5773502691896257,-0.5773502691896257,-1.0,-2.23606797749979,0.0,-2.0,-2.23606797749979,-1.632993161855452,-1.2909944487358056,-1.2909944487358056,0.0,0.0,0.0,-1.7320508075688772,1.632993161855452,0.0
962,33,38.0,38.0,38.0,32.0,32.0,32.0,26.0,25.0,25.0,75.0,75.0,75.0,72.0,72.0,71.0,68.0,68.0,67.0,91.0,91.0,88.0,65.0,65.0,63.0,39.0,39.0,38.0,1014.0,1014.0,1017.0,1011.0,1012.0,1014.0,1008.0,1009.0,1011.0,16.0,16.0,16.0,16.0,16.0,16.0,16.0,16.0,16.0,16.0,19.0,19.0,8.0,10.0,6.0,0.0,0.0,0.0,38.5,32.5,26.0,75.5,72.5,68.0,91.0,65.5,39.5,1014.0,1011.5,1008.5,16.0,16.0,16.0,18.5,9.0,0.0,0.7071067811865476,0.7071067811865476,0.7071067811865476,0.7071067811865476,0.7071067811865476,0.0,0.0,0.7071067811865476,0.7071067811865476,0.0,0.0,0.0,0.0,0.0,0.0,2.8284271247461903,0.0,0.0,0.5773502691896257,0.5773502691896257,0.5773502691896257,0.5773502691896257,0.816496580927726,0.5773502691896257,1.7320508075688772,1.2909944487358056,0.816496580927726,-1.7320508075688772,-1.1547005383792515,-1.1547005383792515,0.0,0.0,0.0,2.309401076758503,2.309401076758503,0.0
963,33,39.0,38.0,38.0,33.0,32.0,32.0,26.0,26.0,25.0,76.0,75.0,75.0,73.0,72.0,72.0,68.0,68.0,68.0,91.0,91.0,91.0,66.0,65.0,65.0,40.0,39.0,39.0,1014.0,1014.0,1014.0,1012.0,1011.0,1012.0,1009.0,1008.0,1009.0,16.0,16.0,16.0,16.0,16.0,16.0,16.0,16.0,16.0,21.0,16.0,19.0,10.0,8.0,10.0,0.0,0.0,0.0,39.0,33.0,26.5,76.5,73.0,68.0,91.0,65.0,38.5,1015.0,1013.0,1010.0,16.0,16.0,16.0,20.0,9.0,0.0,0.7071067811865476,0.7071067811865476,0.7071067811865476,1.0,0.7071067811865476,0.0,0.0,-1.224744871391589,-2.0,1.4142135623730951,1.5811388300841898,1.5811388300841898,0.0,0.0,0.0,3.24037034920393,0.0,0.0,0.5773502691896257,0.5773502691896257,0.816496580927726,0.816496580927726,0.5773502691896257,0.0,0.0,-1.0,-1.632993161855452,1.1547005383792515,1.1547005383792515,1.1547005383792515,0.0,0.0,0.0,2.0,-1.1547005383792515,0.0
964,32,39.0,39.0,38.0,33.0,33.0,32.0,27.0,26.0,26.0,77.0,76.0,75.0,73.0,73.0,72.0,68.0,68.0,68.0,91.0,91.0,91.0,64.0,66.0,65.0,37.0,40.0,39.0,1016.0,1014.0,1014.0,1014.0,1012.0,1011.0,1011.0,1009.0,1008.0,16.0,16.0,16.0,16.0,16.0,16.0,16.0,16.0,16.0,19.0,21.0,16.0,8.0,10.0,8.0,0.0,0.0,0.0,39.0,32.5,26.5,76.5,73.5,68.5,91.0,64.0,37.0,1016.5,1013.5,1010.0,16.0,16.0,16.0,19.0,8.0,0.0,0.0,-0.7071067811865476,0.0,0.0,0.7071067811865476,0.7071067811865476,0.0,-1.4142135623730951,-2.1213203435596424,1.5811388300841898,1.224744871391589,0.0,0.0,0.0,0.0,-1.4142135623730951,-1.4142135623730951,0.0,0.5773502691896257,0.0,0.0,0.5773502691896257,0.816496580927726,0.5773502691896257,0.0,-1.0,-1.632993161855452,1.2909944487358056,1.1547005383792515,0.5773502691896257,0.0,0.0,0.0,2.6457513110645907,0.0,0.0
965,33,39.0,39.0,39.0,32.0,33.0,33.0,26.0,27.0,26.0,76.0,77.0,76.0,74.0,73.0,73.0,69.0,68.0,68.0,91.0,91.0,91.0,64.0,64.0,66.0,37.0,37.0,40.0,1017.0,1016.0,1014.0,1013.0,1014.0,1012.0,1009.0,1011.0,1009.0,16.0,16.0,16.0,16.0,16.0,16.0,16.0,16.0,16.0,19.0,19.0,21.0,8.0,8.0,10.0,0.0,0.0,0.0,40.0,32.5,26.0,76.0,73.5,69.0,91.0,63.5,36.0,1014.5,1011.0,1007.0,16.0,16.0,15.0,21.5,8.0,0.0,1.4142135623730951,0.0,-0.7071067811865476,-0.7071067811865476,0.0,0.7071067811865476,0.0,-0.7071067811865476,-1.4142135623730951,-3.4641016151377544,-2.9154759474226504,-3.1622776601683795,0.0,0.0,-1.4142135623730951,3.5355339059327378,0.0,0.0,1.1547005383792515,0.0,0.0,0.0,0.0,0.5773502691896257,0.0,-1.2909944487358056,-2.0816659994661326,-2.581988897471611,-2.0816659994661326,-2.309401076758503,0.0,0.0,-1.1547005383792515,2.6457513110645907,-1.1547005383792515,0.0
966,31,41.0,39.0,39.0,33.0,32.0,33.0,26.0,26.0,27.0,76.0,76.0,77.0,73.0,74.0,73.0,69.0,69.0,68.0,91.0,91.0,91.0,63.0,64.0,64.0,35.0,37.0,37.0,1012.0,1017.0,1016.0,1009.0,1013.0,1014.0,1005.0,1009.0,1011.0,16.0,16.0,16.0,16.0,16.0,16.0,14.0,16.0,16.0,24.0,19.0,19.0,8.0,8.0,8.0,0.0,0.0,0.0,38.5,32.0,25.5,76.0,73.0,69.5,92.5,68.0,43.5,1012.0,1009.5,1006.5,16.0,16.0,12.5,22.5,6.5,1.5,-3.24037034920393,-1.224744871391589,-0.7071067811865476,0.0,-0.7071067811865476,0.7071067811865476,2.1213203435596424,7.035623639735144,11.937336386313323,-3.5355339059327378,-2.7386127875258306,-1.8708286933869707,0.0,0.0,-2.5495097567963922,2.8284271247461903,-2.1213203435596424,2.1213203435596424,-2.6457513110645907,-1.1547005383792515,-0.816496580927726,-0.5773502691896257,0.0,0.816496580927726,1.7320508075688772,5.744562646538029,9.746794344808963,-2.8284271247461903,-2.309401076758503,-1.9148542155126762,0.0,0.0,-2.0816659994661326,2.309401076758503,-1.7320508075688772,1.7320508075688772
967,26,36.0,41.0,39.0,31.0,33.0,32.0,25.0,26.0,26.0,76.0,76.0,76.0,73.0,73.0,74.0,70.0,69.0,69.0,94.0,91.0,91.0,73.0,63.0,64.0,52.0,35.0,37.0,1012.0,1012.0,1017.0,1010.0,1009.0,1013.0,1008.0,1005.0,1009.0,16.0,16.0,16.0,16.0,16.0,16.0,11.0,14.0,16.0,21.0,24.0,19.0,5.0,8.0,8.0,3.0,0.0,0.0,32.5,28.5,23.5,76.0,74.0,70.0,97.0,81.5,65.5,1013.5,1011.5,1009.0,16.0,13.5,6.5,22.5,5.0,13.0,-6.082762530298219,-3.8078865529319543,-2.23606797749979,0.0,1.4142135623730951,0.7071067811865476,4.743416490252569,13.946325680981353,22.561028345356956,2.1213203435596424,2.23606797749979,2.5495097567963922,0.0,-3.5355339059327378,-6.708203932499369,0.0,-2.1213203435596424,14.300349646075091,-4.83045891539648,-3.0550504633038935,-1.8257418583505538,0.0,1.0,0.5773502691896257,3.872983346207417,11.372481406154654,18.384776310850235,-2.309401076758503,-1.4142135623730951,-1.0,0.0,-2.886751345948129,-5.597618541248888,2.886751345948129,-1.7320508075688772,11.67618659209133
968,23,29.0,36.0,41.0,26.0,31.0,33.0,22.0,25.0,26.0,76.0,76.0,76.0,75.0,73.0,73.0,70.0,70.0,69.0,100.0,94.0,91.0,90.0,73.0,63.0,79.0,52.0,35.0,1015.0,1012.0,1012.0,1013.0,1010.0,1009.0,1010.0,1008.0,1005.0,16.0,16.0,16.0,11.0,16.0,16.0,2.0,11.0,14.0,24.0,21.0,24.0,5.0,5.0,8.0,23.0,3.0,0.0,26.5,24.5,22.0,74.5,73.5,70.0,100.0,93.5,86.0,1016.5,1014.5,1012.0,16.0,9.5,2.0,17.5,4.0,41.5,-6.082762530298219,-4.123105625617661,-2.1213203435596424,-2.1213203435596424,-1.5811388300841898,0.0,4.242640687119285,13.0,21.50581316760657,3.0,3.0,3.1622776601683795,0.0,-4.123105625617661,-6.363961030678928,-8.94427190999916,-1.4142135623730951,29.740544715926102,-5.744562646538029,-3.559026084010437,-1.8257418583505538,-1.7320508075688772,-1.2909944487358056,0.5773502691896257,3.872983346207417,12.083045973594572,20.11632835948615,2.449489742783178,2.516611478423583,3.1091263510296048,0.0,-3.366501646120693,-5.477225575051661,-7.505553499465135,-2.0816659994661326,24.34474618201362
969,25,24.0,29.0,36.0,23.0,26.0,31.0,22.0,22.0,25.0,73.0,76.0,76.0,72.0,75.0,73.0,70.0,70.0,70.0,100.0,100.0,94.0,97.0,90.0,73.0,93.0,79.0,52.0,1018.0,1015.0,1012.0,1016.0,1013.0,1010.0,1014.0,1010.0,1008.0,16.0,16.0,16.0,8.0,11.0,16.0,2.0,2.0,11.0,11.0,24.0,21.0,3.0,5.0,5.0,60.0,23.0,3.0,26.0,24.0,22.0,74.5,72.5,70.0,100.0,93.5,86.0,1018.0,1016.5,1014.5,16.0,9.0,1.0,13.5,4.0,52.5,-2.1213203435596424,-1.5811388300841898,0.0,0.0,-2.0,0.0,0.0,0.0,0.0,2.1213203435596424,2.23606797749979,2.9154759474226504,0.0,-1.5811388300841898,-1.4142135623730951,-8.48528137423857,0.0,23.916521486202797,-4.396968652757639,-3.1622776601683795,-1.7320508075688772,0.0,-1.1547005383792515,0.0,3.4641016151377544,9.814954576223638,15.588457268119896,2.449489742783178,2.516611478423583,2.6457513110645907,0.0,-3.1622776601683795,-5.32290647422377,-6.708203932499369,0.0,22.686266036231405
970,27,28.0,24.0,29.0,25.0,23.0,26.0,22.0,22.0,22.0,76.0,73.0,76.0,73.0,72.0,75.0,70.0,70.0,70.0,100.0,100.0,100.0,90.0,97.0,90.0,79.0,93.0,79.0,1018.0,1018.0,1015.0,1017.0,1016.0,1013.0,1015.0,1014.0,1010.0,16.0,16.0,16.0,10.0,8.0,11.0,0.0,2.0,2.0,16.0,11.0,24.0,5.0,3.0,5.0,45.0,60.0,23.0,28.5,26.0,23.0,77.0,74.0,71.5,100.0,90.0,79.0,1019.0,1017.5,1015.5,16.0,11.5,1.0,17.5,5.0,26.5,2.9154759474226504,2.0,1.4142135623730951,2.5495097567963922,1.5811388300841898,2.1213203435596424,0.0,-4.949747468305833,-9.899494936611665,1.4142135623730951,1.0,1.0,0.0,2.5495097567963922,0.0,4.123105625617661,1.4142135623730951,-28.231188426986208,-1.632993161855452,-0.5773502691896257,1.1547005383792515,1.1547005383792515,-1.1547005383792515,1.7320508075688772,0.0,0.0,0.0,2.0816659994661326,1.9148542155126762,2.449489742783178,0.0,1.1547005383792515,0.0,-6.708203932499369,0.0,-8.660254037844387
971,27,29.0,28.0,24.0,27.0,25.0,23.0,24.0,22.0,22.0,78.0,76.0,73.0,75.0,73.0,72.0,73.0,70.0,70.0,100.0,100.0,100.0,90.0,90.0,97.0,79.0,79.0,93.0,1020.0,1018.0,1018.0,1018.0,1017.0,1016.0,1016.0,1015.0,1014.0,16.0,16.0,16.0,13.0,10.0,8.0,2.0,0.0,2.0,19.0,16.0,11.0,5.0,5.0,3.0,8.0,45.0,60.0,30.0,27.0,23.5,79.0,75.0,73.0,100.0,87.0,73.5,1019.5,1017.5,1015.5,16.0,13.5,2.0,19.0,4.0,6.0,1.5811388300841898,1.4142135623730951,1.224744871391589,2.0,1.4142135623730951,2.1213203435596424,0.0,-4.242640687119285,-7.7781745930520225,1.224744871391589,0.0,0.0,0.0,2.23606797749979,1.4142135623730951,2.1213203435596424,-1.4142135623730951,-26.315394733881533,2.6457513110645907,1.632993161855452,1.0,2.3804761428476167,1.2909944487358056,1.7320508075688772,0.0,-5.32290647422377,-10.279429296739517,1.0,0.5773502691896257,0.5773502691896257,0.0,2.160246899469287,0.0,3.366501646120693,0.0,-23.166067138525406
972,29,31.0,29.0,28.0,27.0,27.0,25.0,23.0,24.0,22.0,80.0,78.0,76.0,75.0,75.0,73.0,73.0,73.0,70.0,100.0,100.0,100.0,84.0,90.0,90.0,68.0,79.0,79.0,1019.0,1020.0,1018.0,1017.0,1018.0,1017.0,1015.0,1016.0,1015.0,16.0,16.0,16.0,14.0,13.0,10.0,2.0,2.0,0.0,19.0,19.0,16.0,3.0,5.0,5.0,4.0,8.0,45.0,32.5,28.0,23.5,78.5,75.0,72.5,100.0,80.0,60.0,1018.0,1015.5,1012.5,16.0,14.0,2.5,17.5,5.5,3.0,2.5495097567963922,1.4142135623730951,0.0,-1.5811388300841898,0.0,-0.7071067811865476,0.0,-7.0710678118654755,-13.729530217745982,-1.5811388300841898,-2.23606797749979,-3.605551275463989,0.0,0.7071067811865476,0.7071067811865476,-2.1213203435596424,3.24037034920393,-3.1622776601683795,2.160246899469287,1.632993161855452,1.1547005383792515,-0.5773502691896257,1.1547005383792515,1.632993161855452,0.0,-5.773502691896258,-11.210114480533491,-0.5773502691896257,-1.7320508075688772,-2.886751345948129,0.0,1.8257418583505538,1.2909944487358056,0.0,2.6457513110645907,-21.517434791350013
973,26,34.0,31.0,29.0,29.0,27.0,27.0,24.0,23.0,24.0,77.0,80.0,78.0,75.0,75.0,75.0,72.0,73.0,73.0,100.0,100.0,100.0,76.0,84.0,90.0,52.0,68.0,79.0,1017.0,1019.0,1020.0,1014.0,1017.0,1018.0,1010.0,1015.0,1016.0,16.0,16.0,16.0,14.0,14.0,13.0,3.0,2.0,2.0,16.0,19.0,19.0,8.0,3.0,5.0,2.0,4.0,8.0,31.0,27.5,23.5,77.0,74.5,72.0,97.0,81.5,65.5,1015.5,1013.0,1010.0,16.0,13.5,2.5,16.0,7.0,10.5,-3.6742346141747673,-1.5811388300841898,0.0,-2.1213203435596424,-0.7071067811865476,-0.7071067811865476,-4.242640687119285,5.338539126015656,15.378556499229699,-2.5495097567963922,-2.5495097567963922,-3.5355339059327378,0.0,-0.7071067811865476,0.0,-2.1213203435596424,3.24037034920393,11.937336386313323,-2.7688746209726918,-1.2909944487358056,-0.5773502691896257,-1.2909944487358056,-0.5773502691896257,-0.5773502691896257,-3.4641016151377544,2.6457513110645907,10.83205120618128,-2.160246899469287,-2.160246899469287,-2.943920288775949,0.0,0.0,0.0,-1.7320508075688772,2.3804761428476167,9.46924847422786
974,26,28.0,34.0,31.0,26.0,29.0,27.0,23.0,24.0,23.0,77.0,77.0,80.0,74.0,75.0,75.0,72.0,72.0,73.0,94.0,100.0,100.0,87.0,76.0,84.0,79.0,52.0,68.0,1014.0,1017.0,1019.0,1012.0,1014.0,1017.0,1010.0,1010.0,1015.0,16.0,16.0,16.0,13.0,14.0,14.0,2.0,3.0,2.0,16.0,16.0,19.0,6.0,8.0,3.0,19.0,2.0,4.0,28.0,26.0,23.0,76.0,73.5,71.5,97.0,87.0,76.5,1016.0,1013.5,1011.5,16.0,13.5,4.0,14.5,4.5,11.0,-4.242640687119285,-2.1213203435596424,-0.7071067811865476,-1.4142135623730951,-1.0,-0.7071067811865476,0.0,7.7781745930520225,18.76166303929372,1.8708286933869707,1.5811388300841898,2.1213203435596424,0.0,0.0,2.7386127875258306,-2.1213203435596424,-2.5495097567963922,4.06201920231798,-3.0,-1.2909944487358056,0.0,-2.0816659994661326,-0.816496580927726,-0.816496580927726,0.0,4.358898943540674,12.220201853215574,1.0,-1.1547005383792515,-2.309401076758503,0.0,0.0,2.309401076758503,-2.449489742783178,2.0,3.1091263510296048
975,28,28.0,28.0,34.0,26.0,26.0,29.0,23.0,23.0,24.0,75.0,77.0,77.0,73.0,74.0,75.0,71.0,72.0,72.0,100.0,94.0,100.0,87.0,87.0,76.0,74.0,79.0,52.0,1018.0,1014.0,1017.0,1015.0,1012.0,1014.0,1013.0,1010.0,1010.0,16.0,16.0,16.0,14.0,13.0,14.0,6.0,2.0,3.0,13.0,16.0,16.0,3.0,6.0,8.0,3.0,19.0,2.0,30.5,27.0,23.5,76.0,73.5,70.5,97.0,81.0,65.0,1018.5,1016.5,1014.5,16.0,14.0,4.5,17.0,4.5,2.0,3.5355339059327378,1.4142135623730951,0.7071067811865476,0.0,0.0,-1.0,0.0,-8.48528137423857,-13.209844813622906,2.9154759474226504,3.0,3.0,0.0,0.7071067811865476,1.8708286933869707,5.244044240850758,0.0,-11.40175425099138,-1.9148542155126762,-1.2909944487358056,0.0,0.0,-0.5773502691896257,-0.816496580927726,-3.4641016151377544,-2.7688746209726918,11.254628677422755,1.632993161855452,2.160246899469287,2.449489742783178,0.0,0.0,1.4142135623730951,4.281744192888376,-1.1547005383792515,3.1091263510296048
976,30,33.0,28.0,28.0,28.0,26.0,26.0,24.0,23.0,23.0,77.0,75.0,77.0,74.0,73.0,74.0,70.0,71.0,72.0,94.0,100.0,94.0,75.0,87.0,87.0,56.0,74.0,79.0,1019.0,1018.0,1014.0,1018.0,1015.0,1012.0,1016.0,1013.0,1010.0,16.0,16.0,16.0,14.0,14.0,13.0,3.0,6.0,2.0,21.0,13.0,16.0,6.0,3.0,6.0,1.0,3.0,19.0,33.5,29.0,24.5,76.5,74.0,69.5,92.5,72.5,52.5,1020.0,1018.5,1016.5,16.0,15.0,8.5,21.0,8.5,0.5,3.605551275463989,2.0,1.0,1.224744871391589,0.7071067811865476,-1.0,-4.743416490252569,-9.192388155425117,-13.656500283747663,1.5811388300841898,2.23606797749979,2.23606797749979,0.0,1.4142135623730951,7.483314773547883,5.656854249492381,4.123105625617661,-1.5811388300841898,2.943920288775949,1.632993161855452,0.816496580927726,-0.5773502691896257,0.0,-1.0,-1.7320508075688772,-7.505553499465135,-11.51810169544733,2.6457513110645907,2.516611478423583,2.516611478423583,0.0,1.2909944487358056,6.531972647421808,4.281744192888376,2.886751345948129,-9.327379053088816
977,29,34.0,33.0,28.0,30.0,28.0,26.0,25.0,24.0,23.0,76.0,77.0,75.0,74.0,74.0,73.0,69.0,70.0,71.0,91.0,94.0,100.0,70.0,75.0,87.0,49.0,56.0,74.0,1021.0,1019.0,1018.0,1019.0,1018.0,1015.0,1017.0,1016.0,1013.0,16.0,16.0,16.0,16.0,14.0,14.0,14.0,3.0,6.0,21.0,21.0,13.0,11.0,6.0,3.0,0.0,1.0,3.0,34.0,29.5,24.5,75.5,73.5,69.0,92.5,71.0,49.0,1021.0,1019.0,1016.5,16.0,16.0,11.0,21.0,10.5,0.0,0.7071067811865476,1.224744871391589,0.0,-1.0,-0.7071067811865476,-0.7071067811865476,0.0,-3.24037034920393,-4.949747468305833,1.4142135623730951,0.7071067811865476,0.0,0.0,1.4142135623730951,6.519202405202649,0.0,3.4641016151377544,-0.7071067811865476,2.943920288775949,1.5275252316519468,0.5773502691896257,0.816496580927726,0.0,-0.816496580927726,-3.4641016151377544,-7.416198487095663,-11.150485789118488,1.2909944487358056,1.8257418583505538,1.7320508075688772,0.0,1.1547005383792515,5.033222956847166,4.618802153517006,3.3166247903554,-1.2909944487358056
978,29,34.0,34.0,33.0,29.0,30.0,28.0,24.0,25.0,24.0,75.0,76.0,77.0,73.0,74.0,74.0,69.0,69.0,70.0,94.0,91.0,94.0,72.0,70.0,75.0,49.0,49.0,56.0,1021.0,1021.0,1019.0,1019.0,1019.0,1018.0,1016.0,1017.0,1016.0,16.0,16.0,16.0,16.0,16.0,14.0,8.0,14.0,3.0,21.0,21.0,21.0,10.0,11.0,6.0,0.0,0.0,1.0,34.0,29.0,23.5,75.0,73.0,69.5,97.0,73.5,49.0,1020.5,1018.0,1015.0,16.0,16.0,9.5,21.0,6.5,0.5,0.0,-0.7071067811865476,-1.0,-0.7071067811865476,-0.7071067811865476,0.7071067811865476,4.743416490252569,2.5495097567963922,0.0,-0.7071067811865476,-1.4142135623730951,-1.5811388300841898,0.0,0.0,-3.6742346141747673,0.0,-5.0,0.7071067811865476,0.5773502691896257,1.0,-0.5773502691896257,-0.816496580927726,-0.5773502691896257,0.0,3.4641016151377544,-2.0,-4.041451884327381,1.0,-1.0,-1.1547005383792515,0.0,1.1547005383792515,5.597618541248888,0.0,-2.886751345948129,0.0
979,29,34.0,34.0,34.0,29.0,29.0,30.0,23.0,24.0,25.0,75.0,75.0,76.0,73.0,73.0,74.0,70.0,69.0,69.0,100.0,94.0,91.0,75.0,72.0,70.0,49.0,49.0,49.0,1020.0,1021.0,1021.0,1017.0,1019.0,1019.0,1014.0,1016.0,1017.0,16.0,16.0,16.0,16.0,16.0,16.0,11.0,8.0,14.0,21.0,21.0,21.0,3.0,10.0,11.0,1.0,0.0,0.0,34.0,29.0,23.5,75.0,73.0,70.5,97.0,74.0,50.5,1019.0,1016.5,1013.5,16.0,16.0,13.5,21.0,4.0,0.5,0.0,0.0,0.0,0.0,0.0,1.0,0.0,1.5811388300841898,2.1213203435596424,-1.5811388300841898,-1.5811388300841898,-1.5811388300841898,0.0,0.0,4.123105625617661,0.0,-4.743416490252569,0.0,0.0,-0.5773502691896257,-0.5773502691896257,-0.5773502691896257,-0.5773502691896257,0.816496580927726,1.7320508075688772,1.7320508075688772,1.7320508075688772,-1.2909944487358056,-1.2909944487358056,-1.4142135623730951,0.0,0.0,-0.816496580927726,0.0,-3.9157800414902435,0.0
980,28,34.0,34.0,34.0,29.0,29.0,29.0,24.0,23.0,24.0,75.0,75.0,75.0,73.0,73.0,73.0,71.0,70.0,69.0,94.0,100.0,94.0,73.0,75.0,72.0,52.0,49.0,49.0,1018.0,1020.0,1021.0,1016.0,1017.0,1019.0,1013.0,1014.0,1016.0,16.0,16.0,16.0,16.0,16.0,16.0,16.0,11.0,8.0,21.0,21.0,21.0,5.0,3.0,10.0,0.0,1.0,0.0,33.5,28.5,23.0,74.0,72.0,70.0,93.5,73.0,52.0,1017.0,1015.5,1012.5,16.0,16.0,15.0,20.0,5.0,0.0,-0.7071067811865476,-0.7071067811865476,-1.224744871391589,-1.4142135623730951,-1.4142135623730951,-1.224744871391589,-4.301162633521313,-1.4142135623730951,2.1213203435596424,-2.0,-1.0,-1.0,0.0,0.0,3.24037034920393,-1.4142135623730951,1.4142135623730951,-0.7071067811865476,-0.5773502691896257,-0.5773502691896257,-1.1547005383792515,-1.1547005383792515,-1.1547005383792515,-0.816496580927726,-0.5773502691896257,1.2909944487358056,1.7320508075688772,-1.7320508075688772,-1.4142135623730951,-1.4142135623730951,0.0,0.0,3.1622776601683795,-1.1547005383792515,-3.872983346207417,0.0
981,28,33.0,34.0,34.0,28.0,29.0,29.0,22.0,24.0,23.0,73.0,75.0,75.0,71.0,73.0,73.0,69.0,71.0,70.0,93.0,94.0,100.0,73.0,73.0,75.0,52.0,52.0,49.0,1016.0,1018.0,1020.0,1015.0,1016.0,1017.0,1012.0,1013.0,1014.0,16.0,16.0,16.0,16.0,16.0,16.0,14.0,16.0,11.0,19.0,21.0,21.0,5.0,5.0,3.0,0.0,0.0,1.0,33.0,28.0,22.5,74.0,71.5,69.5,92.0,72.5,52.0,1017.0,1015.0,1012.5,16.0,15.0,8.0,19.0,5.0,2.0,-0.7071067811865476,-0.7071067811865476,-1.224744871391589,0.0,-1.224744871391589,-1.224744871391589,-1.5811388300841898,-0.7071067811865476,0.0,0.0,-0.7071067811865476,0.0,0.0,-1.4142135623730951,-8.602325267042627,-1.4142135623730951,0.0,2.8284271247461903,-0.5773502691896257,-0.5773502691896257,-0.816496580927726,0.0,-1.0,-0.816496580927726,-3.696845502136472,-1.2909944487358056,1.7320508075688772,-1.1547005383792515,-0.816496580927726,-0.5773502691896257,0.0,-1.1547005383792515,-6.4031242374328485,-1.1547005383792515,1.1547005383792515,2.23606797749979
982,28,33.0,33.0,34.0,28.0,28.0,29.0,23.0,22.0,24.0,75.0,73.0,75.0,72.0,71.0,73.0,70.0,69.0,71.0,91.0,93.0,94.0,72.0,73.0,73.0,52.0,52.0,52.0,1018.0,1016.0,1018.0,1015.0,1015.0,1016.0,1013.0,1012.0,1013.0,16.0,16.0,16.0,14.0,16.0,16.0,2.0,14.0,16.0,19.0,19.0,21.0,5.0,5.0,5.0,4.0,0.0,0.0,33.0,28.0,23.0,75.0,72.0,70.5,92.5,73.5,54.0,1018.0,1015.0,1012.5,16.0,14.0,3.5,22.5,6.5,3.0,0.0,0.0,0.7071067811865476,1.4142135623730951,0.7071067811865476,1.0,1.5811388300841898,2.0,2.8284271247461903,1.4142135623730951,0.0,0.0,0.0,-1.4142135623730951,-8.215838362577491,4.949747468305833,2.1213203435596424,2.449489742783178,-0.5773502691896257,-0.5773502691896257,-1.0,0.0,-1.0,-0.816496580927726,1.1547005383792515,1.632993161855452,2.309401076758503,0.0,-0.5773502691896257,-0.5773502691896257,0.0,-1.1547005383792515,-6.8068592855540455,3.872983346207417,1.7320508075688772,2.0
983,28,33.0,33.0,33.0,28.0,28.0,28.0,23.0,23.0,22.0,75.0,75.0,73.0,72.0,72.0,71.0,71.0,70.0,69.0,94.0,91.0,93.0,75.0,72.0,73.0,56.0,52.0,52.0,1018.0,1018.0,1016.0,1015.0,1015.0,1015.0,1012.0,1013.0,1012.0,16.0,16.0,16.0,14.0,14.0,16.0,5.0,2.0,14.0,26.0,19.0,19.0,8.0,5.0,5.0,2.0,4.0,0.0,33.0,28.0,23.0,74.0,72.0,70.5,94.0,74.0,54.0,1017.5,1015.0,1012.5,16.0,15.0,10.5,22.5,7.0,1.0,0.0,0.0,0.0,-1.4142135623730951,0.0,0.0,2.1213203435596424,1.5811388300841898,0.0,-0.7071067811865476,0.0,0.0,0.0,1.4142135623730951,8.06225774829855,0.0,1.5811388300841898,-2.0,0.0,0.0,0.5773502691896257,0.0,0.5773502691896257,0.5773502691896257,1.2909944487358056,1.1547005383792515,0.0,1.0,0.0,0.5773502691896257,0.0,0.0,-2.160246899469287,0.0,1.2909944487358056,1.632993161855452
984,29,33.0,33.0,33.0,28.0,28.0,28.0,23.0,23.0,23.0,73.0,75.0,75.0,72.0,72.0,72.0,70.0,71.0,70.0,94.0,94.0,91.0,73.0,75.0,72.0,52.0,56.0,52.0,1017.0,1018.0,1018.0,1015.0,1015.0,1015.0,1013.0,1012.0,1013.0,16.0,16.0,16.0,16.0,14.0,14.0,16.0,5.0,2.0,19.0,26.0,19.0,6.0,8.0,5.0,0.0,2.0,4.0,33.5,28.5,23.0,73.5,72.0,70.0,97.0,74.0,50.5,1016.0,1014.5,1012.0,16.0,16.0,14.5,16.5,4.5,1.0,0.7071067811865476,0.7071067811865476,0.0,-1.224744871391589,0.0,-0.7071067811865476,4.242640687119285,0.0,-3.5355339059327378,-1.5811388300841898,-0.7071067811865476,-1.224744871391589,0.0,1.4142135623730951,7.483314773547883,-6.082762530298219,-2.5495097567963922,0.0,0.5773502691896257,0.5773502691896257,0.0,-1.0,0.0,0.0,3.872983346207417,1.7320508075688772,-1.7320508075688772,-1.2909944487358056,-0.5773502691896257,-1.1547005383792515,0.0,1.1547005383792515,6.3508529610858835,-2.886751345948129,-1.1547005383792515,-1.1547005383792515
985,30,34.0,33.0,33.0,29.0,28.0,28.0,23.0,23.0,23.0,74.0,73.0,75.0,72.0,72.0,72.0,70.0,70.0,71.0,100.0,94.0,94.0,75.0,73.0,75.0,49.0,52.0,56.0,1015.0,1017.0,1018.0,1014.0,1015.0,1015.0,1011.0,1013.0,1012.0,16.0,16.0,16.0,16.0,16.0,14.0,13.0,16.0,5.0,14.0,19.0,26.0,3.0,6.0,8.0,2.0,0.0,2.0,35.0,29.5,23.5,74.0,72.0,69.5,97.0,72.5,47.5,1015.0,1013.5,1011.0,16.0,16.0,13.0,15.0,4.5,1.0,1.5811388300841898,1.0,0.7071067811865476,0.7071067811865476,0.0,-0.7071067811865476,0.0,-3.24037034920393,-3.0,-1.4142135623730951,-1.0,-1.4142135623730951,0.0,0.0,-2.1213203435596424,-3.24037034920393,0.0,0.0,1.2909944487358056,0.816496580927726,0.5773502691896257,-1.0,0.0,-0.816496580927726,0.0,-2.886751345948129,-3.366501646120693,-1.2909944487358056,-0.816496580927726,-1.0,0.0,1.1547005383792515,6.110100926607787,-4.83045891539648,-1.1547005383792515,-1.1547005383792515
986,29,36.0,34.0,33.0,30.0,29.0,28.0,24.0,23.0,23.0,74.0,74.0,73.0,72.0,72.0,72.0,69.0,70.0,70.0,94.0,100.0,94.0,70.0,75.0,73.0,46.0,49.0,52.0,1015.0,1015.0,1017.0,1013.0,1014.0,1015.0,1011.0,1011.0,1013.0,16.0,16.0,16.0,16.0,16.0,16.0,13.0,13.0,16.0,16.0,14.0,19.0,6.0,3.0,6.0,0.0,2.0,0.0,34.5,29.5,24.0,74.5,72.0,69.5,90.5,71.5,52.5,1016.5,1014.0,1012.0,16.0,16.0,13.0,15.0,5.5,0.0,-1.5811388300841898,0.0,0.7071067811865476,0.7071067811865476,0.0,0.0,-6.519202405202649,-2.8284271247461903,8.94427190999916,2.1213203435596424,1.224744871391589,1.4142135623730951,0.0,0.0,0.0,0.0,2.0,-1.4142135623730951,-1.1547005383792515,0.5773502691896257,0.5773502691896257,0.816496580927726,0.0,0.0,-4.041451884327381,-2.0,7.094598884597588,1.2909944487358056,0.816496580927726,0.0,0.0,0.0,-1.7320508075688772,-2.886751345948129,-0.5773502691896257,0.0
987,28,33.0,36.0,34.0,29.0,30.0,29.0,24.0,24.0,23.0,75.0,74.0,74.0,72.0,72.0,72.0,70.0,69.0,70.0,87.0,94.0,100.0,73.0,70.0,75.0,59.0,46.0,49.0,1018.0,1015.0,1015.0,1015.0,1013.0,1014.0,1013.0,1011.0,1011.0,16.0,16.0,16.0,16.0,16.0,16.0,13.0,13.0,13.0,14.0,16.0,14.0,5.0,6.0,3.0,0.0,0.0,2.0,33.0,28.5,23.5,74.5,72.0,69.5,90.5,73.0,55.5,1017.0,1014.5,1013.0,16.0,15.0,10.5,15.0,5.0,0.0,-2.1213203435596424,-1.0,-0.7071067811865476,0.0,0.0,0.0,0.0,2.1213203435596424,7.745966692414834,1.5811388300841898,1.224744871391589,1.4142135623730951,0.0,-1.4142135623730951,-3.5355339059327378,0.0,-0.7071067811865476,0.0,-1.2909944487358056,-0.5773502691896257,0.0,0.0,0.0,-0.5773502691896257,-3.4641016151377544,-2.309401076758503,6.082762530298219,1.2909944487358056,0.816496580927726,1.1547005383792515,0.0,-1.1547005383792515,-2.886751345948129,1.1547005383792515,1.632993161855452,-1.1547005383792515
988,29,33.0,33.0,36.0,28.0,29.0,30.0,23.0,24.0,24.0,74.0,75.0,74.0,72.0,72.0,72.0,69.0,70.0,69.0,94.0,87.0,94.0,73.0,73.0,70.0,52.0,59.0,46.0,1016.0,1018.0,1015.0,1014.0,1015.0,1013.0,1013.0,1013.0,1011.0,16.0,16.0,16.0,14.0,16.0,16.0,8.0,13.0,13.0,16.0,14.0,16.0,5.0,5.0,6.0,0.0,0.0,0.0,33.5,28.5,23.5,74.5,72.5,70.0,94.0,73.0,52.0,1016.5,1014.5,1012.5,16.0,14.0,9.0,18.5,5.0,0.0,0.7071067811865476,0.0,0.0,0.0,0.7071067811865476,1.224744871391589,4.949747468305833,0.0,-4.949747468305833,-1.224744871391589,0.0,-0.7071067811865476,0.0,-1.4142135623730951,-3.24037034920393,3.8078865529319543,0.0,0.0,-1.632993161855452,-0.5773502691896257,0.0,0.5773502691896257,0.5773502691896257,1.1547005383792515,0.0,1.7320508075688772,6.324555320336759,1.4142135623730951,1.1547005383792515,1.0,0.0,-1.1547005383792515,-2.6457513110645907,2.886751345948129,-0.5773502691896257,0.0
989,29,34.0,33.0,33.0,29.0,28.0,29.0,24.0,23.0,24.0,75.0,74.0,75.0,73.0,72.0,72.0,71.0,69.0,70.0,94.0,94.0,87.0,73.0,73.0,73.0,52.0,52.0,59.0,1017.0,1016.0,1018.0,1015.0,1014.0,1015.0,1012.0,1013.0,1013.0,16.0,16.0,16.0,14.0,14.0,16.0,10.0,8.0,13.0,21.0,16.0,14.0,5.0,5.0,5.0,0.0,0.0,0.0,34.0,29.0,23.5,76.0,73.5,71.5,94.0,75.0,55.5,1018.0,1015.5,1013.5,16.0,15.0,12.0,22.0,6.5,0.0,0.7071067811865476,0.7071067811865476,0.0,1.5811388300841898,1.0,1.5811388300841898,0.0,2.8284271247461903,4.949747468305833,1.5811388300841898,1.0,2.0,0.0,1.4142135623730951,3.1622776601683795,3.8078865529319543,2.1213203435596424,0.0,0.5773502691896257,0.0,-0.5773502691896257,1.1547005383792515,0.816496580927726,1.1547005383792515,4.041451884327381,2.309401076758503,0.0,0.5773502691896257,0.5773502691896257,1.632993161855452,0.0,0.0,-1.2909944487358056,3.3166247903554,1.7320508075688772,0.0
990,30,34.0,34.0,33.0,29.0,29.0,28.0,23.0,24.0,23.0,77.0,75.0,74.0,74.0,73.0,72.0,72.0,71.0,69.0,94.0,94.0,94.0,77.0,73.0,73.0,59.0,52.0,52.0,1019.0,1017.0,1016.0,1016.0,1015.0,1014.0,1015.0,1012.0,1013.0,16.0,16.0,16.0,16.0,14.0,14.0,14.0,10.0,8.0,23.0,21.0,16.0,8.0,5.0,5.0,0.0,0.0,0.0,34.5,29.5,24.0,77.5,75.0,73.5,95.5,78.0,59.5,1020.0,1017.0,1016.0,16.0,16.0,11.0,25.0,9.0,0.0,0.7071067811865476,0.7071067811865476,1.224744871391589,1.5811388300841898,1.5811388300841898,2.23606797749979,2.1213203435596424,3.1622776601683795,5.0,2.0,1.5811388300841898,2.5495097567963922,0.0,1.4142135623730951,-3.1622776601683795,3.1622776601683795,2.5495097567963922,0.0,0.816496580927726,0.816496580927726,1.1547005383792515,1.4142135623730951,1.4142135623730951,2.160246899469287,1.7320508075688772,2.581988897471611,4.08248290463863,1.7320508075688772,1.4142135623730951,2.0,0.0,1.1547005383792515,-2.309401076758503,3.872983346207417,2.0816659994661326,0.0
991,31,35.0,34.0,34.0,30.0,29.0,29.0,25.0,23.0,24.0,78.0,77.0,75.0,76.0,74.0,73.0,75.0,72.0,71.0,97.0,94.0,94.0,79.0,77.0,73.0,60.0,59.0,52.0,1021.0,1019.0,1017.0,1018.0,1016.0,1015.0,1017.0,1015.0,1012.0,16.0,16.0,16.0,16.0,16.0,14.0,8.0,14.0,10.0,27.0,23.0,21.0,10.0,8.0,5.0,0.0,0.0,0.0,35.5,30.5,25.5,77.5,76.0,74.0,97.0,77.0,56.0,1021.0,1018.5,1016.0,16.0,16.0,10.5,24.0,10.0,0.0,1.0,1.0,1.5811388300841898,0.0,1.4142135623730951,1.5811388300841898,2.1213203435596424,-2.449489742783178,-5.612486080160912,1.4142135623730951,1.5811388300841898,0.0,0.0,0.0,-2.345207879911715,-3.1622776601683795,1.4142135623730951,0.0,0.816496580927726,0.816496580927726,1.1547005383792515,1.1547005383792515,1.2909944487358056,1.4142135623730951,1.7320508075688772,1.1547005383792515,-2.160246899469287,1.632993161855452,1.4142135623730951,1.7320508075688772,0.0,1.1547005383792515,1.2909944487358056,-2.309401076758503,2.0816659994661326,0.0
992,30,36.0,35.0,34.0,31.0,30.0,29.0,26.0,25.0,23.0,77.0,78.0,77.0,76.0,76.0,74.0,73.0,75.0,72.0,97.0,97.0,94.0,75.0,79.0,77.0,52.0,60.0,59.0,1021.0,1021.0,1019.0,1019.0,1018.0,1016.0,1015.0,1017.0,1015.0,16.0,16.0,16.0,16.0,16.0,16.0,13.0,8.0,14.0,21.0,27.0,23.0,10.0,10.0,8.0,0.0,0.0,0.0,35.5,30.5,25.5,76.5,74.5,71.0,94.0,72.5,50.5,1019.5,1017.5,1013.5,16.0,16.0,14.5,20.0,10.0,0.0,0.0,0.0,0.0,-1.0,-2.1213203435596424,-3.1622776601683795,-4.242640687119285,-4.527692569068709,-6.041522986797286,-2.1213203435596424,-2.0,-2.5495097567963922,0.0,0.0,4.123105625617661,-4.47213595499958,0.0,0.0,0.5773502691896257,0.5773502691896257,1.1547005383792515,-0.5773502691896257,-1.2909944487358056,-1.9148542155126762,-3.0,-3.5118845842842465,-4.898979485566356,-1.2909944487358056,-1.1547005383792515,-1.7320508075688772,0.0,0.0,-0.816496580927726,-2.8284271247461903,1.1547005383792515,0.0
993,30,35.0,36.0,35.0,30.0,31.0,30.0,25.0,26.0,25.0,76.0,77.0,78.0,73.0,76.0,76.0,69.0,73.0,75.0,91.0,97.0,97.0,70.0,75.0,79.0,49.0,52.0,60.0,1018.0,1021.0,1021.0,1016.0,1019.0,1018.0,1012.0,1015.0,1017.0,16.0,16.0,16.0,16.0,16.0,16.0,16.0,13.0,8.0,19.0,21.0,27.0,10.0,10.0,10.0,0.0,0.0,0.0,35.0,30.0,25.0,75.5,73.0,70.0,92.5,71.0,49.0,1017.0,1015.0,1011.5,16.0,16.0,16.0,20.0,10.0,0.0,-0.7071067811865476,-0.7071067811865476,-0.7071067811865476,-1.0,-2.1213203435596424,-2.449489742783178,-3.6742346141747673,-3.24037034920393,-2.1213203435596424,-2.5495097567963922,-2.5495097567963922,-2.23606797749979,0.0,0.0,2.1213203435596424,0.0,0.0,0.0,0.0,0.0,0.0,-1.0,-1.7320508075688772,-2.309401076758503,-3.0,-3.5118845842842465,-4.932882862316247,-2.0816659994661326,-2.0,-2.160246899469287,0.0,0.0,3.366501646120693,-3.4641016151377544,0.0,0.0
994,28,35.0,35.0,36.0,30.0,30.0,31.0,25.0,25.0,26.0,75.0,76.0,77.0,73.0,73.0,76.0,71.0,69.0,73.0,94.0,91.0,97.0,72.0,70.0,75.0,49.0,49.0,52.0,1016.0,1018.0,1021.0,1014.0,1016.0,1019.0,1011.0,1012.0,1015.0,16.0,16.0,16.0,16.0,16.0,16.0,16.0,16.0,13.0,21.0,19.0,21.0,10.0,10.0,10.0,0.0,0.0,0.0,34.5,29.0,23.5,75.0,72.0,67.5,94.0,70.0,45.0,1019.0,1016.0,1012.5,16.0,15.0,9.5,25.0,10.0,0.5,-0.7071067811865476,-1.4142135623730951,-2.1213203435596424,-0.7071067811865476,-1.4142135623730951,-4.743416490252569,2.1213203435596424,-2.449489742783178,-5.656854249492381,4.0,2.449489742783178,2.0,0.0,-1.4142135623730951,-9.192388155425117,5.830951894845301,0.0,0.7071067811865476,-0.816496580927726,-1.2909944487358056,-1.8257418583505538,-0.816496580927726,-2.0816659994661326,-4.509249752822894,-3.0,-3.5118845842842465,-4.932882862316247,2.7688746209726918,1.0,-0.5773502691896257,0.0,-1.1547005383792515,-7.302967433402215,4.618802153517006,0.0,0.5773502691896257
995,27,34.0,35.0,35.0,28.0,30.0,30.0,22.0,25.0,25.0,75.0,75.0,76.0,71.0,73.0,73.0,64.0,71.0,69.0,94.0,94.0,91.0,68.0,72.0,70.0,41.0,49.0,49.0,1022.0,1016.0,1018.0,1018.0,1014.0,1016.0,1014.0,1011.0,1012.0,16.0,16.0,16.0,14.0,16.0,16.0,3.0,16.0,16.0,29.0,21.0,19.0,10.0,10.0,10.0,1.0,0.0,0.0,34.0,27.5,21.5,71.5,68.5,64.0,89.0,66.0,42.5,1022.0,1018.5,1014.5,16.0,15.0,9.5,20.0,6.5,0.5,-0.7071067811865476,-1.5811388300841898,-2.23606797749979,-4.949747468305833,-3.8078865529319543,-4.949747468305833,-7.0710678118654755,-4.0,-5.244044240850758,4.242640687119285,2.9154759474226504,2.23606797749979,0.0,0.0,0.0,-11.40175425099138,-4.949747468305833,0.0,-0.5773502691896257,-1.2909944487358056,-1.8257418583505538,-4.08248290463863,-3.1091263510296048,-3.872983346207417,-5.507570547286102,-3.0550504633038935,-4.281744192888376,3.265986323710904,2.0816659994661326,1.7320508075688772,0.0,0.0,0.0,-9.237604307034012,-4.041451884327381,0.0
996,28,34.0,34.0,35.0,27.0,28.0,30.0,21.0,22.0,25.0,68.0,75.0,75.0,66.0,71.0,73.0,64.0,64.0,71.0,84.0,94.0,94.0,64.0,68.0,72.0,44.0,41.0,49.0,1022.0,1022.0,1016.0,1019.0,1018.0,1014.0,1015.0,1014.0,1011.0,16.0,16.0,16.0,16.0,14.0,16.0,16.0,3.0,16.0,11.0,29.0,21.0,3.0,10.0,10.0,0.0,1.0,0.0,34.0,27.5,21.0,70.5,67.5,65.5,88.5,67.0,45.5,1019.0,1016.5,1013.0,16.0,16.0,16.0,13.5,4.0,0.0,0.0,0.0,-0.7071067811865476,-3.4641016151377544,-2.8284271247461903,2.1213203435596424,-3.082207001484488,3.1622776601683795,3.0,-4.242640687119285,-3.4641016151377544,-2.7386127875258306,0.0,1.4142135623730951,9.192388155425117,-12.227019260637483,-4.743416490252569,-0.7071067811865476,-0.5773502691896257,-1.1547005383792515,-1.8257418583505538,-2.8284271247461903,-2.581988897471611,-3.6514837167011076,-2.516611478423583,1.1547005383792515,-3.9157800414902435,0.0,-1.632993161855452,-1.4142135623730951,0.0,0.0,0.0,-8.850612031567836,-3.872983346207417,0.0
997,29,34.0,34.0,34.0,28.0,27.0,28.0,21.0,21.0,22.0,73.0,68.0,75.0,69.0,66.0,71.0,67.0,64.0,64.0,93.0,84.0,94.0,70.0,64.0,68.0,47.0,44.0,41.0,1016.0,1022.0,1022.0,1014.0,1019.0,1018.0,1011.0,1015.0,1014.0,16.0,16.0,16.0,16.0,16.0,14.0,16.0,16.0,3.0,16.0,11.0,29.0,5.0,3.0,10.0,0.0,0.0,1.0,34.0,28.5,22.0,74.0,70.5,68.0,96.5,71.5,46.5,1016.5,1014.5,1011.5,16.0,16.0,13.0,15.0,5.0,0.0,0.0,1.0,1.4142135623730951,3.8078865529319543,3.0,2.5495097567963922,8.06225774829855,4.743416490252569,2.0,-4.183300132670378,-3.4641016151377544,-2.7386127875258306,0.0,0.0,-4.242640687119285,3.24037034920393,1.4142135623730951,0.0,0.0,0.5773502691896257,1.0,-2.581988897471611,-1.5275252316519468,2.0816659994661326,3.1622776601683795,3.1091263510296048,2.3804761428476167,-3.415650255319866,-2.7688746209726918,-2.160246899469287,0.0,1.1547005383792515,6.658328118479393,-10.04987562112089,-3.872983346207417,-0.5773502691896257
998,29,34.0,34.0,34.0,29.0,28.0,27.0,23.0,21.0,21.0,75.0,73.0,68.0,72.0,69.0,66.0,69.0,67.0,64.0,100.0,93.0,84.0,73.0,70.0,64.0,46.0,47.0,44.0,1017.0,1016.0,1022.0,1015.0,1014.0,1019.0,1012.0,1011.0,1015.0,16.0,16.0,16.0,16.0,16.0,16.0,10.0,16.0,16.0,14.0,16.0,11.0,5.0,5.0,3.0,0.0,0.0,0.0,33.5,29.0,23.5,75.5,71.5,69.0,91.0,69.5,47.5,1017.5,1016.0,1013.0,16.0,16.0,12.0,18.5,5.0,0.0,-0.7071067811865476,0.7071067811865476,1.5811388300841898,1.5811388300841898,2.0,1.4142135623730951,-11.726039399558575,-4.47213595499958,2.0,1.0,1.5811388300841898,1.5811388300841898,0.0,0.0,-3.1622776601683795,6.2048368229954285,0.0,0.0,-0.5773502691896257,0.816496580927726,1.2909944487358056,3.1622776601683795,2.3804761428476167,2.0816659994661326,-8.04155872120988,-1.1547005383792515,2.3804761428476167,-3.366501646120693,-2.581988897471611,-1.9148542155126762,0.0,0.0,-2.581988897471611,5.830951894845301,1.1547005383792515,0.0
999,28,33.0,34.0,34.0,29.0,29.0,28.0,24.0,23.0,21.0,76.0,75.0,73.0,71.0,72.0,69.0,69.0,69.0,67.0,82.0,100.0,93.0,66.0,73.0,70.0,49.0,46.0,47.0,1018.0,1017.0,1016.0,1017.0,1015.0,1014.0,1014.0,1012.0,1011.0,16.0,16.0,16.0,16.0,16.0,16.0,14.0,10.0,16.0,23.0,14.0,16.0,5.0,5.0,5.0,0.0,0.0,0.0,33.5,28.5,23.0,75.0,71.0,69.0,87.5,68.0,47.5,1017.5,1016.0,1013.5,16.0,16.0,9.5,21.0,5.0,0.0,0.0,-0.7071067811865476,-1.224744871391589,-1.224744871391589,-0.7071067811865476,0.0,-10.074720839804943,-4.06201920231798,0.0,0.0,0.0,1.224744871391589,0.0,0.0,-5.70087712549569,5.70087712549569,0.0,0.0,0.0,0.0,0.5773502691896257,0.5773502691896257,1.632993161855452,1.1547005383792515,-7.164728420068226,-2.8284271247461903,-0.5773502691896257,0.5773502691896257,0.5773502691896257,1.1547005383792515,0.0,0.0,-5.802298395176403,4.509249752822894,0.0,0.0
1000,29,34.0,33.0,34.0,28.0,29.0,29.0,22.0,24.0,23.0,74.0,76.0,75.0,71.0,71.0,72.0,69.0,69.0,69.0,93.0,82.0,100.0,70.0,66.0,73.0,46.0,49.0,46.0,1017.0,1018.0,1017.0,1015.0,1017.0,1015.0,1013.0,1014.0,1012.0,16.0,16.0,16.0,16.0,16.0,16.0,5.0,14.0,10.0,19.0,23.0,14.0,5.0,5.0,5.0,0.0,0.0,0.0,34.5,28.5,23.0,74.0,71.0,68.5,93.5,69.5,45.0,1016.5,1014.0,1011.5,16.0,16.0,10.5,16.5,4.0,0.0,1.0,0.0,0.0,-1.4142135623730951,0.0,-0.7071067811865476,7.810249675906654,2.7386127875258306,-2.5495097567963922,-1.0,-2.0,-2.23606797749979,0.0,0.0,4.47213595499958,-4.527692569068709,-1.4142135623730951,0.0,0.5773502691896257,0.0,0.5773502691896257,-1.0,-0.5773502691896257,-0.5773502691896257,-8.205689083394114,-3.366501646120693,-1.1547005383792515,-0.5773502691896257,-1.1547005383792515,-1.4142135623730951,0.0,0.0,4.320493798938574,3.6514837167011076,-1.1547005383792515,0.0
1001,29,35.0,34.0,33.0,29.0,28.0,29.0,24.0,22.0,24.0,74.0,74.0,76.0,71.0,71.0,71.0,68.0,69.0,69.0,94.0,93.0,82.0,69.0,70.0,66.0,44.0,46.0,49.0,1016.0,1017.0,1018.0,1013.0,1015.0,1017.0,1010.0,1013.0,1014.0,16.0,16.0,16.0,16.0,16.0,16.0,16.0,5.0,14.0,14.0,19.0,23.0,3.0,5.0,5.0,0.0,0.0,0.0,35.5,29.0,24.0,74.5,71.5,69.0,92.0,68.0,45.0,1016.0,1013.5,1011.5,16.0,16.0,16.0,12.5,2.5,0.0,1.0,0.7071067811865476,1.4142135623730951,0.7071067811865476,0.7071067811865476,1.224744871391589,-2.7386127875258306,-1.5811388300841898,0.0,-0.7071067811865476,-1.224744871391589,0.0,0.0,0.0,7.7781745930520225,-4.123105625617661,-1.5811388300841898,0.0,1.0,0.0,0.0,-1.0,0.5773502691896257,1.0,5.94418483337567,1.9148542155126762,-1.7320508075688772,-0.816496580927726,-1.5275252316519468,-0.5773502691896257,0.0,0.0,3.6514837167011076,-4.08248290463863,-1.2909944487358056,0.0
1002,31,36.0,35.0,34.0,29.0,29.0,28.0,24.0,24.0,22.0,75.0,74.0,74.0,72.0,71.0,71.0,70.0,68.0,69.0,90.0,94.0,93.0,67.0,69.0,70.0,46.0,44.0,46.0,1016.0,1016.0,1017.0,1014.0,1013.0,1015.0,1013.0,1010.0,1013.0,16.0,16.0,16.0,16.0,16.0,16.0,16.0,16.0,5.0,11.0,14.0,19.0,2.0,3.0,5.0,0.0,0.0,0.0,36.5,30.0,24.0,75.0,72.5,70.5,92.0,68.5,45.5,1016.0,1014.0,1012.5,16.0,16.0,16.0,12.0,2.5,0.0,1.0,1.4142135623730951,0.0,0.7071067811865476,1.0,1.5811388300841898,0.0,1.5811388300841898,1.224744871391589,0.0,0.7071067811865476,2.0,0.0,0.0,0.0,-1.5811388300841898,0.0,0.0,1.0,1.2909944487358056,1.1547005383792515,0.5773502691896257,0.816496580927726,1.1547005383792515,0.5773502691896257,1.1547005383792515,-0.5773502691896257,-0.5773502691896257,-1.0,-0.5773502691896257,0.0,0.0,6.3508529610858835,-3.1622776601683795,-1.1547005383792515,0.0
1003,31,37.0,36.0,35.0,31.0,29.0,29.0,24.0,24.0,24.0,75.0,75.0,74.0,73.0,72.0,71.0,71.0,70.0,68.0,94.0,90.0,94.0,70.0,67.0,69.0,45.0,46.0,44.0,1016.0,1016.0,1016.0,1014.0,1014.0,1013.0,1012.0,1013.0,1010.0,16.0,16.0,16.0,16.0,16.0,16.0,16.0,16.0,16.0,13.0,11.0,14.0,3.0,2.0,3.0,0.0,0.0,0.0,37.0,31.0,24.0,75.0,73.0,71.0,94.0,69.0,43.5,1016.5,1014.5,1013.0,16.0,16.0,16.0,14.5,4.0,0.0,0.7071067811865476,1.4142135623730951,0.0,0.0,0.7071067811865476,0.7071067811865476,2.8284271247461903,1.5811388300841898,-2.23606797749979,0.7071067811865476,0.7071067811865476,1.224744871391589,0.0,0.0,0.0,2.5495097567963922,1.5811388300841898,0.0,0.816496580927726,1.1547005383792515,0.0,0.5773502691896257,0.816496580927726,1.2909944487358056,0.0,0.5773502691896257,-1.4142135623730951,0.5773502691896257,0.816496580927726,2.0,0.0,0.0,0.0,1.1547005383792515,1.1547005383792515,0.0
1004,31,37.0,37.0,36.0,31.0,31.0,29.0,24.0,24.0,24.0,75.0,75.0,75.0,73.0,73.0,72.0,71.0,71.0,70.0,94.0,94.0,90.0,68.0,70.0,67.0,42.0,45.0,46.0,1017.0,1016.0,1016.0,1015.0,1014.0,1014.0,1014.0,1012.0,1013.0,16.0,16.0,16.0,16.0,16.0,16.0,16.0,16.0,16.0,16.0,13.0,11.0,5.0,3.0,2.0,0.0,0.0,0.0,37.0,31.0,24.0,75.0,72.0,68.0,94.0,67.0,40.0,1018.0,1015.5,1014.0,16.0,16.0,16.0,16.0,5.0,0.0,0.0,0.0,0.0,0.0,-1.4142135623730951,-4.242640687119285,0.0,-2.0,-3.5355339059327378,1.5811388300841898,1.0,1.4142135623730951,0.0,0.0,0.0,2.1213203435596424,1.4142135623730951,0.0,0.5773502691896257,1.1547005383792515,0.0,0.0,-1.0,-3.415650255319866,2.309401076758503,0.5773502691896257,-2.943920288775949,1.2909944487358056,0.816496580927726,1.0,0.0,0.0,0.0,2.0816659994661326,1.2909944487358056,0.0
1005,30,37.0,37.0,37.0,31.0,31.0,31.0,24.0,24.0,24.0,75.0,75.0,75.0,71.0,73.0,73.0,65.0,71.0,71.0,94.0,94.0,94.0,66.0,68.0,70.0,38.0,42.0,45.0,1019.0,1017.0,1016.0,1016.0,1015.0,1014.0,1014.0,1014.0,1012.0,16.0,16.0,16.0,16.0,16.0,16.0,16.0,16.0,16.0,16.0,16.0,13.0,5.0,5.0,3.0,0.0,0.0,0.0,36.5,30.5,24.0,75.0,70.0,63.0,92.5,64.0,35.5,1019.0,1016.0,1014.0,16.0,16.0,13.5,16.0,4.0,0.0,-0.7071067811865476,-0.7071067811865476,0.0,0.0,-2.0,-5.0990195135927845,-2.1213203435596424,-3.1622776601683795,-4.527692569068709,1.4142135623730951,0.7071067811865476,0.0,0.0,0.0,-3.5355339059327378,0.0,-1.4142135623730951,0.0,-0.5773502691896257,-0.5773502691896257,0.0,0.0,-1.632993161855452,-4.163331998932265,-1.7320508075688772,-2.8284271247461903,-4.08248290463863,1.2909944487358056,0.816496580927726,1.1547005383792515,0.0,0.0,-2.886751345948129,1.7320508075688772,0.0,0.0
1006,28,36.0,37.0,37.0,30.0,31.0,31.0,24.0,24.0,24.0,75.0,75.0,75.0,69.0,71.0,73.0,61.0,65.0,71.0,91.0,94.0,94.0,62.0,66.0,68.0,33.0,38.0,42.0,1019.0,1019.0,1017.0,1016.0,1016.0,1015.0,1014.0,1014.0,1014.0,16.0,16.0,16.0,16.0,16.0,16.0,11.0,16.0,16.0,16.0,16.0,16.0,3.0,5.0,5.0,0.0,0.0,0.0,35.0,29.0,22.5,74.5,69.0,63.0,87.5,63.0,38.5,1017.5,1015.0,1013.0,16.0,16.0,13.5,19.5,5.5,0.0,-1.5811388300841898,-1.5811388300841898,-2.1213203435596424,-0.7071067811865476,-1.4142135623730951,0.0,-5.385164807134504,-2.449489742783178,6.928203230275509,-2.1213203435596424,-1.4142135623730951,-1.4142135623730951,0.0,0.0,0.0,4.949747468305833,3.24037034920393,0.0,-1.2909944487358056,-1.2909944487358056,-1.7320508075688772,-0.5773502691896257,-1.632993161855452,-3.4641016151377544,-4.396968652757639,-2.309401076758503,5.163977794943222,-1.2909944487358056,-1.0,-1.1547005383792515,0.0,0.0,0.0,4.041451884327381,2.6457513110645907,0.0
1007,29,34.0,36.0,37.0,28.0,30.0,31.0,21.0,24.0,24.0,74.0,75.0,75.0,69.0,69.0,71.0,65.0,61.0,65.0,84.0,91.0,94.0,64.0,62.0,66.0,44.0,33.0,38.0,1016.0,1019.0,1019.0,1014.0,1016.0,1016.0,1012.0,1014.0,1014.0,16.0,16.0,16.0,16.0,16.0,16.0,16.0,11.0,16.0,23.0,16.0,16.0,8.0,3.0,5.0,0.0,0.0,0.0,34.0,28.5,22.5,75.5,71.5,68.5,89.0,68.5,48.0,1016.5,1014.5,1012.0,16.0,15.0,9.5,23.0,8.0,0.5,-1.4142135623730951,-1.224744871391589,0.0,2.0,3.5355339059327378,5.70087712549569,5.049752469181039,6.519202405202649,9.617692030835672,-2.0,-1.224744871391589,-1.4142135623730951,0.0,-1.4142135623730951,-8.48528137423857,4.949747468305833,3.5355339059327378,0.7071067811865476,-1.2909944487358056,-1.1547005383792515,0.0,1.632993161855452,2.6457513110645907,4.041451884327381,3.7416573867739413,4.795831523312719,7.302967433402215,-1.632993161855452,-1.0,-1.1547005383792515,0.0,-1.1547005383792515,-7.505553499465135,4.041451884327381,2.6457513110645907,0.5773502691896257
1008,31,34.0,34.0,36.0,29.0,28.0,30.0,24.0,21.0,24.0,77.0,74.0,75.0,74.0,69.0,69.0,72.0,65.0,61.0,94.0,84.0,91.0,73.0,64.0,62.0,52.0,44.0,33.0,1017.0,1016.0,1019.0,1015.0,1014.0,1016.0,1012.0,1012.0,1014.0,16.0,16.0,16.0,14.0,16.0,16.0,3.0,16.0,11.0,23.0,23.0,16.0,8.0,8.0,3.0,1.0,0.0,0.0,35.0,30.0,24.5,76.5,74.0,72.0,94.0,72.5,50.5,1017.0,1014.5,1012.0,16.0,15.0,4.5,23.5,8.0,0.5,1.4142135623730951,1.5811388300841898,2.23606797749979,2.0,3.5355339059327378,4.949747468305833,7.0710678118654755,6.324555320336759,5.244044240850758,0.7071067811865476,0.0,0.0,0.0,0.0,-8.94427190999916,0.7071067811865476,0.0,0.0,0.0,0.5773502691896257,0.5773502691896257,1.5275252316519468,2.886751345948129,4.654746681256314,4.123105625617661,5.291502622129181,7.659416862050705,-1.632993161855452,-1.1547005383792515,-1.1547005383792515,0.0,0.0,-6.708203932499369,4.08248290463863,2.886751345948129,0.0
1009,26,36.0,34.0,34.0,31.0,29.0,28.0,25.0,24.0,21.0,76.0,77.0,74.0,74.0,74.0,69.0,72.0,72.0,65.0,94.0,94.0,84.0,72.0,73.0,64.0,49.0,52.0,44.0,1017.0,1017.0,1016.0,1014.0,1015.0,1014.0,1012.0,1012.0,1012.0,16.0,16.0,16.0,16.0,14.0,16.0,6.0,3.0,16.0,24.0,23.0,23.0,8.0,8.0,8.0,0.0,1.0,0.0,33.5,28.5,23.0,76.0,73.5,70.5,97.0,77.5,57.0,1017.5,1014.5,1012.5,16.0,15.0,3.0,22.5,7.0,9.5,-3.24037034920393,-3.24037034920393,-2.7386127875258306,-0.7071067811865476,-0.7071067811865476,-2.1213203435596424,4.242640687119285,7.745966692414834,11.113055385446435,0.7071067811865476,0.0,0.7071067811865476,0.0,0.0,-3.6742346141747673,-2.0,-1.4142135623730951,13.416407864998739,-2.6457513110645907,-2.581988897471611,-1.4142135623730951,1.632993161855452,2.8284271247461903,3.6514837167011076,6.733003292241386,8.18535277187245,10.181682899534175,0.816496580927726,0.5773502691896257,0.5773502691896257,0.0,-1.1547005383792515,-8.082903768654761,-1.632993161855452,-1.1547005383792515,10.969655114602888
1010,21,31.0,36.0,34.0,26.0,31.0,29.0,21.0,25.0,24.0,76.0,76.0,77.0,73.0,74.0,74.0,69.0,72.0,72.0,100.0,94.0,94.0,83.0,72.0,73.0,65.0,49.0,52.0,1018.0,1017.0,1017.0,1015.0,1014.0,1015.0,1013.0,1012.0,1012.0,16.0,16.0,16.0,14.0,16.0,14.0,0.0,6.0,3.0,21.0,24.0,23.0,6.0,8.0,8.0,19.0,0.0,1.0,27.0,23.5,20.0,74.0,71.0,65.5,100.0,86.0,71.5,1019.5,1017.0,1015.0,16.0,12.5,1.0,21.0,8.0,25.0,-6.670832032063167,-5.0,-3.1622776601683795,-2.8284271247461903,-2.9154759474226504,-5.385164807134504,4.242640687119285,8.860022573334675,14.577379737113251,2.23606797749979,2.9154759474226504,2.9154759474226504,0.0,-2.5495097567963922,-4.0,-2.1213203435596424,2.449489742783178,15.890248582070704,-5.32290647422377,-3.9157800414902435,-2.516611478423583,-2.3804761428476167,-2.3804761428476167,-4.396968652757639,3.4641016151377544,7.211102550927978,11.775681155103795,1.8257418583505538,2.309401076758503,2.3804761428476167,0.0,-1.7320508075688772,-2.7688746209726918,-1.632993161855452,2.0,12.96148139681572
1011,23,23.0,31.0,36.0,21.0,26.0,31.0,19.0,21.0,25.0,72.0,76.0,76.0,69.0,73.0,74.0,62.0,69.0,72.0,100.0,100.0,94.0,89.0,83.0,72.0,78.0,65.0,49.0,1021.0,1018.0,1017.0,1019.0,1015.0,1014.0,1017.0,1013.0,1012.0,16.0,16.0,16.0,11.0,14.0,16.0,2.0,0.0,6.0,21.0,21.0,24.0,10.0,6.0,8.0,31.0,19.0,0.0,25.0,22.0,19.0,68.0,65.5,61.5,93.5,80.0,66.0,1020.5,1018.5,1016.5,16.0,13.5,9.0,17.5,7.5,15.5,-4.898979485566356,-3.24037034920393,-1.4142135623730951,-6.324555320336759,-5.70087712549569,-5.0,-9.192388155425117,-12.0,-14.265342617687105,2.0,2.7386127875258306,2.7386127875258306,0.0,2.8284271247461903,10.0,-4.949747468305833,-2.1213203435596424,-20.211382931407737,-4.932882862316247,-3.9157800414902435,-2.581988897471611,-5.163977794943222,-4.69041575982343,-4.43471156521669,-6.658328118479393,-7.461009761866464,-7.094598884597588,1.7320508075688772,2.309401076758503,2.309401076758503,0.0,2.0,7.393691004272944,-4.396968652757639,-2.0816659994661326,-12.328828005937952
1012,25,27.0,23.0,31.0,23.0,21.0,26.0,19.0,19.0,21.0,64.0,72.0,76.0,62.0,69.0,73.0,61.0,62.0,69.0,87.0,100.0,100.0,71.0,89.0,83.0,54.0,78.0,65.0,1020.0,1021.0,1018.0,1018.0,1019.0,1015.0,1016.0,1017.0,1013.0,16.0,16.0,16.0,16.0,11.0,14.0,16.0,2.0,0.0,14.0,21.0,21.0,5.0,10.0,6.0,0.0,31.0,19.0,29.5,24.0,18.5,64.5,61.0,56.5,90.0,66.0,41.5,1019.5,1017.5,1016.0,16.0,16.0,16.0,13.5,3.5,0.0,4.527692569068709,2.0,-0.7071067811865476,-5.612486080160912,-5.1478150704935,-6.4031242374328485,-8.154753215150045,-14.560219778561036,-24.50510150968569,-1.0,-1.0,-0.7071067811865476,0.0,3.5355339059327378,9.899494936611665,-5.0,-4.123105625617661,-21.920310216782973,-2.7688746209726918,-2.3804761428476167,-1.2909944487358056,-5.131601439446884,-4.795831523312719,-6.60807586719967,-6.658328118479393,-11.372481406154654,-18.547236990991408,1.5275252316519468,2.160246899469287,2.23606797749979,0.0,2.309401076758503,8.16496580927726,-4.08248290463863,-2.449489742783178,-16.502525059315417
1013,24,32.0,27.0,23.0,25.0,23.0,21.0,18.0,19.0,19.0,65.0,64.0,72.0,60.0,62.0,69.0,52.0,61.0,62.0,93.0,87.0,100.0,61.0,71.0,89.0,29.0,54.0,78.0,1019.0,1020.0,1021.0,1017.0,1018.0,1019.0,1016.0,1016.0,1017.0,16.0,16.0,16.0,16.0,16.0,11.0,16.0,16.0,2.0,13.0,14.0,21.0,2.0,5.0,10.0,0.0,0.0,31.0,31.0,24.5,17.5,63.5,57.5,51.0,90.0,61.0,31.5,1021.0,1019.0,1017.5,16.0,16.0,16.0,16.0,5.0,0.0,3.24037034920393,1.224744871391589,-1.0,-2.0,-3.8078865529319543,-6.519202405202649,0.0,-7.0710678118654755,-17.320508075688775,2.7386127875258306,2.7386127875258306,2.1213203435596424,0.0,0.0,0.0,4.183300132670378,3.6742346141747673,0.0,3.5118845842842465,1.5275252316519468,-0.816496580927726,-4.898979485566356,-5.0990195135927845,-5.354126134736337,-7.505553499465135,-11.88836966675134,-19.79898987322333,2.160246899469287,2.160246899469287,1.632993161855452,0.0,2.886751345948129,8.082903768654761,-2.160246899469287,0.816496580927726,-17.897858344878397
1014,22,30.0,32.0,27.0,24.0,25.0,23.0,17.0,18.0,19.0,62.0,65.0,64.0,55.0,60.0,62.0,50.0,52.0,61.0,87.0,93.0,87.0,61.0,61.0,71.0,34.0,29.0,54.0,1023.0,1019.0,1020.0,1021.0,1017.0,1018.0,1019.0,1016.0,1016.0,16.0,16.0,16.0,16.0,16.0,16.0,16.0,16.0,16.0,19.0,13.0,14.0,8.0,2.0,5.0,0.0,0.0,0.0,29.0,23.0,16.5,58.5,53.5,50.0,80.0,57.5,34.0,1023.0,1021.0,1018.5,16.0,16.0,16.0,16.0,5.5,0.0,-2.0,-1.5811388300841898,-1.0,-5.385164807134504,-4.123105625617661,-1.4142135623730951,-10.770329614269007,-4.949747468305833,3.5355339059327378,2.8284271247461903,2.8284271247461903,2.0,0.0,0.0,0.0,0.0,2.345207879911715,0.0,2.3804761428476167,-0.5773502691896257,-1.0,-4.358898943540674,-3.559026084010437,-5.32290647422377,-8.082903768654761,-7.047458170621991,-14.142135623730951,2.23606797749979,2.23606797749979,1.632993161855452,0.0,0.0,0.0,-0.5773502691896257,0.816496580927726,0.0
1015,21,28.0,30.0,32.0,22.0,24.0,25.0,16.0,17.0,18.0,55.0,62.0,65.0,52.0,55.0,60.0,50.0,50.0,52.0,73.0,87.0,93.0,54.0,61.0,61.0,34.0,34.0,29.0,1023.0,1023.0,1019.0,1021.0,1021.0,1017.0,1018.0,1019.0,1016.0,16.0,16.0,16.0,16.0,16.0,16.0,16.0,16.0,16.0,13.0,19.0,13.0,3.0,8.0,2.0,0.0,0.0,0.0,27.5,21.5,15.5,58.0,54.0,51.5,80.0,59.5,38.0,1021.5,1019.5,1017.0,16.0,16.0,16.0,12.0,2.5,0.0,-1.5811388300841898,-1.5811388300841898,-1.0,-2.5495097567963922,1.8708286933869707,2.1213203435596424,0.0,6.0,5.656854249492381,-2.1213203435596424,-2.1213203435596424,-1.5811388300841898,0.0,0.0,0.0,-4.47213595499958,-3.605551275463989,0.0,-1.7320508075688772,-1.4142135623730951,-1.0,-2.70801280154532,-2.449489742783178,1.2909944487358056,-3.4641016151377544,4.898979485566356,5.446711546122731,1.5275252316519468,1.5275252316519468,1.1547005383792515,0.0,0.0,0.0,-1.1547005383792515,1.8257418583505538,0.0
1016,22,27.0,28.0,30.0,21.0,22.0,24.0,15.0,16.0,17.0,61.0,55.0,62.0,56.0,52.0,55.0,53.0,50.0,50.0,87.0,73.0,87.0,65.0,54.0,61.0,42.0,34.0,34.0,1020.0,1023.0,1023.0,1018.0,1021.0,1021.0,1016.0,1018.0,1019.0,16.0,16.0,16.0,16.0,16.0,16.0,16.0,16.0,16.0,11.0,13.0,19.0,2.0,3.0,8.0,0.0,0.0,0.0,28.0,21.5,14.5,60.5,57.0,53.0,90.0,65.0,39.5,1019.0,1017.5,1015.5,16.0,16.0,16.0,12.0,2.5,0.0,1.224744871391589,0.0,-1.0,4.183300132670378,3.1622776601683795,2.1213203435596424,10.770329614269007,7.7781745930520225,4.415880433163924,-2.5495097567963922,-2.23606797749979,-1.5811388300841898,0.0,0.0,0.0,0.0,0.0,0.0,-0.5773502691896257,-1.1547005383792515,-1.0,-2.160246899469287,1.9148542155126762,1.7320508075688772,3.4641016151377544,4.898979485566356,3.605551275463989,-2.0816659994661326,-1.8257418583505538,-1.4142135623730951,0.0,0.0,0.0,-3.4641016151377544,-2.886751345948129,0.0
1017,24,29.0,27.0,28.0,22.0,21.0,22.0,14.0,15.0,16.0,60.0,61.0,55.0,58.0,56.0,52.0,53.0,53.0,50.0,93.0,87.0,73.0,65.0,65.0,54.0,37.0,42.0,34.0,1018.0,1020.0,1023.0,1017.0,1018.0,1021.0,1015.0,1016.0,1018.0,16.0,16.0,16.0,16.0,16.0,16.0,16.0,16.0,16.0,13.0,11.0,13.0,3.0,2.0,3.0,0.0,0.0,0.0,30.0,23.0,15.5,62.0,59.5,56.0,91.5,65.5,39.5,1016.5,1015.0,1012.5,16.0,16.0,15.0,14.5,4.0,0.0,2.0,1.5811388300841898,2.0,2.7386127875258306,2.5495097567963922,4.242640687119285,3.6742346141747673,0.7071067811865476,0.0,-2.5495097567963922,-2.9154759474226504,-3.605551275463989,0.0,0.0,-1.4142135623730951,2.5495097567963922,1.5811388300841898,0.0,1.5275252316519468,1.1547005383792515,1.5275252316519468,4.123105625617661,3.1091263510296048,3.872983346207417,8.621678104251709,6.377042156569663,4.618802153517006,-2.70801280154532,-2.943920288775949,-3.1622776601683795,0.0,0.0,-1.1547005383792515,1.7320508075688772,1.1547005383792515,0.0
1018,27,31.0,29.0,27.0,24.0,22.0,21.0,17.0,14.0,15.0,64.0,60.0,61.0,61.0,58.0,56.0,59.0,53.0,53.0,90.0,93.0,87.0,66.0,65.0,65.0,42.0,37.0,42.0,1015.0,1018.0,1020.0,1013.0,1017.0,1018.0,1010.0,1015.0,1016.0,16.0,16.0,16.0,16.0,16.0,16.0,14.0,16.0,16.0,16.0,13.0,11.0,5.0,3.0,2.0,0.0,0.0,0.0,32.0,25.5,19.0,68.0,65.0,62.0,90.0,67.5,44.5,1013.0,1011.0,1008.0,16.0,16.0,13.5,17.5,6.5,0.0,2.0,2.5495097567963922,3.5355339059327378,6.324555320336759,6.041522986797286,6.0,-2.1213203435596424,2.23606797749979,5.0,-3.5355339059327378,-4.0,-4.527692569068709,0.0,0.0,-1.5811388300841898,3.0,2.5495097567963922,0.0,2.0,2.160246899469287,2.8284271247461903,5.131601439446884,5.066228051190222,4.898979485566356,3.0,1.8257418583505538,2.886751345948129,-3.1091263510296048,-3.3166247903554,-3.7416573867739413,0.0,0.0,-1.2909944487358056,2.70801280154532,2.160246899469287,0.0
1019,29,33.0,31.0,29.0,27.0,24.0,22.0,21.0,17.0,14.0,72.0,64.0,60.0,69.0,61.0,58.0,65.0,59.0,53.0,90.0,90.0,93.0,69.0,66.0,65.0,47.0,42.0,37.0,1011.0,1015.0,1018.0,1009.0,1013.0,1017.0,1006.0,1010.0,1015.0,16.0,16.0,16.0,16.0,16.0,16.0,13.0,14.0,16.0,19.0,16.0,13.0,8.0,5.0,3.0,0.0,0.0,0.0,33.0,28.0,22.5,73.0,70.5,66.5,92.0,70.5,48.0,1012.5,1010.5,1007.5,16.0,16.0,14.5,20.0,8.0,0.0,1.4142135623730951,2.5495097567963922,3.5355339059327378,5.830951894845301,6.041522986797286,4.743416490252569,2.8284271247461903,3.0,3.8078865529319543,-1.8708286933869707,-1.8708286933869707,-1.8708286933869707,0.0,0.0,2.0,2.5495097567963922,2.1213203435596424,0.0,1.632993161855452,2.3804761428476167,3.366501646120693,5.291502622129181,5.228129047119374,5.196152422706632,1.5275252316519468,2.516611478423583,4.242640687119285,-2.309401076758503,-2.7688746209726918,-3.265986323710904,0.0,0.0,1.1547005383792515,2.70801280154532,2.0816659994661326,0.0
1020,29,33.0,33.0,31.0,29.0,27.0,24.0,24.0,21.0,17.0,74.0,72.0,64.0,72.0,69.0,61.0,68.0,65.0,59.0,94.0,90.0,90.0,72.0,69.0,66.0,49.0,47.0,42.0,1014.0,1011.0,1015.0,1012.0,1009.0,1013.0,1009.0,1006.0,1010.0,16.0,16.0,16.0,16.0,16.0,16.0,16.0,13.0,14.0,21.0,19.0,16.0,8.0,8.0,5.0,0.0,0.0,0.0,33.0,29.0,24.0,74.0,72.0,68.0,94.0,71.5,48.0,1014.5,1012.5,1009.5,16.0,16.0,16.0,23.5,8.0,0.0,0.0,1.4142135623730951,2.1213203435596424,1.4142135623730951,2.1213203435596424,2.1213203435596424,2.8284271247461903,2.0,0.0,2.23606797749979,2.23606797749979,2.23606797749979,0.0,0.0,2.1213203435596424,3.8078865529319543,0.0,0.0,1.1547005383792515,2.0816659994661326,2.886751345948129,4.760952285695233,4.932882862316247,3.872983346207417,2.309401076758503,2.3804761428476167,2.886751345948129,-1.4142135623730951,-1.4142135623730951,-1.4142135623730951,0.0,0.0,1.632993161855452,3.559026084010437,1.7320508075688772,0.0
1021,24,33.0,33.0,33.0,29.0,29.0,27.0,24.0,24.0,21.0,74.0,74.0,72.0,72.0,72.0,69.0,68.0,68.0,65.0,94.0,94.0,90.0,71.0,72.0,69.0,47.0,49.0,47.0,1015.0,1014.0,1011.0,1013.0,1012.0,1009.0,1010.0,1009.0,1006.0,16.0,16.0,16.0,16.0,16.0,16.0,16.0,16.0,13.0,26.0,21.0,19.0,8.0,8.0,8.0,0.0,0.0,0.0,32.5,26.5,20.5,73.5,70.5,63.0,94.0,72.5,50.0,1018.5,1015.0,1011.5,16.0,16.0,13.5,26.0,8.0,0.0,-0.7071067811865476,-3.5355339059327378,-4.949747468305833,-0.7071067811865476,-2.1213203435596424,-7.0710678118654755,0.0,2.0,4.0,5.0,2.9154759474226504,2.23606797749979,0.0,0.0,-3.5355339059327378,3.5355339059327378,0.0,0.0,-0.5773502691896257,-2.6457513110645907,-3.6514837167011076,1.0,0.0,-5.507570547286102,2.309401076758503,2.3804761428476167,3.4641016151377544,4.43471156521669,2.943920288775949,2.516611478423583,0.0,0.0,-2.309401076758503,3.1091263510296048,0.0,0.0
1022,23,32.0,33.0,33.0,24.0,29.0,29.0,17.0,24.0,24.0,73.0,74.0,74.0,69.0,72.0,72.0,58.0,68.0,68.0,94.0,94.0,94.0,74.0,71.0,72.0,53.0,47.0,49.0,1022.0,1015.0,1014.0,1017.0,1013.0,1012.0,1013.0,1010.0,1009.0,16.0,16.0,16.0,16.0,16.0,16.0,11.0,16.0,16.0,26.0,26.0,21.0,8.0,8.0,8.0,0.0,0.0,0.0,31.0,23.5,16.5,68.0,64.5,57.5,92.0,71.5,50.5,1023.0,1019.5,1016.5,16.0,16.0,13.5,20.0,8.0,0.0,-1.5811388300841898,-3.605551275463989,-5.0,-7.106335201775948,-6.708203932499369,-7.106335201775948,-2.8284271247461903,-2.8284271247461903,2.345207879911715,5.1478150704935,4.527692569068709,5.385164807134504,0.0,0.0,0.0,-8.48528137423857,0.0,0.0,-1.2909944487358056,-2.943920288775949,-4.08248290463863,-5.802298395176403,-5.477225575051661,-5.802298395176403,-2.309401076758503,-2.3804761428476167,1.5275252316519468,4.242640687119285,3.7416573867739413,4.43471156521669,0.0,0.0,0.0,-6.298147875897061,0.0,0.0
1023,22,30.0,32.0,33.0,23.0,24.0,29.0,16.0,17.0,24.0,63.0,73.0,74.0,60.0,69.0,72.0,57.0,58.0,68.0,90.0,94.0,94.0,69.0,74.0,71.0,48.0,53.0,47.0,1024.0,1022.0,1015.0,1022.0,1017.0,1013.0,1020.0,1013.0,1010.0,16.0,16.0,16.0,16.0,16.0,16.0,16.0,11.0,16.0,14.0,26.0,26.0,8.0,8.0,8.0,0.0,0.0,0.0,29.5,22.5,15.0,60.5,53.5,49.0,81.5,59.0,36.0,1025.0,1022.5,1020.5,16.0,16.0,16.0,13.5,7.0,0.0,-1.5811388300841898,-1.0,-1.5811388300841898,-7.905694150420948,-11.180339887498949,-11.335784048754634,-12.349089035228468,-14.577379737113251,-17.334935823359714,2.0,3.605551275463989,5.0,0.0,0.0,3.5355339059327378,-8.514693182963201,-1.4142135623730951,0.0,-1.4142135623730951,-3.0,-4.242640687119285,-6.48074069840786,-9.291573243177568,-10.908712114635714,-10.082988974836116,-11.775681155103795,-13.723459233492601,4.358898943540674,3.7416573867739413,4.43471156521669,0.0,0.0,0.0,-6.95221787153807,-1.1547005383792515,0.0
1024,20,29.0,30.0,32.0,22.0,23.0,24.0,14.0,16.0,17.0,58.0,63.0,73.0,47.0,60.0,69.0,41.0,57.0,58.0,73.0,90.0,94.0,49.0,69.0,74.0,24.0,48.0,53.0,1026.0,1024.0,1022.0,1023.0,1022.0,1017.0,1021.0,1020.0,1013.0,16.0,16.0,16.0,16.0,16.0,16.0,16.0,16.0,11.0,13.0,14.0,26.0,6.0,8.0,8.0,0.0,0.0,0.0,29.0,21.0,12.5,55.0,46.5,40.0,78.0,51.0,23.5,1024.5,1022.0,1020.0,16.0,16.0,16.0,12.0,4.0,0.0,-0.7071067811865476,-1.5811388300841898,-2.5495097567963922,-5.522680508593631,-9.219544457292887,-11.40175425099138,-9.72111104761179,-13.856406460551018,-16.98528775146303,-1.5811388300841898,-1.224744871391589,-1.224744871391589,0.0,0.0,0.0,-1.5811388300841898,-3.1622776601683795,0.0,-1.2909944487358056,-1.4142135623730951,-2.160246899469287,-7.32575365861197,-9.146948489341495,-9.327379053088816,-8.266397845091497,-11.67618659209133,-14.165686240583852,-0.5773502691896257,2.70801280154532,3.9157800414902435,0.0,0.0,2.886751345948129,-7.047458170621991,-2.581988897471611,0.0
1025,22,29.0,29.0,30.0,20.0,22.0,23.0,11.0,14.0,16.0,52.0,58.0,63.0,46.0,47.0,60.0,39.0,41.0,57.0,83.0,73.0,90.0,53.0,49.0,69.0,23.0,24.0,48.0,1023.0,1026.0,1024.0,1021.0,1023.0,1022.0,1019.0,1021.0,1020.0,16.0,16.0,16.0,16.0,16.0,16.0,16.0,16.0,16.0,11.0,13.0,14.0,2.0,6.0,8.0,0.0,0.0,0.0,30.0,21.0,11.5,55.5,49.5,43.5,83.0,55.0,26.5,1022.0,1020.0,1018.0,16.0,16.0,16.0,12.5,2.0,0.0,1.4142135623730951,0.0,-2.0,2.5495097567963922,4.898979485566356,6.2048368229954285,7.0710678118654755,4.0,4.898979485566356,-2.5495097567963922,-2.0,-2.0,0.0,0.0,0.0,1.5811388300841898,-2.8284271247461903,0.0,1.0,-0.5773502691896257,-2.0,-2.0,-6.3508529610858835,-7.724420150837645,-7.937253933193772,-11.075498483890767,-13.2664991614216,-1.7320508075688772,-1.5275252316519468,-1.5275252316519468,0.0,0.0,0.0,1.1547005383792515,-2.581988897471611,0.0
1026,24,31.0,29.0,29.0,22.0,20.0,22.0,12.0,11.0,14.0,59.0,52.0,58.0,53.0,46.0,47.0,48.0,39.0,41.0,83.0,83.0,73.0,57.0,53.0,49.0,30.0,23.0,24.0,1021.0,1023.0,1026.0,1019.0,1021.0,1023.0,1017.0,1019.0,1021.0,16.0,16.0,16.0,16.0,16.0,16.0,16.0,16.0,16.0,14.0,11.0,13.0,2.0,2.0,6.0,0.0,0.0,0.0,32.0,23.0,14.0,65.5,59.0,52.5,83.5,61.5,38.5,1020.5,1018.0,1016.0,16.0,16.0,16.0,15.0,3.5,0.0,2.0,2.0,2.9154759474226504,10.44030650891055,9.82344135219425,9.0,0.7071067811865476,6.96419413859206,13.0,-1.5811388300841898,-2.0,-2.0,0.0,0.0,0.0,2.5495097567963922,2.1213203435596424,0.0,1.632993161855452,1.1547005383792515,1.632993161855452,7.788880963698615,8.0,7.2571803523590805,5.802298395176403,6.137317546507322,10.598742063723098,-2.160246899469287,-2.0,-2.0,0.0,0.0,0.0,1.7320508075688772,-1.5275252316519468,0.0
1027,26,33.0,31.0,29.0,24.0,22.0,20.0,16.0,12.0,11.0,72.0,59.0,52.0,65.0,53.0,46.0,57.0,48.0,39.0,84.0,83.0,83.0,66.0,57.0,53.0,47.0,30.0,23.0,1020.0,1021.0,1023.0,1017.0,1019.0,1021.0,1015.0,1017.0,1019.0,16.0,16.0,16.0,16.0,16.0,16.0,16.0,16.0,16.0,16.0,14.0,11.0,5.0,2.0,2.0,0.0,0.0,0.0,32.5,25.0,18.0,72.5,67.0,59.5,89.0,69.5,49.0,1021.0,1018.0,1015.5,16.0,16.0,11.0,17.5,4.0,2.0,1.224744871391589,2.0,4.0,9.219544457292887,8.94427190999916,7.280109889280518,7.106335201775948,8.06225774829855,12.349089035228468,1.224744871391589,0.0,-1.224744871391589,0.0,0.0,-7.0710678118654755,2.5495097567963922,1.5811388300841898,2.8284271247461903,1.5275252316519468,2.0,3.3166247903554,8.54400374531753,8.34665601703261,7.895146188218008,5.802298395176403,6.97614984548545,10.862780491200215,-0.5773502691896257,-1.1547005383792515,-1.5275252316519468,0.0,0.0,-5.773502691896258,2.70801280154532,1.2909944487358056,2.309401076758503
1028,25,32.0,33.0,31.0,26.0,24.0,22.0,20.0,16.0,12.0,73.0,72.0,59.0,69.0,65.0,53.0,62.0,57.0,48.0,94.0,84.0,83.0,73.0,66.0,57.0,51.0,47.0,30.0,1022.0,1020.0,1021.0,1019.0,1017.0,1019.0,1016.0,1015.0,1017.0,16.0,16.0,16.0,16.0,16.0,16.0,6.0,16.0,16.0,19.0,16.0,14.0,3.0,5.0,2.0,4.0,0.0,0.0,31.5,25.5,19.5,72.0,68.0,62.0,97.0,73.5,49.5,1022.5,1019.0,1016.0,16.0,13.5,3.0,21.0,4.0,4.0,-1.0,1.224744871391589,2.7386127875258306,-1.224744871391589,2.449489742783178,3.5355339059327378,8.246211251235321,5.0,1.8708286933869707,1.5811388300841898,1.4142135623730951,0.7071067811865476,0.0,-3.5355339059327378,-8.246211251235321,3.5355339059327378,0.0,2.8284271247461903,0.816496580927726,1.5275252316519468,3.2145502536643185,7.438637868140466,7.211102550927978,5.94418483337567,6.757711644237764,6.60807586719967,9.93310961716756,1.1547005383792515,0.0,-1.0,0.0,-2.886751345948129,-6.733003292241386,3.1091263510296048,1.7320508075688772,2.309401076758503
1029,27,31.0,32.0,33.0,25.0,26.0,24.0,19.0,20.0,16.0,71.0,73.0,72.0,67.0,69.0,65.0,62.0,62.0,57.0,100.0,94.0,84.0,74.0,73.0,66.0,48.0,51.0,47.0,1023.0,1022.0,1020.0,1019.0,1019.0,1017.0,1016.0,1016.0,1015.0,16.0,16.0,16.0,11.0,16.0,16.0,0.0,6.0,16.0,23.0,19.0,16.0,5.0,3.0,5.0,4.0,4.0,0.0,32.0,26.0,20.5,71.0,68.5,64.5,96.5,72.0,47.5,1021.0,1018.0,1014.5,16.0,13.5,8.0,21.0,5.5,2.0,1.224744871391589,1.224744871391589,2.0,-1.4142135623730951,1.5811388300841898,3.5355339059327378,-2.5495097567963922,-2.7386127875258306,-2.23606797749979,-2.7386127875258306,-1.4142135623730951,-2.1213203435596424,0.0,0.0,10.488088481701515,0.0,1.5811388300841898,-2.8284271247461903,0.816496580927726,1.5275252316519468,2.8284271247461903,-1.0,2.6457513110645907,4.08248290463863,5.385164807134504,3.366501646120693,1.4142135623730951,-1.9148542155126762,0.0,-1.632993161855452,0.0,0.0,6.324555320336759,1.7320508075688772,0.5773502691896257,0.0
1030,29,33.0,31.0,32.0,27.0,25.0,26.0,22.0,19.0,20.0,71.0,71.0,73.0,70.0,67.0,69.0,67.0,62.0,62.0,93.0,100.0,94.0,70.0,74.0,73.0,47.0,48.0,51.0,1019.0,1023.0,1022.0,1017.0,1019.0,1019.0,1013.0,1016.0,1016.0,16.0,16.0,16.0,16.0,11.0,16.0,16.0,0.0,6.0,19.0,23.0,19.0,6.0,5.0,3.0,0.0,4.0,4.0,33.5,28.0,23.0,71.5,70.0,65.5,90.0,68.0,45.5,1018.0,1015.5,1012.0,16.0,16.0,16.0,21.0,7.0,0.0,1.5811388300841898,2.0,2.5495097567963922,0.7071067811865476,2.1213203435596424,2.8284271247461903,-6.519202405202649,-4.0,-2.23606797749979,-3.1622776601683795,-2.5495097567963922,-2.5495097567963922,0.0,3.5355339059327378,11.313708498984761,0.0,1.5811388300841898,-2.8284271247461903,1.1547005383792515,1.5275252316519468,2.0,-1.0,1.2909944487358056,2.309401076758503,-4.041451884327381,-3.2145502536643185,-2.516611478423583,-2.516611478423583,-2.0816659994661326,-2.0816659994661326,0.0,0.0,8.563488385776752,2.309401076758503,1.7320508075688772,-2.309401076758503
1031,29,34.0,33.0,31.0,29.0,27.0,25.0,24.0,22.0,19.0,72.0,71.0,71.0,70.0,70.0,67.0,64.0,67.0,62.0,87.0,93.0,100.0,66.0,70.0,74.0,44.0,47.0,48.0,1017.0,1019.0,1023.0,1014.0,1017.0,1019.0,1011.0,1013.0,1016.0,16.0,16.0,16.0,16.0,16.0,11.0,16.0,16.0,0.0,23.0,19.0,23.0,8.0,6.0,5.0,0.0,0.0,4.0,34.0,29.0,23.5,72.0,70.0,63.5,90.0,67.5,44.0,1015.5,1012.5,1009.0,16.0,16.0,16.0,21.0,9.0,0.0,0.7071067811865476,1.4142135623730951,1.224744871391589,0.7071067811865476,0.0,-2.23606797749979,0.0,-1.8708286933869707,-2.1213203435596424,-2.5495097567963922,-3.0,-3.1622776601683795,0.0,0.0,0.0,0.0,2.0,0.0,1.2909944487358056,1.632993161855452,2.0,0.5773502691896257,1.7320508075688772,2.23606797749979,-4.041451884327381,-2.7688746209726918,-1.8257418583505538,-3.1091263510296048,-2.70801280154532,-3.1091263510296048,0.0,2.886751345948129,9.237604307034012,-2.309401076758503,1.7320508075688772,-2.309401076758503
1032,29,34.0,34.0,33.0,29.0,29.0,27.0,23.0,24.0,22.0,72.0,72.0,71.0,70.0,70.0,70.0,63.0,64.0,67.0,93.0,87.0,93.0,69.0,66.0,70.0,44.0,44.0,47.0,1014.0,1017.0,1019.0,1011.0,1014.0,1017.0,1007.0,1011.0,1013.0,16.0,16.0,16.0,16.0,16.0,16.0,16.0,16.0,16.0,19.0,23.0,19.0,10.0,8.0,6.0,0.0,0.0,0.0,34.0,29.0,23.5,72.5,70.5,64.5,90.0,68.0,45.5,1013.5,1011.0,1008.0,16.0,16.0,16.0,20.0,10.0,0.0,0.0,0.0,0.0,0.7071067811865476,0.7071067811865476,2.0,0.0,1.5811388300841898,2.1213203435596424,-2.23606797749979,-2.1213203435596424,-2.449489742783178,0.0,0.0,0.0,-2.449489742783178,1.4142135623730951,0.0,0.5773502691896257,1.1547005383792515,1.1547005383792515,0.816496580927726,0.5773502691896257,-0.5773502691896257,-3.4641016151377544,-1.9148542155126762,0.0,-2.160246899469287,-2.449489742783178,-2.309401076758503,0.0,0.0,0.0,1.1547005383792515,1.632993161855452,0.0
1033,29,34.0,34.0,34.0,29.0,29.0,29.0,24.0,23.0,24.0,73.0,72.0,72.0,71.0,70.0,70.0,66.0,63.0,64.0,87.0,93.0,87.0,67.0,69.0,66.0,47.0,44.0,44.0,1013.0,1014.0,1017.0,1011.0,1011.0,1014.0,1009.0,1007.0,1011.0,16.0,16.0,16.0,16.0,16.0,16.0,16.0,16.0,16.0,21.0,19.0,23.0,10.0,10.0,8.0,0.0,0.0,0.0,33.5,29.0,24.0,73.5,71.0,66.0,90.5,69.0,47.0,1014.5,1012.5,1010.5,16.0,16.0,16.0,20.0,9.0,0.0,-0.7071067811865476,0.0,0.7071067811865476,1.0,0.7071067811865476,2.1213203435596424,2.5495097567963922,2.449489742783178,2.1213203435596424,2.0,2.1213203435596424,2.5495097567963922,0.0,0.0,0.0,0.0,-1.4142135623730951,0.0,-0.5773502691896257,0.0,0.0,0.816496580927726,0.5773502691896257,1.632993161855452,4.041451884327381,2.6457513110645907,1.7320508075688772,-0.5773502691896257,0.0,-1.0,0.0,0.0,0.0,-2.309401076758503,0.0,0.0
1034,23,33.0,34.0,34.0,29.0,29.0,29.0,24.0,24.0,23.0,74.0,73.0,72.0,71.0,71.0,70.0,66.0,66.0,63.0,94.0,87.0,93.0,71.0,67.0,69.0,47.0,47.0,44.0,1016.0,1013.0,1014.0,1014.0,1011.0,1011.0,1012.0,1009.0,1007.0,16.0,16.0,16.0,16.0,16.0,16.0,16.0,16.0,16.0,19.0,21.0,19.0,8.0,10.0,10.0,0.0,0.0,0.0,30.5,26.0,21.0,72.0,66.0,55.0,93.5,65.5,36.5,1019.5,1016.0,1013.0,16.0,16.0,16.0,23.0,9.5,0.0,-3.605551275463989,-4.242640687119285,-4.242640687119285,-2.7386127875258306,-7.0710678118654755,-15.556349186104045,4.898979485566356,-7.245688373094719,-14.849242404917497,5.385164807134504,3.5355339059327378,2.5495097567963922,0.0,0.0,0.0,5.477225575051661,1.5811388300841898,0.0,-2.943920288775949,-3.4641016151377544,-3.415650255319866,-2.160246899469287,-5.744562646538029,-12.583057392117917,2.0,-6.027713773341708,-12.0,4.358898943540674,2.886751345948129,2.3804761428476167,0.0,0.0,0.0,4.618802153517006,1.2909944487358056,0.0
1035,18,28.0,33.0,34.0,23.0,29.0,29.0,18.0,24.0,24.0,70.0,74.0,73.0,61.0,71.0,71.0,44.0,66.0,66.0,93.0,94.0,87.0,60.0,71.0,67.0,26.0,47.0,47.0,1023.0,1016.0,1013.0,1018.0,1014.0,1011.0,1014.0,1012.0,1009.0,16.0,16.0,16.0,16.0,16.0,16.0,16.0,16.0,16.0,27.0,19.0,21.0,11.0,8.0,10.0,0.0,0.0,0.0,26.5,20.5,15.0,58.5,53.0,42.5,82.0,55.0,27.0,1024.5,1021.0,1017.5,16.0,16.0,16.0,20.5,8.0,0.0,-4.123105625617661,-5.522680508593631,-6.0,-16.507574019219177,-13.341664064126334,-15.700318468107582,-15.572411502397436,-10.51189802081432,-14.781745499094482,5.385164807134504,5.0990195135927845,5.1478150704935,0.0,0.0,0.0,-7.245688373094719,-3.6742346141747673,0.0,-3.415650255319866,-4.509249752822894,-4.898979485566356,-13.466006584482772,-10.893423092245461,-12.819256348686274,-12.055427546683417,-8.266397845091497,-12.069244660154448,4.725815626252608,4.509249752822894,4.546060565661952,0.0,0.0,0.0,-6.027713773341708,-3.2145502536643185,0.0
1036,18,25.0,28.0,33.0,18.0,23.0,29.0,12.0,18.0,24.0,47.0,70.0,74.0,45.0,61.0,71.0,41.0,44.0,66.0,71.0,93.0,94.0,50.0,60.0,71.0,28.0,26.0,47.0,1026.0,1023.0,1016.0,1024.0,1018.0,1014.0,1021.0,1014.0,1012.0,16.0,16.0,16.0,16.0,16.0,16.0,16.0,16.0,16.0,14.0,27.0,19.0,5.0,11.0,8.0,0.0,0.0,0.0,26.0,18.0,10.0,47.5,45.0,41.0,78.5,53.5,27.5,1025.0,1023.0,1020.0,16.0,16.0,16.0,14.0,4.0,0.0,-1.5811388300841898,-3.5355339059327378,-5.0990195135927845,-16.24807680927192,-11.313708498984761,-2.1213203435596424,-11.379806676741042,-5.049752469181039,1.224744871391589,1.5811388300841898,4.0,4.743416490252569,0.0,0.0,0.0,-9.192388155425117,-4.47213595499958,0.0,-3.1622776601683795,-4.509249752822894,-5.41602560309064,-13.466006584482772,-10.893423092245461,-12.819256348686274,-9.309493362512628,-7.571877794400365,-12.083045973594572,4.242640687119285,4.0,4.041451884327381,0.0,0.0,0.0,-5.916079783099616,-3.2145502536643185,0.0
1037,21,27.0,25.0,28.0,18.0,18.0,23.0,8.0,12.0,18.0,48.0,47.0,70.0,45.0,45.0,61.0,41.0,41.0,44.0,86.0,71.0,93.0,57.0,50.0,60.0,27.0,28.0,26.0,1024.0,1026.0,1023.0,1022.0,1024.0,1018.0,1019.0,1021.0,1014.0,16.0,16.0,16.0,16.0,16.0,16.0,16.0,16.0,16.0,14.0,14.0,27.0,3.0,5.0,11.0,0.0,0.0,0.0,28.0,19.5,10.5,55.0,50.0,44.0,86.0,60.0,33.0,1023.5,1021.5,1019.5,16.0,16.0,16.0,17.5,4.0,0.0,2.0,2.1213203435596424,2.1213203435596424,9.924716620639604,7.0710678118654755,4.242640687119285,10.606601717798213,6.519202405202649,8.455767262643882,-1.5811388300841898,-1.5811388300841898,-1.224744871391589,0.0,0.0,0.0,4.949747468305833,0.0,0.0,-0.5773502691896257,-2.309401076758503,-3.0,-10.519822558706334,-7.211102550927978,3.0,-9.291573243177568,-2.23606797749979,7.0,1.1547005383792515,3.2145502536643185,3.9157800414902435,0.0,0.0,0.0,-6.324555320336759,-3.4641016151377544,0.0
1038,25,29.0,27.0,25.0,21.0,18.0,18.0,13.0,8.0,12.0,62.0,48.0,47.0,55.0,45.0,45.0,47.0,41.0,41.0,86.0,86.0,71.0,63.0,57.0,50.0,39.0,27.0,28.0,1023.0,1024.0,1026.0,1021.0,1022.0,1024.0,1020.0,1019.0,1021.0,16.0,16.0,16.0,16.0,16.0,16.0,16.0,16.0,16.0,21.0,14.0,14.0,5.0,3.0,5.0,0.0,0.0,0.0,29.5,23.0,16.0,64.5,59.5,54.0,89.5,67.0,43.5,1023.5,1021.5,1020.5,16.0,16.0,16.0,18.5,5.5,0.0,1.5811388300841898,3.5355339059327378,5.522680508593631,10.51189802081432,9.513148795220223,10.770329614269007,4.949747468305833,7.0710678118654755,10.606601717798213,0.0,0.0,1.0,0.0,0.0,0.0,3.4641016151377544,1.5811388300841898,0.0,1.7320508075688772,2.886751345948129,3.872983346207417,8.602325267042627,7.767453465154029,8.793937305515279,9.556847457887633,7.047458170621991,8.640987597877148,-1.1547005383792515,-1.1547005383792515,-0.816496580927726,0.0,0.0,0.0,2.8284271247461903,0.5773502691896257,0.0
1039,25,30.0,29.0,27.0,25.0,21.0,18.0,19.0,13.0,8.0,67.0,62.0,48.0,64.0,55.0,45.0,61.0,47.0,41.0,93.0,86.0,86.0,71.0,63.0,57.0,48.0,39.0,27.0,1024.0,1023.0,1024.0,1022.0,1021.0,1022.0,1021.0,1020.0,1019.0,16.0,16.0,16.0,16.0,16.0,16.0,16.0,16.0,16.0,16.0,21.0,14.0,6.0,5.0,3.0,0.0,0.0,0.0,30.0,25.0,19.0,66.5,63.5,60.0,96.5,71.5,46.0,1024.0,1021.5,1019.5,16.0,14.5,9.0,16.0,5.5,0.0,0.7071067811865476,2.8284271247461903,4.242640687119285,3.4641016151377544,6.324555320336759,9.797958971132712,7.0,5.70087712549569,5.70087712549569,0.7071067811865476,0.0,-2.0,0.0,-2.1213203435596424,-9.899494936611665,-3.5355339059327378,0.0,0.0,1.2909944487358056,2.886751345948129,4.509249752822894,8.563488385776752,7.745966692414834,8.717797887081348,5.715476066494082,5.802298395176403,8.34665601703261,0.0,-0.5773502691896257,-1.5275252316519468,0.0,-1.7320508075688772,-8.082903768654761,2.8284271247461903,1.1547005383792515,0.0
1040,24,30.0,30.0,29.0,25.0,25.0,21.0,19.0,19.0,13.0,66.0,67.0,62.0,63.0,64.0,55.0,59.0,61.0,47.0,100.0,93.0,86.0,72.0,71.0,63.0,44.0,48.0,39.0,1024.0,1024.0,1023.0,1021.0,1022.0,1021.0,1018.0,1021.0,1020.0,16.0,16.0,16.0,13.0,16.0,16.0,2.0,16.0,16.0,16.0,16.0,21.0,5.0,6.0,5.0,0.0,0.0,0.0,30.5,24.5,18.5,66.0,62.5,59.5,96.5,70.5,44.0,1023.0,1020.5,1017.5,16.0,14.5,9.0,16.0,4.0,0.0,0.7071067811865476,-0.7071067811865476,-0.7071067811865476,-0.7071067811865476,-1.0,-1.224744871391589,0.0,-2.0,-2.8284271247461903,-1.4142135623730951,-1.0,-2.23606797749979,0.0,0.0,0.0,0.0,-1.5811388300841898,0.0,0.816496580927726,2.23606797749979,3.415650255319866,2.8284271247461903,5.131601439446884,8.020806277010642,4.041451884327381,4.320493798938574,4.654746681256314,-1.0,-0.5773502691896257,-1.7320508075688772,0.0,0.0,0.0,-2.886751345948129,-1.1547005383792515,0.0
1041,24,31.0,30.0,30.0,24.0,25.0,25.0,18.0,19.0,19.0,66.0,66.0,67.0,62.0,63.0,64.0,60.0,59.0,61.0,93.0,100.0,93.0,69.0,72.0,71.0,44.0,44.0,48.0,1022.0,1024.0,1024.0,1020.0,1021.0,1022.0,1017.0,1018.0,1021.0,16.0,16.0,16.0,16.0,13.0,16.0,16.0,2.0,16.0,16.0,16.0,16.0,3.0,5.0,6.0,0.0,0.0,0.0,31.0,24.0,18.0,66.5,62.0,59.0,93.0,68.5,43.5,1023.0,1020.5,1018.5,16.0,16.0,16.0,15.0,4.0,0.0,0.7071067811865476,-0.7071067811865476,-0.7071067811865476,0.7071067811865476,-0.7071067811865476,-1.224744871391589,-4.949747468305833,-2.23606797749979,-0.7071067811865476,0.0,0.0,2.0,0.0,2.1213203435596424,9.899494936611665,-1.4142135623730951,0.0,0.0,0.5773502691896257,-0.5773502691896257,-0.5773502691896257,0.0,-0.816496580927726,-1.5275252316519468,0.0,-1.7320508075688772,-2.3804761428476167,0.0,-0.5773502691896257,-0.5773502691896257,0.0,0.0,0.0,-1.1547005383792515,-0.5773502691896257,0.0
1042,23,31.0,31.0,30.0,24.0,24.0,25.0,18.0,18.0,19.0,67.0,66.0,66.0,62.0,62.0,63.0,58.0,60.0,59.0,93.0,93.0,100.0,68.0,69.0,72.0,43.0,44.0,44.0,1024.0,1022.0,1024.0,1021.0,1020.0,1021.0,1020.0,1017.0,1018.0,16.0,16.0,16.0,16.0,16.0,13.0,16.0,16.0,2.0,14.0,16.0,16.0,5.0,3.0,5.0,0.0,0.0,0.0,30.5,23.5,17.0,65.5,61.0,57.5,91.5,67.5,43.5,1024.0,1021.0,1019.5,16.0,16.0,16.0,16.5,4.0,0.0,-0.7071067811865476,-0.7071067811865476,-1.4142135623730951,-2.0,-1.4142135623730951,-1.5811388300841898,-2.1213203435596424,-1.0,0.0,1.4142135623730951,0.7071067811865476,2.0,0.0,0.0,0.0,3.24037034920393,0.0,0.0,0.0,-0.816496580927726,-1.2909944487358056,-1.632993161855452,-1.2909944487358056,-1.1547005383792515,-4.396968652757639,-1.9148542155126762,0.0,0.0,0.0,1.5275252316519468,0.0,1.7320508075688772,8.082903768654761,2.6457513110645907,-1.1547005383792515,0.0
1043,24,30.0,31.0,31.0,23.0,24.0,24.0,16.0,18.0,18.0,64.0,67.0,66.0,60.0,62.0,62.0,57.0,58.0,60.0,90.0,93.0,93.0,67.0,68.0,69.0,44.0,43.0,44.0,1024.0,1024.0,1022.0,1021.0,1021.0,1020.0,1019.0,1020.0,1017.0,16.0,16.0,16.0,16.0,16.0,16.0,16.0,16.0,16.0,19.0,14.0,16.0,3.0,5.0,3.0,0.0,0.0,0.0,30.0,23.5,17.0,64.5,61.0,57.5,91.5,67.5,43.0,1023.0,1020.5,1018.5,16.0,16.0,14.5,19.0,3.0,0.0,-0.7071067811865476,0.0,0.0,-2.0,0.0,0.0,0.0,0.0,-1.224744871391589,-1.4142135623730951,-0.7071067811865476,-1.0,0.0,0.0,-2.1213203435596424,3.5355339059327378,-1.4142135623730951,0.0,-0.5773502691896257,0.0,0.0,-1.5275252316519468,0.0,-1.1547005383792515,0.0,-0.5773502691896257,-1.1547005383792515,0.0,0.0,1.5275252316519468,0.0,0.0,-1.7320508075688772,2.6457513110645907,0.0,0.0
1044,24,30.0,30.0,31.0,24.0,23.0,24.0,18.0,16.0,18.0,65.0,64.0,67.0,62.0,60.0,62.0,58.0,57.0,58.0,93.0,90.0,93.0,68.0,67.0,68.0,42.0,44.0,43.0,1022.0,1024.0,1024.0,1020.0,1021.0,1021.0,1018.0,1019.0,1020.0,16.0,16.0,16.0,16.0,16.0,16.0,13.0,16.0,16.0,19.0,19.0,14.0,3.0,3.0,5.0,0.0,0.0,0.0,30.5,24.0,18.0,66.0,62.5,56.0,96.5,67.5,38.0,1022.0,1020.0,1018.0,16.0,16.0,13.0,17.5,3.0,0.0,0.7071067811865476,0.7071067811865476,1.4142135623730951,1.5811388300841898,1.5811388300841898,-2.7386127875258306,5.385164807134504,0.0,-5.830951894845301,-1.4142135623730951,-0.7071067811865476,-0.7071067811865476,0.0,0.0,-2.1213203435596424,-2.1213203435596424,0.0,0.0,0.0,0.0,0.0,-1.1547005383792515,0.5773502691896257,-2.309401076758503,4.041451884327381,-0.5773502691896257,-4.725815626252608,-1.1547005383792515,-0.5773502691896257,-0.816496580927726,0.0,0.0,-1.7320508075688772,2.309401076758503,-1.1547005383792515,0.0
1045,23,31.0,30.0,30.0,24.0,24.0,23.0,18.0,18.0,16.0,67.0,65.0,64.0,63.0,62.0,60.0,54.0,58.0,57.0,100.0,93.0,90.0,67.0,68.0,67.0,34.0,42.0,44.0,1022.0,1022.0,1024.0,1020.0,1020.0,1021.0,1018.0,1018.0,1019.0,16.0,16.0,16.0,16.0,16.0,16.0,13.0,13.0,16.0,16.0,19.0,19.0,3.0,3.0,3.0,0.0,0.0,0.0,30.5,23.5,17.0,68.0,62.5,56.0,100.0,69.5,39.0,1021.0,1019.0,1016.5,16.0,14.5,6.5,17.5,4.0,0.0,0.0,-0.7071067811865476,-1.4142135623730951,2.0,0.0,0.0,4.949747468305833,3.4641016151377544,4.242640687119285,-1.4142135623730951,-1.4142135623730951,-2.1213203435596424,0.0,-2.1213203435596424,-9.192388155425117,0.0,1.4142135623730951,0.0,0.0,0.0,0.0,1.7320508075688772,1.1547005383792515,0.5773502691896257,4.396968652757639,2.886751345948129,3.265986323710904,-1.632993161855452,-1.2909944487358056,-1.8257418583505538,0.0,-1.7320508075688772,-7.702813338860896,0.0,1.1547005383792515,0.0
1046,27,30.0,31.0,30.0,23.0,24.0,24.0,16.0,18.0,18.0,69.0,67.0,65.0,62.0,63.0,62.0,58.0,54.0,58.0,100.0,100.0,93.0,72.0,67.0,68.0,44.0,34.0,42.0,1020.0,1022.0,1022.0,1018.0,1020.0,1020.0,1015.0,1018.0,1018.0,16.0,16.0,16.0,13.0,16.0,16.0,0.0,13.0,13.0,19.0,16.0,19.0,5.0,3.0,3.0,0.0,0.0,0.0,31.5,25.0,19.0,71.0,66.5,61.0,100.0,72.0,44.0,1018.5,1016.5,1014.0,16.0,13.5,1.0,21.5,6.5,4.0,2.0,2.7386127875258306,4.0,3.1622776601683795,6.324555320336759,5.0990195135927845,0.0,3.5355339059327378,7.0710678118654755,-2.5495097567963922,-2.5495097567963922,-2.5495097567963922,0.0,-2.0,-9.082951062292475,4.123105625617661,2.5495097567963922,5.656854249492381,1.7320508075688772,2.23606797749979,3.265986323710904,2.8284271247461903,5.196152422706632,3.4641016151377544,4.041451884327381,2.8284271247461903,3.4641016151377544,-2.0816659994661326,-2.0816659994661326,-2.0816659994661326,0.0,-1.632993161855452,-7.416198487095663,2.886751345948129,2.0816659994661326,4.618802153517006
1047,27,33.0,30.0,31.0,27.0,23.0,24.0,22.0,16.0,18.0,73.0,69.0,67.0,71.0,62.0,63.0,64.0,58.0,54.0,100.0,100.0,100.0,72.0,72.0,67.0,44.0,44.0,34.0,1017.0,1020.0,1022.0,1015.0,1018.0,1020.0,1013.0,1015.0,1018.0,16.0,16.0,16.0,14.0,13.0,16.0,2.0,0.0,13.0,24.0,19.0,16.0,8.0,5.0,3.0,8.0,0.0,0.0,32.0,27.0,22.5,73.5,71.5,66.5,100.0,75.0,49.5,1019.0,1016.5,1014.5,16.0,14.0,5.0,21.5,9.0,4.0,1.5811388300841898,2.8284271247461903,4.301162633521313,2.9154759474226504,6.4031242374328485,5.522680508593631,0.0,4.242640687119285,7.7781745930520225,1.8708286933869707,0.0,1.5811388300841898,0.0,0.7071067811865476,4.47213595499958,0.0,2.5495097567963922,0.0,1.1547005383792515,2.23606797749979,3.3166247903554,2.6457513110645907,5.196152422706632,5.066228051190222,0.0,4.509249752822894,8.582928793055823,1.0,-1.1547005383792515,-1.1547005383792515,0.0,-1.632993161855452,-6.557438524302,1.7320508075688772,2.3804761428476167,0.0
1048,23,31.0,33.0,30.0,27.0,27.0,23.0,23.0,22.0,16.0,74.0,73.0,69.0,72.0,71.0,62.0,69.0,64.0,58.0,100.0,100.0,100.0,78.0,72.0,72.0,55.0,44.0,44.0,1021.0,1017.0,1020.0,1018.0,1015.0,1018.0,1016.0,1013.0,1015.0,16.0,16.0,16.0,14.0,14.0,13.0,8.0,2.0,0.0,19.0,24.0,19.0,10.0,8.0,5.0,0.0,8.0,0.0,29.0,25.0,21.5,73.5,71.0,67.5,96.5,81.0,64.5,1022.5,1020.0,1018.0,16.0,13.5,4.0,22.5,9.0,13.5,-3.1622776601683795,-2.8284271247461903,-2.0,0.0,-1.224744871391589,2.8284271247461903,-4.949747468305833,6.0,15.524174696260024,3.5355339059327378,3.5355339059327378,3.5355339059327378,0.0,-0.7071067811865476,-3.7416573867739413,3.4641016151377544,0.0,18.23458252881047,-1.9148542155126762,0.0,3.0550504633038935,2.309401076758503,5.0990195135927845,4.163331998932265,-4.041451884327381,4.898979485566356,12.675435561221029,2.309401076758503,2.309401076758503,2.6457513110645907,0.0,0.0,-2.8284271247461903,4.041451884327381,1.7320508075688772,15.588457268119896
1049,22,27.0,31.0,33.0,23.0,27.0,27.0,20.0,23.0,22.0,73.0,74.0,73.0,70.0,72.0,71.0,66.0,69.0,64.0,93.0,100.0,100.0,84.0,78.0,72.0,74.0,55.0,44.0,1024.0,1021.0,1017.0,1022.0,1018.0,1015.0,1020.0,1016.0,1013.0,16.0,16.0,16.0,13.0,14.0,14.0,0.0,8.0,2.0,26.0,19.0,24.0,8.0,10.0,8.0,27.0,0.0,8.0,25.0,22.5,20.0,70.0,68.0,65.0,93.0,86.5,79.0,1025.0,1023.0,1021.5,16.0,13.5,5.0,19.5,7.0,13.5,-4.0,-2.9154759474226504,-2.1213203435596424,-4.301162633521313,-3.1622776601683795,-2.5495097567963922,-4.949747468305833,5.522680508593631,15.182226450688976,2.5495097567963922,3.1622776601683795,3.5355339059327378,0.0,0.0,4.242640687119285,-7.745966692414834,-2.0,0.0,-3.4641016151377544,-2.3804761428476167,-1.632993161855452,-3.4641016151377544,-2.516611478423583,2.0,-4.041451884327381,5.686240703077327,13.92838827718412,3.1091263510296048,3.1091263510296048,3.366501646120693,0.0,0.0,4.898979485566356,-6.95221787153807,-1.1547005383792515,-4.618802153517006
1050,20,23.0,27.0,31.0,22.0,23.0,27.0,20.0,20.0,23.0,67.0,73.0,74.0,66.0,70.0,72.0,64.0,66.0,69.0,93.0,93.0,100.0,89.0,84.0,78.0,84.0,74.0,55.0,1026.0,1024.0,1021.0,1024.0,1022.0,1018.0,1023.0,1020.0,1016.0,16.0,16.0,16.0,14.0,13.0,14.0,10.0,0.0,8.0,13.0,26.0,19.0,6.0,8.0,10.0,0.0,27.0,0.0,22.5,21.0,18.5,67.5,66.0,61.5,96.5,90.0,82.5,1025.5,1023.5,1022.0,16.0,12.0,6.0,12.0,4.5,3.0,-2.9154759474226504,-1.5811388300841898,-2.1213203435596424,-4.183300132670378,-2.8284271247461903,-3.8078865529319543,4.949747468305833,3.8078865529319543,6.745368781616021,1.224744871391589,1.224744871391589,1.5811388300841898,0.0,-2.7386127875258306,4.242640687119285,-9.300537618869138,-2.5495097567963922,-18.614510468986285,-3.3166247903554,-2.6457513110645907,-2.449489742783178,-3.4641016151377544,-2.581988897471611,-3.559026084010437,0.0,4.654746681256314,12.274635093014645,2.0,2.516611478423583,2.6457513110645907,0.0,-2.309401076758503,-3.0550504633038935,-6.429100507328637,-2.3804761428476167,3.4641016151377544
1051,20,22.0,23.0,27.0,20.0,22.0,23.0,17.0,20.0,20.0,68.0,67.0,73.0,66.0,66.0,70.0,59.0,64.0,66.0,100.0,93.0,93.0,91.0,89.0,84.0,81.0,84.0,74.0,1025.0,1026.0,1024.0,1023.0,1024.0,1022.0,1021.0,1023.0,1020.0,16.0,16.0,16.0,10.0,14.0,13.0,2.0,10.0,0.0,11.0,13.0,26.0,3.0,6.0,8.0,6.0,0.0,27.0,23.0,20.0,16.0,67.5,63.0,58.0,96.5,88.0,78.5,1023.5,1021.5,1019.5,16.0,13.0,5.0,15.0,3.0,4.0,1.224744871391589,-1.4142135623730951,-2.5495097567963922,0.0,-4.242640687119285,-3.8078865529319543,0.0,-4.0,-4.123105625617661,-2.23606797749979,-2.23606797749979,-2.5495097567963922,0.0,3.1622776601683795,-3.7416573867739413,5.477225575051661,-2.1213203435596424,3.1622776601683795,-2.0816659994661326,-1.2909944487358056,-2.0816659994661326,-3.4641016151377544,-4.163331998932265,-3.3166247903554,0.0,-1.5275252316519468,4.69041575982343,-1.4142135623730951,-1.4142135623730951,-1.1547005383792515,0.0,2.6457513110645907,4.898979485566356,-6.027713773341708,-2.0816659994661326,-15.37313674346694
1052,19,24.0,22.0,23.0,20.0,20.0,22.0,15.0,17.0,20.0,67.0,68.0,67.0,60.0,66.0,66.0,57.0,59.0,64.0,93.0,100.0,93.0,85.0,91.0,89.0,76.0,81.0,84.0,1022.0,1025.0,1026.0,1020.0,1023.0,1024.0,1018.0,1021.0,1023.0,16.0,16.0,16.0,16.0,10.0,14.0,8.0,2.0,10.0,19.0,11.0,13.0,3.0,3.0,6.0,2.0,6.0,0.0,23.0,19.5,15.5,68.0,62.5,59.0,96.5,89.5,81.5,1021.5,1019.5,1017.5,16.0,12.0,5.0,15.0,3.0,2.0,0.0,-0.7071067811865476,-1.224744871391589,1.224744871391589,-2.345207879911715,2.449489742783178,0.0,4.743416490252569,6.928203230275509,-2.23606797749979,-2.23606797749979,-2.23606797749979,0.0,-3.7416573867739413,0.0,0.0,0.0,-2.8284271247461903,-0.5773502691896257,-1.2909944487358056,-2.0,1.1547005383792515,-1.9148542155126762,-2.0816659994661326,4.041451884327381,4.041451884327381,5.385164807134504,-1.9148542155126762,-1.9148542155126762,-2.160246899469287,0.0,-3.8297084310253524,-4.618802153517006,-1.1547005383792515,-1.7320508075688772,2.581988897471611
1053,19,22.0,24.0,22.0,19.0,20.0,20.0,16.0,15.0,17.0,69.0,67.0,68.0,65.0,60.0,66.0,61.0,57.0,59.0,100.0,93.0,100.0,94.0,85.0,91.0,87.0,76.0,81.0,1021.0,1022.0,1025.0,1019.0,1020.0,1023.0,1017.0,1018.0,1021.0,16.0,16.0,16.0,8.0,16.0,10.0,2.0,8.0,2.0,11.0,19.0,11.0,3.0,3.0,3.0,2.0,2.0,6.0,21.5,19.0,16.5,67.5,64.5,61.5,100.0,93.0,85.5,1022.0,1020.0,1018.0,16.0,10.5,2.5,13.5,4.5,7.0,-1.5811388300841898,-0.7071067811865476,1.0,-1.5811388300841898,3.4641016151377544,2.9154759474226504,4.949747468305833,6.2048368229954285,7.483314773547883,1.224744871391589,1.224744871391589,1.224744871391589,0.0,-4.415880433163924,-4.183300132670378,-4.415880433163924,2.1213203435596424,7.0710678118654755,-0.5773502691896257,-0.5773502691896257,-0.816496580927726,-1.4142135623730951,-2.0,2.0816659994661326,0.0,3.696845502136472,5.385164807134504,-1.4142135623730951,-1.4142135623730951,-1.4142135623730951,0.0,-1.0,0.5773502691896257,2.886751345948129,1.7320508075688772,5.291502622129181
1054,17,21.0,22.0,24.0,19.0,19.0,20.0,17.0,16.0,15.0,66.0,69.0,67.0,64.0,65.0,60.0,62.0,61.0,57.0,100.0,100.0,93.0,92.0,94.0,85.0,84.0,87.0,76.0,1023.0,1021.0,1022.0,1021.0,1019.0,1020.0,1019.0,1017.0,1018.0,16.0,16.0,16.0,13.0,8.0,16.0,3.0,2.0,8.0,16.0,11.0,19.0,6.0,3.0,3.0,12.0,2.0,2.0,19.5,18.0,16.5,64.0,62.5,60.0,100.0,93.0,85.5,1024.5,1022.5,1020.5,16.0,11.5,2.5,16.0,8.0,8.0,-2.23606797749979,-1.4142135623730951,0.0,-3.5355339059327378,-2.23606797749979,-2.7386127875258306,0.0,0.0,0.0,2.5495097567963922,2.5495097567963922,2.5495097567963922,0.0,2.8284271247461903,0.0,3.5355339059327378,3.5355339059327378,4.242640687119285,-2.160246899469287,-1.2909944487358056,0.5773502691896257,-2.6457513110645907,2.23606797749979,0.5773502691896257,4.041451884327381,5.196152422706632,6.3508529610858835,2.0,2.0,2.0,0.0,-4.0,-3.4641016151377544,-3.605551275463989,2.886751345948129,3.4641016151377544
1055,18,18.0,21.0,22.0,17.0,19.0,19.0,16.0,17.0,16.0,62.0,66.0,69.0,61.0,64.0,65.0,58.0,62.0,61.0,100.0,100.0,100.0,94.0,92.0,94.0,87.0,84.0,87.0,1026.0,1023.0,1021.0,1024.0,1021.0,1019.0,1022.0,1019.0,1017.0,16.0,16.0,16.0,10.0,13.0,8.0,2.0,3.0,2.0,16.0,16.0,11.0,10.0,6.0,3.0,4.0,12.0,2.0,20.0,17.5,14.5,60.0,58.0,55.5,95.0,83.0,70.0,1026.5,1025.0,1023.0,16.0,13.0,7.5,14.5,7.5,2.0,1.8708286933869707,-1.224744871391589,-2.23606797749979,-4.0,-4.743416490252569,-4.527692569068709,-7.0710678118654755,-15.491933384829668,-23.947860029656095,2.23606797749979,2.5495097567963922,2.5495097567963922,0.0,3.6742346141747673,7.745966692414834,-2.1213203435596424,-2.1213203435596424,-6.324555320336759,1.4142135623730951,-1.0,-1.7320508075688772,-3.696845502136472,-3.9157800414902435,-3.6514837167011076,-5.773502691896258,-12.701705922171767,-19.629909152447276,2.160246899469287,2.3804761428476167,2.3804761428476167,0.0,4.163331998932265,6.3508529610858835,2.309401076758503,0.0,2.581988897471611
1056,18,22.0,18.0,21.0,18.0,17.0,19.0,13.0,16.0,17.0,58.0,62.0,66.0,55.0,61.0,64.0,53.0,58.0,62.0,90.0,100.0,100.0,72.0,94.0,92.0,53.0,87.0,84.0,1027.0,1026.0,1023.0,1026.0,1024.0,1021.0,1024.0,1022.0,1019.0,16.0,16.0,16.0,16.0,10.0,13.0,13.0,2.0,3.0,13.0,16.0,16.0,5.0,10.0,6.0,0.0,4.0,12.0,22.5,18.0,13.0,59.0,56.0,53.5,95.0,75.5,55.0,1026.5,1025.0,1023.0,16.0,14.5,8.0,13.0,4.0,0.0,2.9154759474226504,0.7071067811865476,-2.1213203435596424,-2.449489742783178,-4.0,-3.4641016151377544,0.0,-14.747881203752625,-23.874672772626646,0.0,0.0,0.0,0.0,3.6742346141747673,3.24037034920393,-2.1213203435596424,-3.8078865529319543,-2.8284271247461903,1.632993161855452,-1.0,-1.8257418583505538,-3.0550504633038935,-3.696845502136472,-3.6514837167011076,0.0,-11.986103064243467,-19.4164878389476,1.7320508075688772,1.7320508075688772,1.7320508075688772,0.0,2.449489742783178,2.581988897471611,-1.7320508075688772,-2.0816659994661326,-5.163977794943222
1057,19,23.0,22.0,18.0,18.0,18.0,17.0,13.0,13.0,16.0,60.0,58.0,62.0,57.0,55.0,61.0,54.0,53.0,58.0,100.0,90.0,100.0,79.0,72.0,94.0,57.0,53.0,87.0,1026.0,1027.0,1026.0,1024.0,1026.0,1024.0,1022.0,1024.0,1022.0,16.0,16.0,16.0,13.0,16.0,10.0,3.0,13.0,2.0,13.0,13.0,16.0,3.0,5.0,10.0,0.0,0.0,4.0,24.0,18.5,13.5,59.0,57.0,54.0,96.5,75.5,53.5,1025.5,1023.5,1022.0,16.0,13.0,2.5,13.5,4.5,0.0,1.5811388300841898,0.7071067811865476,0.7071067811865476,0.0,1.4142135623730951,0.7071067811865476,5.049752469181039,0.0,-4.06201920231798,-1.0,-1.5811388300841898,-1.4142135623730951,0.0,-2.1213203435596424,-7.106335201775948,0.7071067811865476,1.5811388300841898,0.0,2.6457513110645907,0.816496580927726,-1.632993161855452,-2.309401076758503,-3.265986323710904,-2.8284271247461903,-4.041451884327381,-12.701705922171767,-19.908122295518815,-0.5773502691896257,-0.5773502691896257,0.0,0.0,3.0,2.581988897471611,-1.632993161855452,-2.581988897471611,-2.309401076758503
1058,18,25.0,23.0,22.0,19.0,18.0,18.0,14.0,13.0,13.0,58.0,60.0,58.0,57.0,57.0,55.0,54.0,54.0,53.0,93.0,100.0,90.0,72.0,79.0,72.0,50.0,57.0,53.0,1025.0,1026.0,1027.0,1023.0,1024.0,1026.0,1022.0,1022.0,1024.0,16.0,16.0,16.0,13.0,13.0,16.0,2.0,3.0,13.0,14.0,13.0,13.0,6.0,3.0,5.0,0.0,0.0,0.0,24.5,18.5,13.0,58.0,56.0,53.0,93.0,73.5,53.5,1025.0,1022.5,1021.0,16.0,14.5,8.0,12.5,4.5,0.0,1.224744871391589,0.0,-1.224744871391589,-1.4142135623730951,-1.4142135623730951,-1.4142135623730951,-4.949747468305833,-4.47213595499958,0.0,-0.7071067811865476,-1.0,-1.4142135623730951,0.0,2.1213203435596424,8.455767262643882,-2.0,0.0,0.0,1.1547005383792515,0.0,-1.0,0.0,0.0,-1.0,4.123105625617661,1.7320508075688772,2.309401076758503,-0.816496580927726,-1.4142135623730951,-1.632993161855452,0.0,0.0,3.7859388972001824,-1.632993161855452,-1.1547005383792515,0.0
1059,21,24.0,25.0,23.0,18.0,19.0,18.0,12.0,14.0,13.0,58.0,58.0,60.0,55.0,57.0,57.0,52.0,54.0,54.0,93.0,93.0,100.0,75.0,72.0,79.0,57.0,50.0,57.0,1025.0,1025.0,1026.0,1022.0,1023.0,1024.0,1020.0,1022.0,1022.0,16.0,16.0,16.0,16.0,13.0,13.0,14.0,2.0,3.0,11.0,14.0,13.0,3.0,6.0,3.0,0.0,0.0,0.0,26.0,19.5,12.5,60.0,56.5,53.5,96.5,74.5,52.5,1023.0,1020.5,1018.0,16.0,13.0,7.0,12.5,3.0,0.0,2.7386127875258306,2.0,-1.224744871391589,2.8284271247461903,1.5811388300841898,1.5811388300841898,4.949747468305833,2.0,-4.0,-2.8284271247461903,-2.23606797749979,-3.1622776601683795,0.0,-3.6742346141747673,-5.0990195135927845,0.0,-2.1213203435596424,0.0,2.516611478423583,1.7320508075688772,-0.816496580927726,2.0,1.2909944487358056,1.2909944487358056,0.0,-3.696845502136472,-5.196152422706632,-2.3804761428476167,-1.9148542155126762,-2.581988897471611,0.0,-3.0,-4.203173404306164,0.5773502691896257,0.0,0.0
1060,23,28.0,24.0,25.0,21.0,18.0,19.0,13.0,12.0,14.0,62.0,58.0,58.0,58.0,55.0,57.0,55.0,52.0,54.0,100.0,93.0,93.0,74.0,75.0,72.0,48.0,57.0,50.0,1021.0,1025.0,1025.0,1019.0,1022.0,1023.0,1016.0,1020.0,1022.0,16.0,16.0,16.0,10.0,16.0,13.0,0.0,14.0,2.0,14.0,11.0,14.0,3.0,3.0,6.0,0.0,0.0,0.0,29.0,22.0,14.0,60.0,56.5,53.0,93.5,67.0,40.0,1020.5,1018.0,1016.0,16.0,13.0,8.0,13.5,3.0,0.0,3.1622776601683795,2.5495097567963922,1.5811388300841898,0.0,0.0,-1.8708286933869707,-7.745966692414834,-9.924716620639604,-12.98075498574717,-2.9154759474226504,-2.5495097567963922,-2.8284271247461903,0.0,0.0,5.477225575051661,2.0,0.0,0.0,2.516611478423583,2.0,0.5773502691896257,0.0,-1.1547005383792515,-1.9148542155126762,-6.324555320336759,-7.916228058025278,-9.797958971132712,-2.3804761428476167,-2.160246899469287,-2.581988897471611,0.0,1.7320508075688772,8.246211251235321,-0.5773502691896257,-1.7320508075688772,0.0
1061,22,30.0,28.0,24.0,23.0,21.0,18.0,15.0,13.0,12.0,58.0,62.0,58.0,55.0,58.0,55.0,51.0,55.0,52.0,87.0,100.0,93.0,60.0,74.0,75.0,32.0,48.0,57.0,1020.0,1021.0,1025.0,1017.0,1019.0,1022.0,1016.0,1016.0,1020.0,16.0,16.0,16.0,16.0,10.0,16.0,16.0,0.0,14.0,13.0,14.0,11.0,3.0,3.0,3.0,0.0,0.0,0.0,30.0,22.5,14.0,57.5,53.5,50.0,86.5,59.0,31.0,1018.5,1016.0,1014.5,16.0,16.0,16.0,13.5,4.0,0.0,1.4142135623730951,1.224744871391589,0.0,-2.9154759474226504,-3.0,-3.1622776601683795,-9.219544457292887,-10.0,-11.40175425099138,-2.23606797749979,-2.0,-2.1213203435596424,0.0,4.242640687119285,11.313708498984761,0.0,1.4142135623730951,0.0,2.581988897471611,2.0,0.5773502691896257,-0.5773502691896257,-1.7320508075688772,-1.9148542155126762,-6.3508529610858835,-8.18535277187245,-10.661457061146317,-2.943920288775949,-2.3804761428476167,-2.886751345948129,0.0,0.0,4.47213595499958,1.7320508075688772,1.1547005383792515,0.0
1062,21,30.0,30.0,28.0,22.0,23.0,21.0,13.0,15.0,13.0,57.0,58.0,62.0,52.0,55.0,58.0,49.0,51.0,55.0,86.0,87.0,100.0,58.0,60.0,74.0,30.0,32.0,48.0,1017.0,1020.0,1021.0,1015.0,1017.0,1019.0,1013.0,1016.0,1016.0,16.0,16.0,16.0,16.0,16.0,10.0,16.0,16.0,0.0,14.0,13.0,14.0,5.0,3.0,3.0,0.0,0.0,0.0,29.0,21.5,13.5,61.5,56.5,51.5,93.0,66.0,38.5,1016.0,1014.0,1011.0,16.0,15.0,9.0,19.0,8.0,0.0,-1.4142135623730951,-1.0,-1.224744871391589,6.324555320336759,6.0,3.24037034920393,9.874208829065749,11.224972160321824,11.937336386313323,-2.5495097567963922,-2.0,-3.5355339059327378,0.0,-1.4142135623730951,-9.899494936611665,7.106335201775948,4.47213595499958,0.0,0.0,0.816496580927726,0.5773502691896257,4.618802153517006,4.58257569495584,1.2909944487358056,2.943920288775949,4.320493798938574,3.1091263510296048,-2.160246899469287,-2.0,-2.886751345948129,0.0,3.265986323710904,4.47213595499958,5.773502691896258,3.6514837167011076,0.0
1063,19,28.0,30.0,30.0,21.0,22.0,23.0,14.0,13.0,15.0,66.0,57.0,58.0,61.0,52.0,55.0,54.0,49.0,51.0,100.0,86.0,87.0,74.0,58.0,60.0,47.0,30.0,32.0,1015.0,1017.0,1020.0,1013.0,1015.0,1017.0,1009.0,1013.0,1016.0,16.0,16.0,16.0,14.0,16.0,16.0,2.0,16.0,16.0,24.0,14.0,13.0,11.0,5.0,3.0,0.0,0.0,0.0,27.0,20.0,12.5,67.0,58.0,42.5,95.0,68.0,40.5,1023.5,1016.0,1011.0,16.0,15.0,9.0,25.5,11.0,0.0,-2.0,-1.5811388300841898,-2.0,6.519202405202649,4.743416490252569,-15.874507866387544,6.928203230275509,7.483314773547883,7.745966692414834,11.937336386313323,4.0,0.0,0.0,0.0,0.0,7.3824115301167,4.242640687119285,0.0,-1.632993161855452,-1.4142135623730951,-2.0,5.291502622129181,3.4641016151377544,-13.012814197295423,5.627314338711377,6.0,6.2182527020592095,9.591663046625438,3.0550504633038935,-1.7320508075688772,0.0,0.0,0.0,6.0553007081949835,3.6514837167011076,0.0
1064,11,26.0,28.0,30.0,19.0,21.0,22.0,11.0,14.0,13.0,68.0,66.0,57.0,55.0,61.0,52.0,31.0,54.0,49.0,90.0,100.0,86.0,62.0,74.0,58.0,34.0,47.0,30.0,1032.0,1015.0,1017.0,1019.0,1013.0,1015.0,1013.0,1009.0,1013.0,16.0,16.0,16.0,16.0,14.0,16.0,16.0,2.0,16.0,27.0,24.0,14.0,11.0,11.0,5.0,0.0,0.0,0.0,21.5,15.0,8.0,50.5,42.5,28.5,78.5,54.0,29.5,1034.5,1026.5,1022.5,16.0,16.0,16.0,24.0,9.5,0.0,-6.519202405202649,-5.830951894845301,-4.743416490252569,-24.708298201211672,-18.179658962697843,-16.64331697709324,-17.7341478509682,-14.142135623730951,-11.180339887498949,12.529964086141668,11.423659658795863,13.729530217745982,0.0,1.4142135623730951,9.899494936611665,-3.6742346141747673,-2.1213203435596424,0.0,-5.446711546122731,-4.795831523312719,-3.8297084310253524,-19.493588689617926,-13.90443574307614,-13.279056191361393,-12.013880860626733,-6.928203230275509,3.605551275463989,10.16530045465127,9.255628917943215,10.969655114602888,0.0,0.0,0.0,4.932882862316247,3.0,0.0
1065,11,17.0,26.0,28.0,11.0,19.0,21.0,5.0,11.0,14.0,33.0,68.0,66.0,30.0,55.0,61.0,26.0,31.0,54.0,67.0,90.0,100.0,46.0,62.0,74.0,25.0,34.0,47.0,1037.0,1032.0,1015.0,1034.0,1019.0,1013.0,1032.0,1013.0,1009.0,16.0,16.0,16.0,16.0,16.0,14.0,16.0,16.0,2.0,21.0,27.0,24.0,8.0,11.0,11.0,0.0,0.0,0.0,18.0,11.0,3.5,34.5,31.0,26.5,76.0,50.5,24.5,1034.5,1031.0,1027.5,16.0,16.0,16.0,18.5,5.5,0.0,-6.2048368229954285,-5.656854249492381,-4.743416490252569,-24.657656011875904,-17.621010186706094,-3.4641016151377544,-10.124228365658293,-9.354143466934854,-6.4031242374328485,0.0,9.72111104761179,11.832159566199232,0.0,0.0,0.0,-5.522680508593631,-4.123105625617661,0.0,-5.196152422706632,-4.760952285695233,-4.242640687119285,-20.09975124224178,-14.798648586948742,-13.576941236277534,-10.082988974836116,-10.311805532172013,-9.146948489341495,9.814954576223638,8.660254037844387,9.93310961716756,0.0,1.1547005383792515,8.082903768654761,-4.163331998932265,-3.366501646120693,0.0
1066,16,19.0,17.0,26.0,11.0,11.0,19.0,2.0,5.0,11.0,36.0,33.0,68.0,32.0,30.0,55.0,27.0,26.0,31.0,85.0,67.0,90.0,55.0,46.0,62.0,24.0,25.0,34.0,1032.0,1037.0,1032.0,1028.0,1034.0,1019.0,1023.0,1032.0,1013.0,16.0,16.0,16.0,16.0,16.0,16.0,16.0,16.0,16.0,16.0,21.0,27.0,3.0,8.0,11.0,0.0,0.0,0.0,22.0,13.5,4.5,46.5,40.0,31.5,84.5,59.5,33.5,1027.0,1023.5,1019.5,16.0,16.0,16.0,18.5,5.5,0.0,4.47213595499958,3.5355339059327378,2.8284271247461903,15.0,11.40175425099138,6.4031242374328485,12.708265027138834,9.0,13.416407864998739,-7.905694150420948,-7.648529270389178,-8.06225774829855,0.0,0.0,0.0,0.0,0.0,0.0,-3.696845502136472,-3.605551275463989,-2.581988897471611,-16.072751268321593,-11.030261405182864,4.358898943540674,-8.286535263104035,-5.597618541248888,9.643650760992955,-5.773502691896258,6.0,8.774964387392123,0.0,0.0,0.0,-3.4641016151377544,-1.7320508075688772,0.0
1067,21,25.0,19.0,17.0,16.0,11.0,11.0,7.0,2.0,5.0,57.0,36.0,33.0,48.0,32.0,30.0,36.0,27.0,26.0,84.0,85.0,67.0,64.0,55.0,46.0,43.0,24.0,25.0,1022.0,1032.0,1037.0,1019.0,1028.0,1034.0,1016.0,1023.0,1032.0,16.0,16.0,16.0,16.0,16.0,16.0,16.0,16.0,16.0,21.0,16.0,21.0,8.0,3.0,8.0,0.0,0.0,0.0,24.5,18.5,12.0,63.0,56.0,46.5,90.5,73.5,56.0,1018.5,1016.5,1013.5,16.0,15.0,9.5,21.0,8.0,6.0,4.183300132670378,5.0,7.905694150420948,17.10263137648707,16.0,16.15549442140351,9.16515138991168,14.866068747318506,22.7705950734714,-8.631338250816034,-7.280109889280518,-6.082762530298219,0.0,-1.4142135623730951,-9.192388155425117,3.5355339059327378,3.5355339059327378,8.48528137423857,3.605551275463989,4.08248290463863,6.2182527020592095,14.071247279470288,13.114877048604,13.203534880225574,12.806248474865697,13.203534880225574,18.583146486355137,-7.615773105863909,-6.879922480183431,-7.187952884282608,0.0,-1.1547005383792515,-7.505553499465135,0.0,0.0,6.928203230275509
1068,17,24.0,25.0,19.0,21.0,16.0,11.0,17.0,7.0,2.0,69.0,57.0,36.0,64.0,48.0,32.0,57.0,36.0,27.0,97.0,84.0,85.0,83.0,64.0,55.0,69.0,43.0,24.0,1015.0,1022.0,1032.0,1014.0,1019.0,1028.0,1011.0,1016.0,1023.0,16.0,16.0,16.0,14.0,16.0,16.0,3.0,16.0,16.0,21.0,21.0,16.0,8.0,8.0,3.0,12.0,0.0,0.0,23.5,19.0,14.0,69.0,59.0,51.0,98.5,77.0,55.0,1019.0,1017.0,1013.0,16.0,14.0,3.0,22.0,6.5,7.5,-1.0,2.1213203435596424,5.656854249492381,8.48528137423857,8.831760866327848,12.186057606953941,9.433981132056603,10.41633332799983,-7.3484692283495345,2.7386127875258306,2.345207879911715,-2.1213203435596424,0.0,-1.4142135623730951,-9.192388155425117,1.4142135623730951,-2.1213203435596424,5.612486080160912,3.366501646120693,3.366501646120693,5.446711546122731,13.96424004376894,11.718930554164631,11.224972160321824,7.681145747868608,9.966610925150702,9.183318209303941,-5.32290647422377,-4.83045891539648,-4.396968652757639,0.0,-1.1547005383792515,-7.505553499465135,3.1091263510296048,2.309401076758503,4.58257569495584
1069,16,23.0,24.0,25.0,17.0,21.0,16.0,11.0,17.0,7.0,69.0,69.0,57.0,54.0,64.0,48.0,45.0,57.0,36.0,100.0,97.0,84.0,71.0,83.0,64.0,41.0,69.0,43.0,1023.0,1015.0,1022.0,1020.0,1014.0,1019.0,1015.0,1011.0,1016.0,16.0,16.0,16.0,14.0,14.0,16.0,3.0,3.0,16.0,23.0,21.0,21.0,5.0,8.0,8.0,3.0,12.0,0.0,23.5,16.5,9.5,64.5,53.0,45.0,96.5,70.5,43.5,1024.0,1021.0,1017.5,16.0,15.0,9.5,18.0,3.5,1.5,0.0,-2.9154759474226504,-4.743416490252569,-6.363961030678928,-7.211102550927978,-8.48528137423857,-4.47213595499958,-8.514693182963201,-19.480759738778158,5.830951894845301,4.47213595499958,4.527692569068709,0.0,1.4142135623730951,9.192388155425117,-6.928203230275509,-3.0,-6.708203932499369,-0.5773502691896257,1.632993161855452,4.281744192888376,4.58257569495584,7.118052168020874,9.9498743710662,6.557438524302,8.48528137423857,-5.259911279353167,2.516611478423583,2.23606797749979,2.309401076758503,0.0,0.0,0.0,-5.656854249492381,-2.449489742783178,4.242640687119285
1070,16,24.0,23.0,24.0,16.0,17.0,21.0,8.0,11.0,17.0,60.0,69.0,69.0,52.0,54.0,64.0,45.0,45.0,57.0,93.0,100.0,97.0,70.0,71.0,83.0,46.0,41.0,69.0,1025.0,1023.0,1015.0,1022.0,1020.0,1014.0,1020.0,1015.0,1011.0,16.0,16.0,16.0,16.0,14.0,14.0,16.0,3.0,3.0,13.0,23.0,21.0,2.0,5.0,8.0,0.0,3.0,12.0,21.5,16.0,10.5,60.0,54.5,47.0,95.0,78.5,61.5,1027.0,1024.5,1021.5,16.0,16.0,13.0,14.5,4.0,0.5,-3.4641016151377544,-0.7071067811865476,2.8284271247461903,-6.363961030678928,3.24037034920393,2.8284271247461903,-4.06201920231798,12.0,22.20360331117452,3.1622776601683795,3.8078865529319543,4.123105625617661,0.0,1.4142135623730951,8.154753215150045,-6.745368781616021,1.8708286933869707,-2.0,-2.886751345948129,-2.3804761428476167,-2.581988897471611,-5.196152422706632,-5.131601439446884,-6.531972647421808,-2.8284271247461903,6.928203230275509,8.205689083394114,5.291502622129181,4.654746681256314,4.08248290463863,0.0,1.1547005383792515,6.658328118479393,-5.385164807134504,-0.816496580927726,-5.446711546122731
1071,17,19.0,24.0,23.0,16.0,16.0,17.0,13.0,8.0,11.0,60.0,60.0,69.0,57.0,52.0,54.0,49.0,45.0,45.0,97.0,93.0,100.0,87.0,70.0,71.0,77.0,46.0,41.0,1029.0,1025.0,1023.0,1027.0,1022.0,1020.0,1023.0,1020.0,1015.0,16.0,16.0,16.0,16.0,16.0,14.0,10.0,16.0,3.0,16.0,13.0,23.0,6.0,2.0,5.0,1.0,0.0,3.0,20.0,16.5,12.5,58.0,54.0,48.0,90.0,78.0,66.0,1029.0,1026.5,1022.5,16.0,16.0,13.0,13.5,4.5,0.5,-3.24037034920393,0.7071067811865476,3.4641016151377544,-2.8284271247461903,-2.345207879911715,2.449489742783178,-9.486832980505138,-4.183300132670378,15.443445211480501,2.8284271247461903,3.4641016151377544,2.0,0.0,0.0,0.0,-2.8284271247461903,1.8708286933869707,0.0,-2.581988897471611,0.0,2.23606797749979,-5.686240703077327,-2.23606797749979,2.0,-8.736894948054104,-3.4641016151377544,12.935738607954837,2.581988897471611,3.0550504633038935,3.3166247903554,0.0,1.1547005383792515,7.505553499465135,-6.2182527020592095,-0.816496580927726,-1.7320508075688772
1072,19,21.0,19.0,24.0,17.0,16.0,16.0,12.0,13.0,8.0,56.0,60.0,60.0,51.0,57.0,52.0,47.0,49.0,45.0,83.0,97.0,93.0,69.0,87.0,70.0,55.0,77.0,46.0,1029.0,1029.0,1025.0,1026.0,1027.0,1022.0,1022.0,1023.0,1020.0,16.0,16.0,16.0,16.0,16.0,16.0,16.0,10.0,16.0,11.0,16.0,13.0,3.0,6.0,2.0,0.0,1.0,0.0,22.5,18.0,12.5,60.5,55.0,49.0,84.5,72.0,59.5,1025.5,1020.0,1013.5,16.0,16.0,16.0,17.0,6.5,0.0,2.5495097567963922,1.5811388300841898,0.0,5.70087712549569,3.7416573867739413,2.449489742783178,-9.669539802906858,-12.0,-14.19506956657839,-4.949747468305833,-8.514693182963201,-12.041594578792296,0.0,0.0,4.242640687119285,7.713624310270756,4.47213595499958,-0.7071067811865476,-2.0,1.2909944487358056,2.886751345948129,4.654746681256314,4.203173404306164,3.0550504633038935,-7.54983443527075,0.5773502691896257,13.638181696985855,-3.3166247903554,-6.324555320336759,-9.678154093971983,0.0,0.0,0.0,6.531972647421808,4.320493798938574,0.0
1073,18,24.0,21.0,19.0,19.0,17.0,16.0,13.0,12.0,13.0,65.0,56.0,60.0,59.0,51.0,57.0,51.0,47.0,49.0,86.0,83.0,97.0,75.0,69.0,87.0,64.0,55.0,77.0,1022.0,1029.0,1029.0,1014.0,1026.0,1027.0,1005.0,1022.0,1023.0,16.0,16.0,16.0,16.0,16.0,16.0,16.0,16.0,10.0,23.0,11.0,16.0,10.0,3.0,6.0,0.0,0.0,1.0,25.0,18.5,12.0,65.5,54.0,42.0,85.0,64.0,42.5,1013.0,1007.5,1002.5,16.0,16.0,16.0,25.0,10.0,0.0,2.5495097567963922,1.224744871391589,-1.224744871391589,6.4031242374328485,-4.242640687119285,-12.409673645990857,1.5811388300841898,-14.966629547095765,-29.732137494637012,-13.656500283747663,-12.509996003196804,-12.529964086141668,0.0,0.0,0.0,8.94427190999916,4.949747468305833,0.0,2.3804761428476167,1.1547005383792515,-1.1547005383792515,4.69041575982343,-4.898979485566356,-10.198039027185569,-7.979139469057215,-16.041612554021285,-27.39829678404602,-11.150485789118488,-10.23067283548187,-10.246950765959598,0.0,0.0,3.4641016151377544,6.708203932499369,3.6514837167011076,-0.5773502691896257
1074,18,26.0,24.0,21.0,18.0,19.0,17.0,11.0,13.0,12.0,66.0,65.0,56.0,49.0,59.0,51.0,33.0,51.0,47.0,84.0,86.0,83.0,53.0,75.0,69.0,21.0,64.0,55.0,1004.0,1022.0,1029.0,1001.0,1014.0,1026.0,1000.0,1005.0,1022.0,16.0,16.0,16.0,16.0,16.0,16.0,16.0,16.0,16.0,27.0,23.0,11.0,10.0,10.0,3.0,0.0,0.0,0.0,26.0,18.0,10.0,57.0,45.5,35.5,82.0,53.0,23.0,1006.5,1003.0,1001.0,16.0,16.0,16.0,20.0,7.5,0.0,1.4142135623730951,-0.7071067811865476,-2.0,-12.708265027138834,-8.631338250816034,-12.227019260637483,-3.1622776601683795,-15.556349186104045,-30.273751006441206,-12.227019260637483,-8.74642784226795,-3.24037034920393,0.0,0.0,0.0,-9.486832980505138,-3.5355339059327378,0.0,2.0816659994661326,1.0,-1.5275252316519468,-8.981462390204987,-5.32290647422377,-9.71253485622231,-1.9148542155126762,-12.220201853215574,-24.166091947189145,-10.770329614269007,-9.9498743710662,-10.16530045465127,0.0,0.0,0.0,-3.4641016151377544,2.8284271247461903,0.0
1075,13,26.0,26.0,24.0,18.0,18.0,19.0,9.0,11.0,13.0,48.0,66.0,65.0,42.0,49.0,59.0,38.0,33.0,51.0,80.0,84.0,86.0,53.0,53.0,75.0,25.0,21.0,64.0,1009.0,1004.0,1022.0,1005.0,1001.0,1014.0,1002.0,1000.0,1005.0,16.0,16.0,16.0,16.0,16.0,16.0,16.0,16.0,16.0,13.0,27.0,23.0,5.0,10.0,10.0,0.0,0.0,0.0,22.5,15.5,7.5,45.0,37.5,32.0,73.0,49.0,24.5,1014.5,1011.0,1006.0,16.0,16.0,16.0,17.0,5.5,0.0,-4.949747468305833,-3.5355339059327378,-2.5495097567963922,-13.416407864998739,-8.06225774829855,-7.713624310270756,-10.295630140987,-5.656854249492381,2.7386127875258306,8.54400374531753,8.94427190999916,5.830951894845301,0.0,0.0,0.0,-8.12403840463596,-3.4641016151377544,0.0,-3.872983346207417,-2.943920288775949,-2.3804761428476167,-10.939226054281294,-8.755950357709132,-12.151817422372122,-8.48528137423857,-13.515423288475528,-24.725155880870265,-7.702813338860896,-1.7320508075688772,3.7859388972001824,0.0,0.0,0.0,-6.2182527020592095,-2.8284271247461903,0.0
1076,12,19.0,26.0,26.0,13.0,18.0,18.0,6.0,9.0,11.0,42.0,48.0,66.0,33.0,42.0,49.0,26.0,38.0,33.0,66.0,80.0,84.0,45.0,53.0,53.0,24.0,25.0,21.0,1020.0,1009.0,1004.0,1017.0,1005.0,1001.0,1010.0,1002.0,1000.0,16.0,16.0,16.0,16.0,16.0,16.0,16.0,16.0,16.0,21.0,13.0,27.0,6.0,5.0,10.0,0.0,0.0,0.0,20.0,12.5,4.5,42.5,33.5,28.5,75.5,50.5,25.5,1020.5,1018.0,1013.0,16.0,16.0,16.0,20.0,5.5,0.0,-4.743416490252569,-3.605551275463989,-3.0,-4.183300132670378,-6.324555320336759,-7.713624310270756,9.082951062292475,5.338539126015656,2.0,7.810249675906654,8.602325267042627,7.0710678118654755,0.0,0.0,0.0,5.477225575051661,0.0,0.0,-3.872983346207417,-2.943920288775949,-2.70801280154532,-10.939226054281294,-6.557438524302,-5.597618541248888,7.047458170621991,4.358898943540674,2.8284271247461903,7.0,7.393691004272944,5.887840577551898,0.0,0.0,0.0,-6.733003292241386,-2.886751345948129,0.0
1077,14,21.0,19.0,26.0,12.0,13.0,18.0,3.0,6.0,9.0,43.0,42.0,48.0,34.0,33.0,42.0,31.0,26.0,38.0,85.0,66.0,80.0,56.0,45.0,53.0,27.0,24.0,25.0,1021.0,1020.0,1009.0,1019.0,1017.0,1005.0,1016.0,1010.0,1002.0,16.0,16.0,16.0,16.0,16.0,16.0,16.0,16.0,16.0,19.0,21.0,13.0,5.0,6.0,5.0,0.0,0.0,0.0,19.5,13.0,7.0,50.0,41.5,37.0,87.5,66.5,45.0,1020.5,1018.5,1016.0,16.0,16.0,12.0,17.5,5.5,3.0,-1.5811388300841898,1.224744871391589,5.244044240850758,9.924716620639604,10.63014581273465,9.192388155425117,13.892443989449804,16.76305461424021,25.544079548889602,0.0,1.224744871391589,4.242640687119285,0.0,0.0,-5.656854249492381,-2.5495097567963922,0.0,4.242640687119285,-4.242640687119285,-2.70801280154532,3.9157800414902435,7.32575365861197,6.95221787153807,2.886751345948129,7.958224257542215,12.884098726725126,20.848661028149188,6.3508529610858835,7.0,5.773502691896258,0.0,0.0,-4.618802153517006,4.123105625617661,0.5773502691896257,3.4641016151377544
1078,11,18.0,21.0,19.0,14.0,12.0,13.0,11.0,3.0,6.0,57.0,43.0,42.0,49.0,34.0,33.0,43.0,31.0,26.0,90.0,85.0,66.0,77.0,56.0,45.0,63.0,27.0,24.0,1020.0,1021.0,1020.0,1018.0,1019.0,1017.0,1016.0,1016.0,1010.0,16.0,16.0,16.0,16.0,16.0,16.0,8.0,16.0,16.0,16.0,19.0,21.0,6.0,5.0,6.0,6.0,0.0,0.0,14.5,12.5,10.0,53.5,49.0,45.0,95.0,86.0,76.0,1018.5,1016.5,1013.5,16.0,13.0,5.5,17.5,8.0,19.5,-5.385164807134504,-1.5811388300841898,5.477225575051661,8.573214099741124,10.606601717798213,8.94427190999916,7.905694150420948,19.557607215607945,31.400636936215164,-2.23606797749979,-2.23606797749979,-3.5355339059327378,0.0,-4.242640687119285,-6.670832032063167,0.0,2.9154759474226504,19.557607215607945,-4.242640687119285,-1.4142135623730951,4.123105625617661,7.023769168568493,8.679477710861024,7.852812659593164,12.727922061357855,17.18526500620032,25.696951829610715,-1.7320508075688772,-1.4142135623730951,1.9148542155126762,0.0,-3.4641016151377544,-5.446711546122731,-1.1547005383792515,2.309401076758503,15.968719422671311
1079,11,11.0,18.0,21.0,11.0,14.0,12.0,9.0,11.0,3.0,50.0,57.0,43.0,49.0,49.0,34.0,47.0,43.0,31.0,100.0,90.0,85.0,95.0,77.0,56.0,89.0,63.0,27.0,1017.0,1020.0,1021.0,1015.0,1018.0,1019.0,1011.0,1016.0,1016.0,16.0,16.0,16.0,10.0,16.0,16.0,3.0,8.0,16.0,19.0,16.0,19.0,10.0,6.0,5.0,33.0,6.0,0.0,11.5,11.0,9.0,49.5,48.5,46.5,96.5,91.5,86.0,1017.5,1015.5,1012.5,16.0,11.5,3.0,20.0,10.0,21.0,-4.898979485566356,-2.1213203435596424,-1.4142135623730951,-5.0,-0.7071067811865476,2.7386127875258306,5.049752469181039,11.726039399558575,17.88854381999832,-2.0,-2.0,-2.8284271247461903,0.0,-3.6742346141747673,-3.5355339059327378,2.5495097567963922,2.8284271247461903,8.74642784226795,-4.358898943540674,-1.2909944487358056,4.47213595499958,6.97614984548545,8.640987597877148,7.280109889280518,5.033222956847166,15.44884030167529,25.403411844343534,-1.7320508075688772,-1.7320508075688772,-2.309401076758503,0.0,-3.0,-5.446711546122731,1.1547005383792515,2.3804761428476167,7.937253933193772
1080,10,12.0,11.0,18.0,11.0,11.0,14.0,9.0,9.0,11.0,49.0,50.0,57.0,48.0,49.0,49.0,46.0,47.0,43.0,93.0,100.0,90.0,88.0,95.0,77.0,83.0,89.0,63.0,1018.0,1017.0,1020.0,1016.0,1015.0,1018.0,1014.0,1011.0,1016.0,16.0,16.0,16.0,13.0,10.0,16.0,3.0,3.0,8.0,21.0,19.0,16.0,10.0,10.0,6.0,9.0,33.0,6.0,11.5,10.5,8.5,49.5,48.0,46.0,96.5,91.5,86.0,1017.0,1013.5,1011.0,16.0,10.5,2.5,18.5,7.5,12.5,0.0,-0.7071067811865476,-0.7071067811865476,0.0,-0.7071067811865476,-0.7071067811865476,0.0,0.0,0.0,-1.224744871391589,-3.4641016151377544,-3.6742346141747673,0.0,-2.8284271247461903,-0.7071067811865476,-3.24037034920393,-3.5355339059327378,-16.232683080747925,-4.041451884327381,-1.8257418583505538,-1.2909944487358056,-4.041451884327381,-0.5773502691896257,2.23606797749979,5.773502691896258,10.392304845413264,15.01110699893027,-2.0,-3.3166247903554,-4.163331998932265,0.0,-4.163331998932265,-2.943920288775949,-2.0,-1.7320508075688772,8.205689083394114
1081,11,11.0,12.0,11.0,10.0,11.0,11.0,8.0,9.0,9.0,50.0,49.0,50.0,48.0,48.0,49.0,46.0,46.0,47.0,100.0,93.0,100.0,95.0,88.0,95.0,89.0,83.0,89.0,1016.0,1018.0,1017.0,1011.0,1016.0,1015.0,1008.0,1014.0,1011.0,16.0,16.0,16.0,8.0,13.0,10.0,2.0,3.0,3.0,16.0,21.0,19.0,5.0,10.0,10.0,16.0,9.0,33.0,12.5,10.5,7.0,49.0,46.5,44.5,100.0,89.5,78.0,1017.5,1012.5,1008.5,16.0,10.5,1.0,21.5,5.5,8.0,2.0,0.0,-1.5811388300841898,-1.224744871391589,-2.1213203435596424,-2.1213203435596424,4.949747468305833,-6.0,-14.966629547095765,1.5811388300841898,-2.8284271247461903,-4.183300132670378,0.0,0.0,-1.5811388300841898,6.928203230275509,-3.4641016151377544,-10.173494974687902,1.7320508075688772,0.0,-1.2909944487358056,-1.1547005383792515,-1.8257418583505538,-1.8257418583505538,0.0,-6.3508529610858835,-12.701705922171767,1.4142135623730951,-2.23606797749979,-2.943920288775949,0.0,1.7320508075688772,-1.2909944487358056,5.773502691896258,-2.8284271247461903,-16.15549442140351
1082,9,14.0,11.0,12.0,11.0,10.0,11.0,6.0,8.0,9.0,48.0,50.0,49.0,45.0,48.0,48.0,43.0,46.0,46.0,100.0,100.0,93.0,84.0,95.0,88.0,67.0,89.0,83.0,1019.0,1016.0,1018.0,1014.0,1011.0,1016.0,1009.0,1008.0,1014.0,16.0,16.0,16.0,13.0,8.0,13.0,0.0,2.0,3.0,27.0,16.0,21.0,6.0,5.0,10.0,0.0,16.0,9.0,13.5,10.0,5.0,48.0,45.0,41.0,100.0,85.0,69.5,1022.0,1017.0,1013.0,16.0,12.0,1.5,24.0,5.5,0.0,2.0,-1.224744871391589,-2.0,-1.4142135623730951,-2.1213203435596424,-3.5355339059327378,0.0,-7.648529270389178,-15.149257407543116,4.743416490252569,4.743416490252569,5.70087712549569,0.0,3.24037034920393,1.5811388300841898,6.519202405202649,0.0,-11.313708498984761,1.5275252316519468,-1.1547005383792515,-1.7320508075688772,-1.0,-1.7320508075688772,-2.886751345948129,4.041451884327381,-4.760952285695233,-11.874342087037917,3.696845502136472,2.581988897471611,3.1091263510296048,0.0,-1.1547005383792515,1.1547005383792515,4.47213595499958,-2.886751345948129,-8.306623862918075
1083,7,13.0,14.0,11.0,9.0,11.0,10.0,4.0,6.0,8.0,48.0,48.0,50.0,45.0,45.0,48.0,39.0,43.0,46.0,100.0,100.0,100.0,86.0,84.0,95.0,72.0,67.0,89.0,1025.0,1019.0,1016.0,1020.0,1014.0,1011.0,1017.0,1009.0,1008.0,16.0,16.0,16.0,11.0,13.0,8.0,3.0,0.0,2.0,21.0,27.0,16.0,5.0,6.0,5.0,0.0,0.0,16.0,12.0,8.0,3.0,46.0,38.0,29.5,91.5,77.0,62.0,1032.0,1026.5,1021.0,16.0,13.5,8.5,27.5,10.5,0.0,-1.5811388300841898,-2.0,-2.0,-2.8284271247461903,-9.899494936611665,-13.729530217745982,-12.020815280171307,-12.649110640673518,-13.693063937629153,10.770329614269007,10.124228365658293,8.0,0.0,3.24037034920393,8.06225774829855,8.154753215150045,7.745966692414834,0.0,1.1547005383792515,-1.5275252316519468,-2.0,-2.581988897471611,-8.266397845091497,-11.343133018115703,-9.814954576223638,-12.12435565298214,-16.921386861996073,8.962886439832502,8.445906306213285,6.557438524302,0.0,3.9157800414902435,6.48074069840786,9.201449161228174,6.3508529610858835,-9.237604307034012
1084,4,11.0,13.0,14.0,7.0,9.0,11.0,2.0,4.0,6.0,44.0,48.0,48.0,31.0,45.0,45.0,20.0,39.0,43.0,83.0,100.0,100.0,68.0,86.0,84.0,52.0,72.0,67.0,1039.0,1025.0,1019.0,1033.0,1020.0,1014.0,1025.0,1017.0,1009.0,16.0,16.0,16.0,16.0,11.0,13.0,14.0,3.0,0.0,34.0,21.0,27.0,16.0,5.0,6.0,0.0,0.0,0.0,9.5,5.5,1.5,35.0,25.5,18.0,69.5,56.5,43.0,1039.0,1034.5,1029.5,16.0,16.0,15.0,26.5,12.0,0.0,-2.5495097567963922,-2.5495097567963922,-1.5811388300841898,-13.038404810405298,-12.589678312014172,-13.729530217745982,-22.561028345356956,-20.65187642806338,-19.026297590440446,9.899494936611665,9.433981132056603,8.514693182963201,0.0,3.5355339059327378,7.905694150420948,-5.291502622129181,5.338539126015656,0.0,-2.160246899469287,-2.3804761428476167,-1.7320508075688772,-10.64581294844754,-10.279429296739517,-11.445523142259598,-18.421002506197464,-16.822603841260722,-15.264337522473747,8.793937305515279,8.445906306213285,8.34665601703261,0.0,2.6457513110645907,6.683312551921141,-5.5377492419453835,4.320493798938574,0.0
1085,7,8.0,11.0,13.0,4.0,7.0,9.0,1.0,2.0,4.0,26.0,44.0,48.0,20.0,31.0,45.0,16.0,20.0,39.0,56.0,83.0,100.0,45.0,68.0,86.0,34.0,52.0,72.0,1039.0,1039.0,1025.0,1036.0,1033.0,1020.0,1034.0,1025.0,1017.0,16.0,16.0,16.0,16.0,16.0,11.0,16.0,14.0,3.0,19.0,34.0,21.0,8.0,16.0,5.0,0.0,0.0,0.0,9.5,5.5,1.5,38.0,28.5,21.5,76.0,60.0,44.0,1036.0,1032.0,1028.5,16.0,14.5,9.5,16.5,6.5,0.0,0.0,0.0,0.0,11.224972160321824,9.16515138991168,7.245688373094719,20.868636754709208,13.619838471876236,6.164414002968976,-4.242640687119285,-5.244044240850758,-4.47213595499958,0.0,-2.1213203435596424,-9.082951062292475,-11.180339887498949,-6.041522986797286,0.0,-1.1547005383792515,-1.1547005383792515,-1.1547005383792515,8.86942313043338,-3.0550504633038935,-9.237604307034012,13.92838827718412,3.958114029012639,-10.392304845413264,7.302967433402215,6.164414002968976,2.8284271247461903,0.0,2.309401076758503,-3.8297084310253524,-5.196152422706632,4.0,0.0
1086,15,11.0,8.0,11.0,7.0,4.0,7.0,2.0,1.0,2.0,50.0,26.0,44.0,37.0,20.0,31.0,27.0,16.0,20.0,96.0,56.0,83.0,75.0,45.0,68.0,54.0,34.0,52.0,1033.0,1039.0,1039.0,1028.0,1036.0,1033.0,1023.0,1034.0,1025.0,16.0,16.0,16.0,13.0,16.0,16.0,3.0,16.0,14.0,14.0,19.0,34.0,5.0,8.0,16.0,0.0,0.0,0.0,15.0,11.0,6.0,55.5,46.0,38.5,98.0,83.0,67.5,1027.5,1022.5,1018.0,16.0,10.5,1.5,18.5,5.5,0.5,6.041522986797286,6.041522986797286,5.70087712549569,18.66815470259447,17.507141400011598,18.027756377319946,28.42534080710379,24.041630560342615,23.759208741033444,-8.860022573334675,-9.617692030835672,-10.51189802081432,0.0,-4.123105625617661,-9.433981132056603,5.291502622129181,-2.0,0.7071067811865476,4.618802153517006,4.618802153517006,4.618802153517006,11.150485789118488,12.806248474865697,14.53730832490435,17.194960502038576,14.45683229480096,16.380883167074153,-7.234178138070235,-7.659416862050705,-6.831300510639732,0.0,-3.366501646120693,-7.615773105863909,-7.505553499465135,-4.898979485566356,0.5773502691896257
1087,14,19.0,11.0,8.0,15.0,7.0,4.0,10.0,2.0,1.0,61.0,50.0,26.0,55.0,37.0,20.0,50.0,27.0,16.0,100.0,96.0,56.0,91.0,75.0,45.0,81.0,54.0,34.0,1022.0,1033.0,1039.0,1017.0,1028.0,1036.0,1013.0,1023.0,1034.0,16.0,16.0,16.0,8.0,13.0,16.0,0.0,3.0,16.0,23.0,14.0,19.0,6.0,5.0,8.0,1.0,0.0,0.0,19.0,14.5,9.0,56.5,51.0,45.5,96.5,82.0,66.5,1021.0,1017.0,1014.0,16.0,12.0,8.0,19.5,5.5,0.5,5.656854249492381,5.612486080160912,5.477225575051661,4.47213595499958,11.40175425099138,14.966629547095765,-4.06201920231798,-5.830951894845301,-7.483314773547883,-7.905694150420948,-7.7781745930520225,-6.928203230275509,0.0,4.415880433163924,11.113055385446435,4.0,0.0,0.0,4.932882862316247,4.898979485566356,4.509249752822894,14.329456840136451,13.527749258468683,13.771952173409064,22.854612955229264,16.65332799572906,9.797958971132712,-7.32575365861197,-7.852812659593164,-8.504900548115382,0.0,3.1622776601683795,5.0990195135927845,1.5275252316519468,-1.7320508075688772,0.0
1088,18,19.0,19.0,11.0,14.0,15.0,7.0,8.0,10.0,2.0,52.0,61.0,50.0,47.0,55.0,37.0,41.0,50.0,27.0,93.0,100.0,96.0,73.0,91.0,75.0,52.0,81.0,54.0,1020.0,1022.0,1033.0,1017.0,1017.0,1028.0,1015.0,1013.0,1023.0,16.0,16.0,16.0,16.0,8.0,13.0,16.0,0.0,3.0,16.0,23.0,14.0,5.0,6.0,5.0,0.0,1.0,0.0,22.0,16.0,9.0,56.0,50.5,43.5,96.5,73.0,49.0,1020.0,1016.5,1014.5,16.0,13.5,9.0,19.5,5.5,0.0,4.242640687119285,2.7386127875258306,0.0,-2.9154759474226504,-2.7386127875258306,-5.291502622129181,0.0,-12.727922061357855,-20.940391591371924,-1.4142135623730951,-0.7071067811865476,1.224744871391589,0.0,4.415880433163924,5.477225575051661,0.0,0.0,-0.7071067811865476,5.773502691896258,5.131601439446884,4.618802153517006,5.887840577551898,10.14889156509222,12.556538801224908,2.309401076758503,-4.760952285695233,-7.023769168568493,-6.454972243679028,-6.377042156569663,-5.686240703077327,0.0,2.160246899469287,4.123105625617661,5.196152422706632,0.5773502691896257,0.0
1089,10,25.0,19.0,19.0,18.0,14.0,15.0,10.0,8.0,10.0,60.0,52.0,61.0,54.0,47.0,55.0,46.0,41.0,50.0,100.0,93.0,100.0,73.0,73.0,91.0,46.0,52.0,81.0,1020.0,1020.0,1022.0,1016.0,1017.0,1017.0,1014.0,1015.0,1013.0,16.0,16.0,16.0,11.0,16.0,8.0,2.0,16.0,0.0,23.0,16.0,23.0,6.0,5.0,6.0,0.0,0.0,1.0,19.5,14.0,8.0,54.0,48.5,42.0,94.5,75.5,56.0,1023.0,1019.0,1017.0,16.0,13.5,6.5,21.0,6.0,0.0,-6.519202405202649,-4.898979485566356,-2.449489742783178,-6.324555320336759,-6.0,-4.415880433163924,-6.0,3.5355339059327378,13.490737563232042,4.242640687119285,4.183300132670378,4.183300132670378,0.0,0.0,-7.582875444051551,4.06201920231798,0.7071067811865476,0.0,-5.32290647422377,-4.041451884327381,-2.309401076758503,-7.32575365861197,-6.733003292241386,-6.324555320336759,-6.3508529610858835,-9.983319421247959,-12.609520212918492,3.265986323710904,3.415650255319866,3.605551275463989,0.0,4.618802153517006,6.855654600401044,-2.309401076758503,0.0,-0.5773502691896257
1090,10,14.0,25.0,19.0,10.0,18.0,14.0,6.0,10.0,8.0,48.0,60.0,52.0,43.0,54.0,47.0,38.0,46.0,41.0,89.0,100.0,93.0,78.0,73.0,73.0,66.0,46.0,52.0,1026.0,1020.0,1020.0,1022.0,1016.0,1017.0,1020.0,1014.0,1015.0,16.0,16.0,16.0,16.0,11.0,16.0,11.0,2.0,16.0,19.0,23.0,16.0,6.0,6.0,5.0,0.0,0.0,0.0,13.0,10.0,6.5,45.5,42.5,39.0,90.5,78.0,64.5,1028.0,1024.0,1020.5,16.0,13.5,7.0,19.0,7.0,0.0,-7.905694150420948,-5.656854249492381,-2.7386127875258306,-9.192388155425117,-7.810249675906654,-5.477225575051661,-7.483314773547883,3.5355339059327378,13.982131454109563,5.0990195135927845,5.0990195135927845,4.301162633521313,0.0,0.0,2.9154759474226504,-2.8284271247461903,1.4142135623730951,0.0,-5.446711546122731,-4.0,-1.9148542155126762,-5.916079783099616,-4.932882862316247,-3.415650255319866,-4.58257569495584,2.886751345948129,10.878112581387146,4.163331998932265,4.123105625617661,3.4641016151377544,0.0,-2.886751345948129,-7.724420150837645,3.3166247903554,1.2909944487358056,0.0
1091,15,12.0,14.0,25.0,10.0,10.0,18.0,7.0,6.0,10.0,43.0,48.0,60.0,42.0,43.0,54.0,40.0,38.0,46.0,92.0,89.0,100.0,78.0,78.0,73.0,63.0,66.0,46.0,1030.0,1026.0,1020.0,1026.0,1022.0,1016.0,1021.0,1020.0,1014.0,16.0,16.0,16.0,11.0,16.0,11.0,3.0,11.0,2.0,19.0,19.0,23.0,8.0,6.0,6.0,0.0,0.0,0.0,15.5,12.5,9.0,52.0,48.0,40.5,94.0,80.0,65.5,1025.5,1020.0,1015.0,16.0,12.0,3.0,19.0,8.0,0.0,4.743416490252569,3.5355339059327378,2.9154759474226504,12.227019260637483,8.455767262643882,1.5811388300841898,3.5355339059327378,2.8284271247461903,2.8284271247461903,-5.70087712549569,-8.0,-8.455767262643882,0.0,-3.24037034920393,-5.656854249492381,0.0,1.4142135623730951,0.0,-5.033222956847166,-3.605551275463989,0.5773502691896257,7.187952884282608,2.70801280154532,-4.43471156521669,-5.656854249492381,3.696845502136472,11.775681155103795,-3.1091263510296048,-5.5377492419453835,-5.972157622389639,0.0,1.1547005383792515,2.3804761428476167,-2.309401076758503,1.1547005383792515,0.0
1092,13,19.0,12.0,14.0,15.0,10.0,10.0,11.0,7.0,6.0,61.0,43.0,48.0,54.0,42.0,43.0,41.0,40.0,38.0,96.0,92.0,89.0,82.0,78.0,78.0,68.0,63.0,66.0,1021.0,1030.0,1026.0,1014.0,1026.0,1022.0,1009.0,1021.0,1020.0,16.0,16.0,16.0,13.0,11.0,16.0,3.0,3.0,11.0,19.0,19.0,19.0,8.0,8.0,6.0,0.0,0.0,0.0,21.5,14.0,6.0,64.0,56.5,31.0,98.0,81.0,63.5,1021.5,1011.0,1006.5,16.0,11.5,3.0,26.5,9.0,0.0,6.082762530298219,3.24037034920393,-6.48074069840786,13.416407864998739,9.192388155425117,-14.124446891825535,4.0,2.449489742783178,-5.291502622129181,-6.324555320336759,-9.486832980505138,-9.192388155425117,0.0,-1.5811388300841898,0.0,10.606601717798213,1.4142135623730951,0.0,4.83045891539648,2.6457513110645907,-5.259911279353167,10.567244989431572,7.483314773547883,-11.474609652039003,3.696845502136472,2.0,-4.654746681256314,-4.618802153517006,-7.393691004272944,-7.483314773547883,0.0,-3.1622776601683795,-4.618802153517006,8.660254037844387,1.632993161855452,0.0
1093,0,24.0,19.0,12.0,13.0,15.0,10.0,1.0,11.0,7.0,67.0,61.0,43.0,59.0,54.0,42.0,21.0,41.0,40.0,100.0,96.0,92.0,80.0,82.0,78.0,59.0,68.0,63.0,1022.0,1021.0,1030.0,1008.0,1014.0,1026.0,1004.0,1009.0,1021.0,16.0,16.0,16.0,10.0,13.0,11.0,3.0,3.0,3.0,34.0,19.0,19.0,10.0,8.0,8.0,0.0,0.0,0.0,13.5,6.5,-1.0,42.5,35.5,15.5,79.0,64.0,48.5,1030.5,1020.5,1014.0,16.0,13.0,9.5,34.0,14.5,0.0,-14.422205101855956,-9.300537618869138,-7.615773105863909,-34.3874977280988,-33.04542328371661,-16.140012391568973,-29.563490998188964,-22.67156809750927,-16.15549442140351,12.041594578792296,17.161002301730512,13.693063937629153,0.0,3.6742346141747673,9.192388155425117,10.606601717798213,6.519202405202649,0.0,-11.060440015358038,-7.023769168568493,-5.773502691896258,-26.083200212652844,-26.076809620810597,-13.165611772087667,-24.027761721253466,-18.366636418607882,-12.871156384205214,8.34665601703261,12.179217270963408,8.774964387392123,0.0,3.2145502536643185,7.505553499465135,8.660254037844387,5.32290647422377,0.0
1094,1,3.0,24.0,19.0,0.0,13.0,15.0,-3.0,1.0,11.0,18.0,67.0,61.0,12.0,59.0,54.0,10.0,21.0,41.0,58.0,100.0,96.0,48.0,80.0,82.0,38.0,59.0,68.0,1039.0,1022.0,1021.0,1033.0,1008.0,1014.0,1024.0,1004.0,1009.0,16.0,16.0,16.0,16.0,10.0,13.0,16.0,3.0,3.0,34.0,34.0,19.0,19.0,10.0,8.0,0.0,0.0,0.0,5.0,0.5,-4.0,17.5,12.0,9.0,58.5,45.0,31.0,1040.5,1036.0,1030.0,16.0,16.0,16.0,27.5,13.5,0.0,-14.577379737113251,-9.16515138991168,-3.1622776601683795,-34.655446902326915,-33.23401871576773,-7.905694150420948,-29.690065678607045,-23.021728866442675,-17.84656829757475,12.206555615733702,18.179658962697843,16.492422502470642,0.0,4.242640687119285,9.192388155425117,-9.192388155425117,-4.47213595499958,0.0,-11.547005383792516,-7.571877794400365,-6.324555320336759,-28.083209693100727,-26.981475126464083,-13.228756555322953,-24.13158373031769,-18.83259585576738,-15.470401847829724,9.983319421247959,14.433756729740644,13.152946437965905,0.0,3.0,7.505553499465135,4.320493798938574,-3.4641016151377544,0.0
1095,8,7.0,3.0,24.0,1.0,0.0,13.0,-5.0,-3.0,1.0,17.0,18.0,67.0,12.0,12.0,59.0,8.0,10.0,21.0,59.0,58.0,100.0,42.0,48.0,80.0,24.0,38.0,59.0,1042.0,1039.0,1022.0,1039.0,1033.0,1008.0,1036.0,1024.0,1004.0,16.0,16.0,16.0,16.0,16.0,10.0,16.0,16.0,3.0,21.0,34.0,34.0,8.0,19.0,10.0,0.0,0.0,0.0,11.0,4.5,-1.5,21.0,16.0,11.5,59.0,41.0,22.0,1039.0,1035.0,1031.0,16.0,16.0,16.0,16.0,5.5,0.0,6.324555320336759,5.0,4.743416490252569,5.612486080160912,5.656854249492381,4.743416490252569,0.7071067811865476,-4.47213595499958,-10.295630140987,-3.6742346141747673,-3.7416573867739413,4.69041575982343,0.0,0.0,0.0,-11.597413504743201,-8.54400374531753,0.0,-10.969655114602888,-6.298147875897061,3.1091263510296048,-27.91654228828014,-26.739483914241877,-5.033222956847166,-24.241837114102278,-18.83259585576738,-14.753530650887152,9.345230512584124,14.106735979665885,12.165525060596439,0.0,3.4641016151377544,7.505553499465135,-9.46924847422786,-4.654746681256314,0.0
1096,14,15.0,7.0,3.0,8.0,1.0,0.0,2.0,-5.0,-3.0,25.0,17.0,18.0,20.0,12.0,12.0,15.0,8.0,10.0,59.0,59.0,58.0,40.0,42.0,48.0,20.0,24.0,38.0,1036.0,1042.0,1039.0,1031.0,1039.0,1033.0,1026.0,1036.0,1024.0,16.0,16.0,16.0,16.0,16.0,16.0,16.0,16.0,16.0,11.0,21.0,34.0,3.0,8.0,19.0,0.0,0.0,0.0,18.5,11.0,4.0,32.5,26.0,20.0,57.0,40.5,23.5,1031.0,1027.0,1022.5,16.0,16.0,16.0,15.0,4.5,0.0,7.516648189186454,6.519202405202649,5.70087712549569,12.020815280171307,10.198039027185569,8.631338250816034,-2.8284271247461903,-1.224744871391589,4.06201920231798,-8.246211251235321,-8.0,-8.631338250816034,0.0,0.0,0.0,-4.242640687119285,-2.8284271247461903,0.0,6.557438524302,5.354126134736337,4.509249752822894,9.797958971132712,8.32666399786453,6.95221787153807,-2.23606797749979,-3.605551275463989,-7.371114795831994,-6.506407098647712,-5.5377492419453835,-1.2909944487358056,0.0,0.0,0.0,-8.266397845091497,-6.757711644237764,0.0
1097,15,22.0,15.0,7.0,14.0,8.0,1.0,6.0,2.0,-5.0,40.0,25.0,17.0,32.0,20.0,12.0,25.0,15.0,8.0,55.0,59.0,59.0,41.0,40.0,42.0,27.0,20.0,24.0,1026.0,1036.0,1042.0,1023.0,1031.0,1039.0,1019.0,1026.0,1036.0,16.0,16.0,16.0,16.0,16.0,16.0,16.0,16.0,16.0,19.0,11.0,21.0,6.0,3.0,8.0,0.0,0.0,0.0,21.0,14.5,8.0,40.0,34.0,29.0,59.0,44.5,29.5,1027.0,1024.0,1020.5,16.0,16.0,15.0,19.0,6.0,0.0,4.743416490252569,4.301162633521313,4.0,10.606601717798213,8.94427190999916,9.055385138137417,4.898979485566356,5.0,6.082762530298219,-6.928203230275509,-5.477225575051661,-4.47213595499958,0.0,0.0,-1.4142135623730951,5.656854249492381,2.1213203435596424,0.0,6.027713773341708,5.354126134736337,5.196152422706632,9.814954576223638,8.640987597877148,8.426149773176359,4.0,3.9157800414902435,4.396968652757639,-6.6332495807108,-6.429100507328637,-6.831300510639732,0.0,0.0,-1.1547005383792515,-3.4641016151377544,-2.309401076758503,0.0
1098,16,20.0,22.0,15.0,15.0,14.0,8.0,10.0,6.0,2.0,40.0,40.0,25.0,36.0,32.0,20.0,33.0,25.0,15.0,63.0,55.0,59.0,48.0,41.0,40.0,32.0,27.0,20.0,1028.0,1026.0,1036.0,1025.0,1023.0,1031.0,1022.0,1019.0,1026.0,16.0,16.0,16.0,16.0,16.0,16.0,14.0,16.0,16.0,19.0,19.0,11.0,6.0,6.0,3.0,0.0,0.0,0.0,20.0,15.5,10.5,52.0,45.0,35.0,81.5,61.0,39.5,1025.5,1022.0,1019.0,16.0,13.0,7.0,15.0,4.0,0.0,-1.4142135623730951,1.0,2.9154759474226504,16.97056274847714,13.038404810405298,6.324555320336759,26.767517628648346,19.03943276465977,11.180339887498949,-3.24037034920393,-4.0,-3.6742346141747673,0.0,-4.242640687119285,-10.0,-5.656854249492381,-2.8284271247461903,0.0,3.872983346207417,3.559026084010437,3.3166247903554,16.34013463836819,12.701705922171767,7.745966692414834,21.73323108360405,15.556349186104045,9.983319421247959,-6.3508529610858835,-5.656854249492381,-5.033222956847166,0.0,-3.4641016151377544,-8.16496580927726,0.0,-1.5275252316519468,0.0
1099,22,20.0,20.0,22.0,16.0,15.0,14.0,11.0,10.0,6.0,64.0,40.0,40.0,54.0,36.0,32.0,37.0,33.0,25.0,100.0,63.0,55.0,74.0,48.0,41.0,47.0,32.0,27.0,1023.0,1028.0,1026.0,1019.0,1025.0,1023.0,1016.0,1022.0,1019.0,16.0,16.0,16.0,10.0,16.0,16.0,0.0,14.0,16.0,11.0,19.0,19.0,2.0,6.0,6.0,0.0,0.0,0.0,23.0,19.0,14.5,66.0,60.0,50.5,100.0,79.5,58.0,1021.0,1018.0,1015.5,16.0,12.0,4.0,19.0,6.5,0.0,4.242640687119285,4.301162633521313,5.0,17.204650534085253,15.297058540778355,19.300259065618782,26.16295090390226,19.96246477767713,18.828170383762732,-4.527692569068709,-4.47213595499958,-4.301162633521313,0.0,-3.1622776601683795,-8.12403840463596,9.797958971132712,5.70087712549569,0.0,3.265986323710904,3.559026084010437,4.69041575982343,14.047538337136986,12.701705922171767,16.421530582338136,21.855586623714007,16.792855623746664,15.641824275533422,-3.5118845842842465,-3.4641016151377544,-3.0550504633038935,0.0,-2.581988897471611,-6.733003292241386,8.0,4.654746681256314,0.0
1100,23,26.0,20.0,20.0,22.0,16.0,15.0,18.0,11.0,10.0,68.0,64.0,40.0,66.0,54.0,36.0,64.0,37.0,33.0,100.0,100.0,63.0,85.0,74.0,48.0,69.0,47.0,32.0,1019.0,1023.0,1028.0,1017.0,1019.0,1025.0,1015.0,1016.0,1022.0,16.0,16.0,16.0,14.0,10.0,16.0,8.0,0.0,14.0,27.0,11.0,19.0,11.0,2.0,6.0,0.0,0.0,0.0,26.5,22.5,19.0,67.5,65.5,64.0,95.0,79.5,63.5,1017.5,1015.5,1013.0,16.0,15.0,12.0,27.0,12.5,0.0,4.301162633521313,4.301162633521313,5.1478150704935,2.7386127875258306,8.455767262643882,19.091883092036785,-7.0710678118654755,0.0,13.47219358530748,-3.5355339059327378,-2.5495097567963922,-2.9154759474226504,0.0,3.1622776601683795,8.0,11.313708498984761,6.708203932499369,0.0,3.5118845842842465,3.559026084010437,4.242640687119285,14.035668847618199,12.476644848141934,15.758595538097085,20.566963801203133,15.01110699893027,14.0,-4.08248290463863,-4.041451884327381,-4.203173404306164,0.0,-2.309401076758503,-4.760952285695233,8.0,4.96655480858378,0.0
1101,25,27.0,26.0,20.0,23.0,22.0,16.0,20.0,18.0,11.0,67.0,68.0,64.0,65.0,66.0,54.0,64.0,64.0,37.0,90.0,100.0,100.0,74.0,85.0,74.0,58.0,69.0,47.0,1016.0,1019.0,1023.0,1014.0,1017.0,1019.0,1011.0,1015.0,1016.0,16.0,16.0,16.0,16.0,14.0,10.0,16.0,8.0,0.0,27.0,27.0,11.0,14.0,11.0,2.0,0.0,0.0,0.0,28.0,24.0,20.5,68.5,67.0,65.5,91.5,74.0,56.5,1020.0,1017.0,1013.5,16.0,16.0,13.5,23.0,10.0,0.0,1.5811388300841898,1.5811388300841898,1.5811388300841898,2.0,2.7386127875258306,2.1213203435596424,-6.745368781616021,-7.7781745930520225,-8.06225774829855,5.244044240850758,3.6742346141747673,2.1213203435596424,0.0,1.4142135623730951,4.415880433163924,-5.656854249492381,-5.244044240850758,0.0,3.696845502136472,3.696845502136472,4.242640687119285,2.8284271247461903,7.280109889280518,15.684387141358123,-5.507570547286102,0.0,10.862780491200215,3.605551275463989,2.7688746209726918,1.632993161855452,0.0,2.581988897471611,5.8594652770823155,8.0,2.943920288775949,0.0
1102,21,29.0,27.0,26.0,25.0,23.0,22.0,21.0,20.0,18.0,70.0,67.0,68.0,69.0,65.0,66.0,67.0,64.0,64.0,93.0,90.0,100.0,74.0,74.0,85.0,55.0,58.0,69.0,1024.0,1016.0,1019.0,1020.0,1014.0,1017.0,1016.0,1011.0,1015.0,16.0,16.0,16.0,16.0,16.0,14.0,11.0,16.0,8.0,19.0,27.0,27.0,6.0,14.0,11.0,0.0,0.0,0.0,26.5,23.0,19.0,69.0,63.5,57.0,95.0,73.0,50.5,1024.5,1021.5,1018.5,16.0,16.0,13.5,15.0,4.0,0.0,-3.24037034920393,-2.449489742783178,-2.7386127875258306,1.5811388300841898,-7.245688373094719,-13.982131454109563,3.5355339059327378,-1.4142135623730951,-6.708203932499369,5.70087712549569,4.743416490252569,5.0,0.0,0.0,0.0,-8.0,-6.324555320336759,0.0,-2.581988897471611,-1.9148542155126762,-1.9148542155126762,1.1547005383792515,-5.94418483337567,-11.416362526362473,-5.0,-6.454972243679028,-8.386497083606082,4.320493798938574,3.4641016151377544,3.366501646120693,0.0,1.1547005383792515,4.618802153517006,-6.531972647421808,-4.864839839775475,0.0
1103,23,24.0,29.0,27.0,21.0,25.0,23.0,17.0,21.0,20.0,68.0,70.0,67.0,58.0,69.0,65.0,47.0,67.0,64.0,97.0,93.0,90.0,72.0,74.0,74.0,46.0,55.0,58.0,1025.0,1024.0,1016.0,1023.0,1020.0,1014.0,1021.0,1016.0,1011.0,16.0,16.0,16.0,16.0,16.0,16.0,16.0,11.0,16.0,11.0,19.0,27.0,2.0,6.0,14.0,0.0,0.0,0.0,26.0,22.0,17.0,67.5,61.0,51.5,95.0,72.0,48.5,1023.0,1021.0,1018.0,16.0,15.0,11.0,15.0,3.5,0.0,-2.1213203435596424,-2.449489742783178,-2.8284271247461903,-1.5811388300841898,-6.519202405202649,-12.62933094031509,0.0,-1.4142135623730951,-5.291502622129181,-2.7386127875258306,-1.8708286933869707,-2.345207879911715,0.0,-1.4142135623730951,-6.123724356957945,0.0,-1.8708286933869707,0.0,-1.2909944487358056,-1.632993161855452,-2.23606797749979,1.1547005383792515,-4.795831523312719,-10.16530045465127,1.7320508075688772,-1.1547005383792515,-4.654746681256314,4.041451884327381,3.1091263510296048,2.160246899469287,0.0,-1.1547005383792515,-5.773502691896258,-4.618802153517006,-4.864839839775475,0.0
1104,16,28.0,24.0,29.0,23.0,21.0,25.0,17.0,17.0,21.0,67.0,68.0,70.0,64.0,58.0,69.0,56.0,47.0,67.0,93.0,97.0,93.0,72.0,72.0,74.0,51.0,46.0,55.0,1021.0,1025.0,1024.0,1019.0,1023.0,1020.0,1015.0,1021.0,1016.0,16.0,16.0,16.0,14.0,16.0,16.0,6.0,16.0,11.0,19.0,11.0,19.0,5.0,2.0,6.0,0.0,0.0,0.0,24.5,19.5,13.0,66.0,45.5,36.0,88.5,61.5,34.5,1027.5,1024.0,1017.0,16.0,15.0,11.0,24.0,9.5,0.0,-4.06201920231798,-4.743416490252569,-5.656854249492381,-1.5811388300841898,-25.816661286851172,-27.55902755904134,-6.96419413859206,-14.849242404917497,-23.065125189341593,8.74642784226795,6.48074069840786,-3.1622776601683795,0.0,0.0,0.0,9.055385138137417,6.708203932499369,0.0,-4.396968652757639,-4.509249752822894,-5.163977794943222,-1.7320508075688772,-22.015146301277824,-25.29163234484217,-5.196152422706632,-12.179217270963408,-19.53629101612347,7.164728420068226,5.5677643628300215,1.2909944487358056,0.0,0.0,2.886751345948129,5.773502691896258,4.96655480858378,0.0
1105,11,21.0,28.0,24.0,16.0,23.0,21.0,9.0,17.0,17.0,65.0,67.0,68.0,27.0,64.0,58.0,16.0,56.0,47.0,84.0,93.0,97.0,51.0,72.0,72.0,18.0,51.0,46.0,1034.0,1021.0,1025.0,1029.0,1019.0,1023.0,1019.0,1015.0,1021.0,16.0,16.0,16.0,16.0,14.0,16.0,16.0,6.0,16.0,29.0,19.0,11.0,14.0,5.0,2.0,0.0,0.0,0.0,17.0,13.5,9.0,49.5,25.0,17.0,66.0,44.5,22.5,1033.5,1027.5,1019.0,16.0,16.0,16.0,24.0,10.0,0.0,-7.516648189186454,-6.082762530298219,-5.656854249492381,-21.965882636488796,-26.315394733881533,-28.24889378365107,-26.239283526803852,-17.46424919657298,-22.44994432064365,9.16515138991168,6.745368781616021,2.8284271247461903,0.0,1.4142135623730951,7.0710678118654755,0.0,2.9154759474226504,0.0,-5.686240703077327,-4.83045891539648,-4.618802153517006,-17.944358444926362,-21.205345238091898,-22.47220505424423,-21.548395145191982,-14.259499757471625,-18.101565309847285,7.118052168020874,5.0,-2.581988897471611,0.0,0.0,0.0,4.618802153517006,2.943920288775949,0.0
1106,18,13.0,21.0,28.0,11.0,16.0,23.0,9.0,9.0,17.0,34.0,65.0,67.0,23.0,27.0,64.0,18.0,16.0,56.0,48.0,84.0,93.0,38.0,51.0,72.0,27.0,18.0,51.0,1033.0,1034.0,1021.0,1026.0,1029.0,1019.0,1019.0,1019.0,1015.0,16.0,16.0,16.0,16.0,16.0,14.0,16.0,16.0,6.0,19.0,29.0,19.0,6.0,14.0,5.0,0.0,0.0,0.0,19.0,14.5,10.0,47.5,37.0,27.0,69.0,54.0,38.5,1025.5,1019.5,1013.5,16.0,16.0,11.0,17.5,5.5,0.0,6.324555320336759,3.4641016151377544,1.4142135623730951,-10.770329614269007,19.595917942265423,12.806248474865697,15.297058540778355,20.676073128135332,17.46424919657298,-10.63014581273465,-9.433981132056603,-7.7781745930520225,0.0,0.0,-7.0710678118654755,-7.3824115301167,-5.70087712549569,0.0,3.2145502536643185,-2.886751345948129,-4.47213595499958,-8.86942313043338,-14.153915830374764,-20.591260281974,11.357816691600547,11.74734012447073,-12.635927614016577,-4.358898943540674,-5.0990195135927845,-5.916079783099616,0.0,1.1547005383792515,0.0,-1.7320508075688772,2.309401076758503,0.0
1107,17,25.0,13.0,21.0,18.0,11.0,16.0,11.0,9.0,9.0,61.0,34.0,65.0,51.0,23.0,27.0,36.0,18.0,16.0,90.0,48.0,84.0,70.0,38.0,51.0,50.0,27.0,18.0,1018.0,1033.0,1034.0,1013.0,1026.0,1029.0,1008.0,1019.0,1019.0,16.0,16.0,16.0,16.0,16.0,16.0,6.0,16.0,16.0,16.0,19.0,29.0,5.0,6.0,14.0,0.0,0.0,0.0,24.0,17.5,11.5,60.5,51.5,37.5,93.5,72.0,46.5,1016.0,1012.0,1008.5,16.0,14.5,3.0,13.5,4.0,0.0,8.366600265340756,4.898979485566356,1.5811388300841898,19.078784028338912,19.81161275615895,12.90348790056394,30.108138434649195,22.80350850198276,15.491933384829668,-10.977249200050075,-9.300537618869138,-7.745966692414834,0.0,-2.1213203435596424,-8.246211251235321,-4.123105625617661,-1.5811388300841898,0.0,5.033222956847166,2.7688746209726918,1.2909944487358056,-8.812869377601524,16.010413278030438,10.598742063723098,13.12757911167681,17.03917055884274,13.674794331177344,-8.981462390204987,-7.788880963698615,-6.324555320336759,0.0,-1.7320508075688772,-6.733003292241386,-6.683312551921141,-4.795831523312719,0.0
1108,18,23.0,25.0,13.0,17.0,18.0,11.0,12.0,11.0,9.0,60.0,61.0,34.0,52.0,51.0,23.0,39.0,36.0,18.0,97.0,90.0,48.0,74.0,70.0,38.0,43.0,50.0,27.0,1014.0,1018.0,1033.0,1011.0,1013.0,1026.0,1009.0,1008.0,1019.0,16.0,16.0,16.0,13.0,16.0,16.0,0.0,6.0,16.0,11.0,16.0,19.0,3.0,5.0,6.0,0.0,0.0,0.0,23.0,17.5,11.5,61.0,53.0,41.5,98.5,76.5,40.5,1014.5,1011.0,1008.0,16.0,13.0,1.0,17.5,5.5,5.0,-1.4142135623730951,0.0,0.0,1.224744871391589,1.5811388300841898,4.123105625617661,5.385164807134504,4.527692569068709,-6.082762530298219,-2.7386127875258306,-1.4142135623730951,-1.224744871391589,0.0,-2.1213203435596424,-4.0,8.48528137423857,3.24037034920393,7.0710678118654755,6.831300510639732,4.041451884327381,1.1547005383792515,15.620499351813308,16.217274740226856,10.923979738782625,24.644133852366032,18.841443681416774,12.315302134607444,-8.94427190999916,-7.593857166596345,-6.429100507328637,0.0,-1.7320508075688772,-6.6332495807108,6.708203932499369,2.581988897471611,5.773502691896258
1109,16,23.0,23.0,25.0,18.0,17.0,18.0,11.0,12.0,11.0,62.0,60.0,61.0,54.0,52.0,51.0,44.0,39.0,36.0,100.0,97.0,90.0,79.0,74.0,70.0,38.0,43.0,50.0,1015.0,1014.0,1018.0,1011.0,1011.0,1013.0,1007.0,1009.0,1008.0,16.0,16.0,16.0,13.0,13.0,16.0,2.0,0.0,6.0,24.0,11.0,16.0,8.0,3.0,5.0,10.0,0.0,0.0,23.5,17.0,9.0,53.0,46.5,37.5,90.0,65.5,31.0,1018.5,1014.0,1010.5,16.0,14.5,9.0,21.5,7.0,5.0,0.7071067811865476,-1.224744871391589,-2.9154759474226504,-12.649110640673518,-10.51189802081432,-8.48528137423857,-13.982131454109563,-18.76166303929372,-10.51189802081432,5.0,4.242640687119285,4.743416490252569,0.0,2.1213203435596424,10.0,8.48528137423857,3.24037034920393,0.0,-1.0,-1.1547005383792515,-2.309401076758503,-10.344080432788601,-8.563488385776752,-6.708203932499369,-10.677078252031311,-15.14375558880073,-9.486832980505138,3.366501646120693,3.265986323710904,3.9157800414902435,0.0,0.0,7.393691004272944,6.298147875897061,2.3804761428476167,0.0
1110,6,24.0,23.0,23.0,16.0,18.0,17.0,7.0,11.0,12.0,44.0,62.0,60.0,39.0,54.0,52.0,31.0,44.0,39.0,80.0,100.0,97.0,52.0,79.0,74.0,24.0,38.0,43.0,1022.0,1015.0,1014.0,1017.0,1011.0,1011.0,1014.0,1007.0,1009.0,16.0,16.0,16.0,16.0,13.0,13.0,16.0,2.0,0.0,19.0,24.0,11.0,6.0,8.0,3.0,0.0,10.0,0.0,16.5,11.0,5.0,37.5,33.5,27.5,74.0,55.0,36.0,1023.0,1018.5,1014.5,16.0,16.0,16.0,17.5,8.0,0.0,-10.583005244258363,-7.211102550927978,-4.0,-15.700318468107582,-13.152946437965905,-10.44030650891055,-16.492422502470642,-18.614510468986285,13.784048752090222,5.1478150704935,4.743416490252569,5.0,0.0,2.1213203435596424,9.899494936611665,-4.123105625617661,2.449489742783178,-7.0710678118654755,-8.640987597877148,-5.8594652770823155,-3.3166247903554,-12.767145334803704,-10.677078252031311,-8.020806277010642,-13.354150416006753,-14.922019523732928,10.878112581387146,4.242640687119285,3.872983346207417,3.9157800414902435,0.0,1.7320508075688772,8.16496580927726,6.708203932499369,3.5118845842842465,0.0
1111,9,9.0,24.0,23.0,6.0,16.0,18.0,3.0,7.0,11.0,31.0,44.0,62.0,28.0,39.0,54.0,24.0,31.0,44.0,68.0,80.0,100.0,58.0,52.0,79.0,48.0,24.0,38.0,1024.0,1022.0,1015.0,1020.0,1017.0,1011.0,1015.0,1014.0,1007.0,16.0,16.0,16.0,16.0,16.0,13.0,16.0,16.0,2.0,16.0,19.0,24.0,10.0,6.0,8.0,0.0,0.0,10.0,13.0,7.5,2.0,39.0,31.5,21.0,73.5,61.0,49.0,1022.0,1017.5,1013.5,16.0,16.0,13.5,20.0,8.0,0.0,-8.972179222463181,-6.745368781616021,-3.1622776601683795,6.59545297913646,-6.0,-6.519202405202649,-3.391164991562634,6.0,17.029386365926403,-2.449489742783178,-2.8284271247461903,-2.0,0.0,0.0,-3.5355339059327378,5.244044240850758,0.0,0.0,-7.302967433402215,-5.627314338711377,-3.4641016151377544,-8.888194417315589,-9.9498743710662,-9.201449161228174,-11.874342087037917,-14.798648586948742,11.313708498984761,3.5118845842842465,2.581988897471611,3.696845502136472,0.0,1.7320508075688772,7.54983443527075,3.1622776601683795,-1.1547005383792515,-5.773502691896258
1112,-2,17.0,9.0,24.0,9.0,6.0,16.0,1.0,3.0,7.0,47.0,31.0,44.0,35.0,28.0,39.0,18.0,24.0,31.0,79.0,68.0,80.0,64.0,58.0,52.0,50.0,48.0,24.0,1020.0,1024.0,1022.0,1015.0,1020.0,1017.0,1012.0,1015.0,1014.0,16.0,16.0,16.0,16.0,16.0,16.0,11.0,16.0,16.0,24.0,16.0,19.0,6.0,10.0,6.0,0.0,0.0,0.0,9.0,3.5,-2.0,32.5,25.0,15.5,69.5,59.5,49.5,1028.0,1020.5,1016.0,16.0,16.0,13.5,25.5,11.0,0.0,-9.797958971132712,-7.483314773547883,-4.47213595499958,-17.10263137648707,-13.24764129949177,-5.522680508593631,-10.954451150103322,-4.743416490252569,1.224744871391589,10.954451150103322,6.928203230275509,5.244044240850758,0.0,0.0,0.0,6.041522986797286,6.48074069840786,0.0,-11.789826122551595,-8.406346808612328,-4.320493798938574,-15.853495934125487,-12.54325848148452,-6.0553007081949835,-11.313708498984761,-1.7320508075688772,13.892443989449804,9.018499505645789,5.916079783099616,4.320493798938574,0.0,0.0,0.0,4.618802153517006,5.773502691896258,0.0
1113,0,1.0,17.0,9.0,-2.0,9.0,6.0,-5.0,1.0,3.0,18.0,47.0,31.0,15.0,35.0,28.0,13.0,18.0,24.0,60.0,79.0,68.0,55.0,64.0,58.0,49.0,50.0,48.0,1036.0,1020.0,1024.0,1026.0,1015.0,1020.0,1020.0,1012.0,1015.0,16.0,16.0,16.0,16.0,16.0,16.0,16.0,11.0,16.0,27.0,24.0,16.0,16.0,6.0,10.0,0.0,0.0,0.0,4.0,-1.0,-6.0,15.5,13.0,9.5,66.5,51.5,35.5,1040.0,1033.5,1028.5,16.0,16.0,16.0,23.0,11.0,0.0,-10.488088481701515,-7.648529270389178,-4.47213595499958,-20.808652046684813,-14.422205101855956,-6.082762530298219,-9.797958971132712,-8.06225774829855,-19.1049731745428,12.649110640673518,13.152946437965905,13.285330255586423,0.0,0.0,3.5355339059327378,-5.244044240850758,0.0,0.0,-7.211102550927978,-6.0,-3.8297084310253524,-14.259499757471625,-11.060440015358038,-6.0553007081949835,-4.864839839775475,-5.597618541248888,-15.556349186104045,10.066445913694333,10.344080432788601,10.708252269472673,0.0,0.0,0.0,1.7320508075688772,-2.309401076758503,0.0
1114,3,7.0,1.0,17.0,0.0,-2.0,9.0,-7.0,-5.0,1.0,13.0,18.0,47.0,11.0,15.0,35.0,6.0,13.0,18.0,73.0,60.0,79.0,48.0,55.0,64.0,22.0,49.0,50.0,1044.0,1036.0,1020.0,1041.0,1026.0,1015.0,1037.0,1020.0,1012.0,16.0,16.0,16.0,16.0,16.0,16.0,16.0,16.0,11.0,19.0,27.0,24.0,6.0,16.0,6.0,0.0,0.0,0.0,9.5,1.5,-6.5,22.5,14.5,8.5,77.0,49.0,20.5,1043.0,1039.5,1035.0,16.0,16.0,16.0,21.0,6.0,0.0,5.522680508593631,2.5495097567963922,-1.224744871391589,12.96148139681572,4.06201920231798,-3.4641016151377544,10.793516572461451,-4.743416490252569,-19.209372712298546,5.477225575051661,10.392304845413264,11.683321445547923,0.0,0.0,0.0,-4.898979485566356,-7.0710678118654755,0.0,-8.06225774829855,-6.0,-3.605551275463989,-12.974333637352377,-11.060440015358038,-4.041451884327381,-6.531972647421808,-6.48074069840786,-15.695009822658072,10.263202878893768,10.598742063723098,10.598742063723098,0.0,0.0,2.886751345948129,-3.605551275463989,0.0,0.0
1115,14,12.0,7.0,1.0,3.0,0.0,-2.0,-6.0,-7.0,-5.0,32.0,13.0,18.0,18.0,11.0,15.0,11.0,6.0,13.0,81.0,73.0,60.0,50.0,48.0,55.0,19.0,22.0,49.0,1042.0,1044.0,1036.0,1038.0,1041.0,1026.0,1033.0,1037.0,1020.0,16.0,16.0,16.0,16.0,16.0,16.0,16.0,16.0,16.0,23.0,19.0,27.0,6.0,6.0,16.0,0.0,0.0,0.0,17.0,8.5,0.0,43.5,32.5,23.0,85.0,59.5,34.0,1036.5,1032.0,1026.5,16.0,16.0,16.0,23.5,7.0,0.0,7.905694150420948,8.06225774829855,8.514693182963201,21.095023109728988,21.095023109728988,17.334935823359714,8.0,13.509256086106296,21.106870919205434,-7.905694150420948,-8.74642784226795,-9.617692030835672,0.0,0.0,0.0,2.9154759474226504,1.4142135623730951,0.0,7.32575365861197,6.683312551921141,6.855654600401044,16.98038083593337,17.068489485989478,13.564659966250536,9.9498743710662,10.263202878893768,7.3484692283495345,-4.509249752822894,4.898979485566356,5.887840577551898,0.0,0.0,0.0,-3.958114029012639,-5.656854249492381,0.0
1116,21,22.0,12.0,7.0,14.0,3.0,0.0,6.0,-6.0,-7.0,55.0,32.0,13.0,47.0,18.0,11.0,35.0,11.0,6.0,89.0,81.0,73.0,69.0,50.0,48.0,49.0,19.0,22.0,1031.0,1042.0,1044.0,1026.0,1038.0,1041.0,1020.0,1033.0,1037.0,16.0,16.0,16.0,16.0,16.0,16.0,16.0,16.0,16.0,24.0,23.0,19.0,8.0,6.0,6.0,0.0,0.0,0.0,24.0,17.5,10.5,56.5,51.5,44.0,89.5,67.5,45.5,1025.0,1021.5,1017.5,16.0,16.0,16.0,25.5,9.5,0.0,7.615773105863909,9.219544457292887,10.606601717798213,16.401219466856727,21.470910553583888,21.213203435596427,5.70087712549569,13.2664991614216,20.627651344736268,-11.510864433221338,-10.606601717798213,-9.848857801796104,0.0,0.0,0.0,2.23606797749979,2.5495097567963922,0.0,6.855654600401044,7.724420150837645,8.679477710861024,17.31088289679838,17.99073835801818,17.55942292142123,6.557438524302,10.893423092245461,16.753109164172084,-9.46924847422786,-8.831760866327848,-8.366600265340756,0.0,0.0,0.0,2.943920288775949,2.0816659994661326,0.0
1117,21,26.0,22.0,12.0,21.0,14.0,3.0,15.0,6.0,-6.0,58.0,55.0,32.0,56.0,47.0,18.0,53.0,35.0,11.0,90.0,89.0,81.0,66.0,69.0,50.0,42.0,49.0,19.0,1019.0,1031.0,1042.0,1017.0,1026.0,1038.0,1015.0,1020.0,1033.0,16.0,16.0,16.0,16.0,16.0,16.0,16.0,16.0,16.0,27.0,24.0,23.0,11.0,8.0,6.0,0.0,0.0,0.0,26.5,21.0,15.0,60.5,58.0,55.0,91.5,69.0,46.5,1018.0,1015.5,1013.5,16.0,16.0,15.0,26.5,12.0,0.0,2.9154759474226504,4.949747468305833,6.363961030678928,4.123105625617661,6.96419413859206,13.038404810405298,2.23606797749979,3.6742346141747673,4.0,-8.602325267042627,-6.708203932499369,-4.123105625617661,0.0,0.0,-1.4142135623730951,2.0,2.5495097567963922,0.0,6.244997998398398,7.52772652709081,8.660254037844387,13.69914839202301,17.682382946499793,17.473789896108208,4.96655480858378,11.372481406154654,17.62573875520305,-9.46924847422786,-8.831760866327848,-8.225975119502044,0.0,0.0,-1.1547005383792515,1.7320508075688772,2.3804761428476167,0.0
1118,23,27.0,26.0,22.0,21.0,21.0,14.0,15.0,15.0,6.0,63.0,58.0,55.0,60.0,56.0,47.0,57.0,53.0,35.0,93.0,90.0,89.0,72.0,66.0,69.0,51.0,42.0,49.0,1017.0,1019.0,1031.0,1014.0,1017.0,1026.0,1012.0,1015.0,1020.0,16.0,16.0,16.0,16.0,16.0,16.0,14.0,16.0,16.0,26.0,27.0,24.0,13.0,11.0,8.0,0.0,0.0,0.0,27.0,22.0,17.0,64.0,61.5,58.0,90.0,71.0,51.5,1019.0,1015.5,1013.0,16.0,16.0,12.5,24.5,13.0,0.0,0.7071067811865476,1.4142135623730951,2.8284271247461903,3.8078865529319543,3.5355339059327378,3.1622776601683795,-3.6742346141747673,4.0,6.4031242374328485,2.449489742783178,0.0,-1.5811388300841898,0.0,0.0,-2.5495097567963922,-2.23606797749979,1.4142135623730951,0.0,2.3804761428476167,4.203173404306164,5.686240703077327,3.559026084010437,5.94418483337567,10.708252269472673,-2.943920288775949,2.7688746209726918,3.3166247903554,-6.6332495807108,-5.196152422706632,-3.1622776601683795,0.0,0.0,-2.0816659994661326,-0.5773502691896257,2.0816659994661326,0.0
1119,19,27.0,27.0,26.0,23.0,21.0,21.0,19.0,15.0,15.0,65.0,63.0,58.0,63.0,60.0,56.0,59.0,57.0,53.0,87.0,93.0,90.0,70.0,72.0,66.0,52.0,51.0,42.0,1021.0,1017.0,1019.0,1017.0,1014.0,1017.0,1014.0,1012.0,1015.0,16.0,16.0,16.0,16.0,16.0,16.0,11.0,14.0,16.0,23.0,26.0,27.0,13.0,13.0,11.0,0.0,0.0,0.0,26.5,21.0,16.0,67.0,63.0,55.0,93.5,72.0,50.0,1024.5,1020.5,1017.5,16.0,14.5,5.5,23.0,12.0,8.5,-0.7071067811865476,-2.449489742783178,-3.1622776601683795,3.1622776601683795,2.1213203435596424,-5.477225575051661,8.154753215150045,2.449489742783178,-2.7386127875258306,5.70087712549569,5.385164807134504,5.1478150704935,0.0,-2.1213203435596424,-8.06225774829855,-2.1213203435596424,-1.4142135623730951,12.020815280171307,0.0,-2.0,-2.581988897471611,3.872983346207417,2.886751345948129,-3.8297084310253524,6.879922480183431,4.0,4.69041575982343,4.509249752822894,4.041451884327381,3.8297084310253524,0.0,-1.7320508075688772,-6.683312551921141,-1.8257418583505538,0.0,9.814954576223638
1120,11,26.0,27.0,27.0,19.0,23.0,21.0,13.0,19.0,15.0,69.0,65.0,63.0,63.0,63.0,60.0,51.0,59.0,57.0,100.0,87.0,93.0,74.0,70.0,72.0,48.0,52.0,51.0,1028.0,1021.0,1017.0,1024.0,1017.0,1014.0,1021.0,1014.0,1012.0,16.0,16.0,16.0,13.0,16.0,16.0,0.0,11.0,14.0,23.0,23.0,26.0,11.0,13.0,13.0,17.0,0.0,0.0,19.5,15.0,10.5,60.0,56.5,48.5,100.0,83.0,65.5,1029.0,1025.5,1023.0,15.0,9.0,1.0,18.0,8.5,9.5,-9.219544457292887,-6.324555320336759,-5.522680508593631,-12.409673645990857,-9.192388155425117,-6.670832032063167,9.192388155425117,13.038404810405298,24.586581706288495,5.1478150704935,5.385164807134504,5.70087712549569,-1.4142135623730951,-6.041522986797286,-7.648529270389178,-7.0710678118654755,-3.8078865529319543,5.656854249492381,-7.52772652709081,-5.033222956847166,-3.872983346207417,-10.066445913694333,-7.302967433402215,-5.32290647422377,6.658328118479393,10.583005244258363,20.08316044185609,4.795831523312719,4.725815626252608,4.795831523312719,-1.1547005383792515,-4.932882862316247,-6.48074069840786,-6.027713773341708,-3.1091263510296048,4.618802153517006
1121,17,13.0,26.0,27.0,11.0,19.0,23.0,8.0,13.0,19.0,51.0,69.0,65.0,50.0,63.0,63.0,46.0,51.0,59.0,100.0,100.0,87.0,92.0,74.0,70.0,83.0,48.0,52.0,1030.0,1028.0,1021.0,1027.0,1024.0,1017.0,1025.0,1021.0,1014.0,14.0,16.0,16.0,5.0,13.0,16.0,2.0,0.0,11.0,13.0,23.0,23.0,6.0,11.0,13.0,2.0,17.0,0.0,18.0,14.0,9.5,58.5,54.5,48.0,100.0,89.5,78.0,1027.0,1021.5,1017.5,15.0,5.5,2.0,20.0,7.0,8.5,-5.873670062235365,-3.7416573867739413,-2.8284271247461903,-7.035623639735144,-6.6332495807108,-2.1213203435596424,0.0,12.227019260637483,23.717082451262844,-4.0,-7.483314773547883,-10.222524150130436,0.0,-5.612486080160912,1.4142135623730951,6.928203230275509,-3.24037034920393,-5.291502622129181,-4.83045891539648,-3.8297084310253524,-4.163331998932265,-5.259911279353167,-5.41602560309064,-4.932882862316247,7.505553499465135,10.246950765959598,19.226717521892983,2.3804761428476167,-4.58257569495584,-7.302967433402215,0.0,-4.898979485566356,-6.244997998398398,5.656854249492381,-2.886751345948129,8.812869377601524
1122,18,23.0,13.0,26.0,17.0,11.0,19.0,11.0,8.0,13.0,66.0,51.0,69.0,59.0,50.0,63.0,50.0,46.0,51.0,100.0,100.0,100.0,87.0,92.0,74.0,73.0,83.0,48.0,1024.0,1030.0,1028.0,1016.0,1027.0,1024.0,1010.0,1025.0,1021.0,16.0,14.0,16.0,6.0,5.0,13.0,2.0,2.0,0.0,27.0,13.0,23.0,8.0,6.0,11.0,15.0,2.0,17.0,22.0,17.5,12.5,63.5,57.5,50.5,98.5,82.5,65.5,1021.0,1015.5,1011.5,16.0,10.0,2.0,20.5,5.0,11.5,6.928203230275509,4.301162633521313,3.0,10.0,6.0,2.9154759474226504,-2.1213203435596424,-7.280109889280518,-12.747548783981962,-6.0,-7.810249675906654,-10.392304845413264,1.4142135623730951,5.70087712549569,0.0,3.6742346141747673,-4.0,7.745966692414834,-4.932882862316247,-3.0,-1.5275252316519468,-6.429100507328637,-5.686240703077327,-1.632993161855452,-1.7320508075688772,8.524474568362947,17.320508075688775,-4.760952285695233,-6.137317546507322,-8.16496580927726,0.0,0.5773502691896257,1.1547005383792515,-4.932882862316247,-4.358898943540674,-5.916079783099616
1123,12,21.0,23.0,13.0,18.0,17.0,11.0,14.0,11.0,8.0,61.0,66.0,51.0,56.0,59.0,50.0,51.0,50.0,46.0,97.0,100.0,100.0,78.0,87.0,92.0,58.0,73.0,83.0,1018.0,1024.0,1030.0,1015.0,1016.0,1027.0,1013.0,1010.0,1025.0,16.0,16.0,14.0,14.0,6.0,5.0,2.0,2.0,2.0,14.0,27.0,13.0,2.0,8.0,6.0,8.0,15.0,2.0,18.0,15.0,11.5,58.0,52.0,48.5,98.5,82.0,65.0,1020.0,1017.5,1015.0,16.0,12.5,1.0,18.5,6.0,24.0,-4.47213595499958,-4.183300132670378,-2.8284271247461903,-5.522680508593631,-6.041522986797286,-3.4641016151377544,0.0,-2.9154759474226504,-3.8078865529319543,-3.1622776601683795,3.4641016151377544,3.5355339059327378,0.0,5.244044240850758,-1.4142135623730951,-6.6332495807108,3.7416573867739413,22.079402165819616,4.47213595499958,0.5773502691896257,-1.5275252316519468,7.393691004272944,1.632993161855452,-1.632993161855452,0.0,-3.7416573867739413,-6.557438524302,-4.320493798938574,-5.686240703077327,-8.16496580927726,1.1547005383792515,4.320493798938574,-1.1547005383792515,6.0,3.265986323710904,19.527758021169078
1124,11,15.0,21.0,23.0,12.0,18.0,17.0,9.0,14.0,11.0,55.0,61.0,66.0,48.0,56.0,59.0,46.0,51.0,50.0,100.0,97.0,100.0,86.0,78.0,87.0,72.0,58.0,73.0,1022.0,1018.0,1024.0,1020.0,1015.0,1016.0,1017.0,1013.0,1010.0,16.0,16.0,16.0,11.0,14.0,6.0,0.0,2.0,2.0,23.0,14.0,27.0,10.0,2.0,8.0,40.0,8.0,15.0,14.0,11.5,8.5,53.5,48.0,46.0,100.0,89.5,79.0,1021.0,1019.5,1016.5,16.0,12.0,1.5,18.5,8.0,26.5,-4.47213595499958,-4.301162633521313,-3.605551275463989,-4.743416490252569,-5.656854249492381,-3.5355339059327378,2.1213203435596424,7.516648189186454,14.0,2.449489742783178,3.4641016151377544,2.7386127875258306,0.0,-1.5811388300841898,1.5811388300841898,0.0,4.898979485566356,12.144957801491119,-3.8297084310253524,-3.4641016151377544,-2.3804761428476167,-4.83045891539648,-4.932882862316247,-2.8284271247461903,0.0,3.265986323710904,7.461009761866464,-2.8284271247461903,2.7688746209726918,2.8284271247461903,0.0,4.43471156521669,1.2909944487358056,-7.505553499465135,2.0,9.055385138137417
1125,17,13.0,15.0,21.0,11.0,12.0,18.0,8.0,9.0,14.0,52.0,55.0,61.0,48.0,48.0,56.0,46.0,46.0,51.0,100.0,100.0,97.0,93.0,86.0,78.0,86.0,72.0,58.0,1020.0,1022.0,1018.0,1019.0,1020.0,1015.0,1016.0,1017.0,1013.0,16.0,16.0,16.0,13.0,11.0,14.0,3.0,0.0,2.0,14.0,23.0,14.0,6.0,10.0,2.0,13.0,40.0,8.0,17.5,14.0,9.5,53.5,50.0,48.0,100.0,86.0,71.5,1018.0,1014.5,1011.0,16.0,14.5,9.5,16.5,5.5,13.0,6.2048368229954285,4.183300132670378,2.0,0.0,2.8284271247461903,2.8284271247461903,0.0,-8.573214099741124,-17.95828499606797,-3.1622776601683795,-6.4031242374328485,-7.106335201775948,0.0,2.5495097567963922,9.433981132056603,-5.291502622129181,-2.9154759474226504,-19.091883092036785,3.696845502136472,-0.5773502691896257,-2.3804761428476167,-3.4641016151377544,-4.0,-1.7320508075688772,1.7320508075688772,-5.259911279353167,-12.233832869001711,-1.1547005383792515,-4.358898943540674,-5.32290647422377,0.0,1.1547005383792515,7.615773105863909,2.886751345948129,3.958114029012639,9.91631652042901
1126,17,22.0,13.0,15.0,17.0,11.0,12.0,11.0,8.0,9.0,55.0,52.0,55.0,52.0,48.0,48.0,50.0,46.0,46.0,100.0,100.0,100.0,79.0,93.0,86.0,57.0,86.0,72.0,1016.0,1020.0,1022.0,1010.0,1019.0,1020.0,1006.0,1016.0,1017.0,16.0,16.0,16.0,16.0,13.0,11.0,16.0,3.0,0.0,19.0,14.0,23.0,5.0,6.0,10.0,13.0,13.0,40.0,23.0,17.0,9.5,55.0,51.0,48.0,96.5,72.5,47.5,1013.0,1008.5,1005.0,16.0,15.0,12.0,16.0,3.5,6.5,6.519202405202649,4.242640687119285,0.0,2.1213203435596424,2.449489742783178,0.0,-4.949747468305833,-13.509256086106296,-24.515301344262525,-5.0990195135927845,-6.708203932499369,-7.211102550927978,0.0,1.5811388300841898,7.245688373094719,-2.345207879911715,-2.23606797749979,-9.192388155425117,5.196152422706632,3.415650255319866,-0.5773502691896257,0.0,2.0,0.0,-4.041451884327381,-10.263202878893768,-18.31210892642716,-4.320493798938574,-5.507570547286102,-5.916079783099616,0.0,1.7320508075688772,6.164414002968976,-5.5377492419453835,-2.943920288775949,-17.301252363147974
1127,18,24.0,22.0,13.0,17.0,17.0,11.0,8.0,11.0,8.0,55.0,55.0,52.0,50.0,52.0,48.0,46.0,50.0,46.0,93.0,100.0,100.0,66.0,79.0,93.0,38.0,57.0,86.0,1010.0,1016.0,1020.0,1007.0,1010.0,1019.0,1004.0,1006.0,1016.0,16.0,16.0,16.0,14.0,16.0,13.0,8.0,16.0,3.0,13.0,19.0,14.0,2.0,5.0,6.0,0.0,13.0,13.0,25.5,17.5,8.5,56.5,50.5,39.5,96.5,64.0,30.5,1006.5,1004.5,1000.0,16.0,12.5,4.0,23.5,6.0,0.5,2.5495097567963922,0.7071067811865476,-2.0,2.1213203435596424,-1.224744871391589,-9.617692030835672,0.0,-9.617692030835672,-17.11724276862369,-6.519202405202649,-4.123105625617661,-5.830951894845301,0.0,-2.5495097567963922,-8.0,14.230249470757707,5.244044240850758,-9.16515138991168,5.597618541248888,3.5118845842842465,0.5773502691896257,2.449489742783178,2.0816659994661326,-7.505553499465135,0.0,-11.269427669584644,-21.80978373727412,-5.802298395176403,-6.191391873668904,-7.483314773547883,0.0,-1.1547005383792515,3.696845502136472,11.972189997378647,4.242640687119285,-7.483314773547883
1128,17,27.0,24.0,22.0,18.0,17.0,17.0,9.0,8.0,11.0,58.0,55.0,55.0,51.0,50.0,52.0,33.0,46.0,50.0,100.0,93.0,100.0,62.0,66.0,79.0,23.0,38.0,57.0,1003.0,1010.0,1016.0,1002.0,1007.0,1010.0,996.0,1004.0,1006.0,16.0,16.0,16.0,11.0,14.0,16.0,0.0,8.0,16.0,34.0,13.0,19.0,10.0,2.0,5.0,1.0,0.0,13.0,24.0,17.5,10.5,50.0,42.5,30.0,73.5,50.0,25.5,1009.5,1004.5,998.5,16.0,13.5,8.0,36.5,14.0,0.5,-3.6742346141747673,0.0,2.23606797749979,-11.113055385446435,-12.0,-10.124228365658293,-37.14835124201342,-17.204650534085253,-10.0,7.745966692414834,0.0,-4.415880433163924,0.0,2.8284271247461903,9.797958971132712,15.264337522473747,8.0,0.0,-2.7688746209726918,0.0,0.5773502691896257,-9.073771725877465,-9.865765724632494,-8.582928793055823,-30.599564267050166,-15.92691642053372,-13.674794331177344,5.291502622129181,-1.7320508075688772,-3.7859388972001824,0.0,2.0,6.531972647421808,11.972189997378647,6.298147875897061,-7.505553499465135
1129,16,21.0,27.0,24.0,17.0,18.0,17.0,12.0,9.0,8.0,42.0,58.0,55.0,34.0,51.0,50.0,27.0,33.0,46.0,47.0,100.0,93.0,38.0,62.0,66.0,28.0,23.0,38.0,1016.0,1003.0,1010.0,1007.0,1002.0,1007.0,1001.0,996.0,1004.0,16.0,16.0,16.0,16.0,11.0,14.0,16.0,0.0,8.0,39.0,34.0,13.0,18.0,10.0,2.0,0.0,1.0,0.0,22.5,16.5,10.0,40.5,35.0,30.5,56.0,41.0,25.5,1017.0,1010.5,1005.5,16.0,16.0,16.0,27.5,12.0,0.0,-3.6742346141747673,-1.0,-1.8708286933869707,-11.510864433221338,-11.937336386313323,2.5495097567963922,-35.249113464029136,-16.431676725154983,0.0,9.300537618869138,6.082762530298219,7.280109889280518,0.0,3.5355339059327378,11.313708498984761,-15.874507866387544,-6.324555320336759,-0.7071067811865476,-2.449489742783178,-0.5773502691896257,-1.4142135623730951,-9.237604307034012,-9.72967967955095,-7.211102550927978,-28.495613697550013,-13.613718571108091,-8.660254037844387,6.429100507328637,4.041451884327381,3.7416573867739413,0.0,2.309401076758503,8.0,-4.58257569495584,-2.309401076758503,0.0
1130,19,24.0,21.0,27.0,16.0,17.0,18.0,8.0,12.0,9.0,39.0,42.0,58.0,36.0,34.0,51.0,34.0,27.0,33.0,65.0,47.0,100.0,44.0,38.0,62.0,23.0,28.0,23.0,1018.0,1016.0,1003.0,1014.0,1007.0,1002.0,1010.0,1001.0,996.0,16.0,16.0,16.0,16.0,16.0,11.0,16.0,16.0,0.0,16.0,39.0,34.0,6.0,18.0,10.0,0.0,0.0,1.0,26.5,17.5,9.0,51.5,43.5,35.0,76.0,53.0,30.0,1013.5,1010.0,1006.5,16.0,16.0,16.0,19.5,8.5,0.0,4.123105625617661,2.0,-2.449489742783178,17.549928774784245,10.700467279516348,5.1478150704935,20.09975124224178,13.416407864998739,9.246621004453464,-6.2048368229954285,-2.7386127875258306,4.0,0.0,0.0,0.0,-15.491933384829668,-7.713624310270756,0.0,-0.816496580927726,1.5275252316519468,-1.0,10.954451150103322,-4.47213595499958,2.3804761428476167,-25.826343140289914,-8.48528137423857,8.082903768654761,5.5377492419453835,1.8257418583505538,4.358898943540674,0.0,2.886751345948129,9.237604307034012,-12.315302134607444,-4.281744192888376,-0.5773502691896257
1131,15,29.0,24.0,21.0,19.0,16.0,17.0,10.0,8.0,12.0,64.0,39.0,42.0,51.0,36.0,34.0,36.0,34.0,27.0,87.0,65.0,47.0,62.0,44.0,38.0,37.0,23.0,28.0,1009.0,1018.0,1016.0,1006.0,1014.0,1007.0,1003.0,1010.0,1001.0,16.0,16.0,16.0,16.0,16.0,16.0,16.0,16.0,16.0,23.0,16.0,39.0,11.0,6.0,18.0,0.0,0.0,0.0,25.0,17.0,9.5,63.5,43.5,31.5,85.5,57.5,29.5,1015.5,1009.5,1005.0,16.0,16.0,16.0,23.5,11.0,0.0,-4.415880433163924,-1.8708286933869707,1.224744871391589,17.663521732655695,0.0,-6.2048368229954285,15.411035007422441,11.022703842524301,-3.8078865529319543,6.6332495807108,-2.7386127875258306,-4.06201920231798,0.0,0.0,0.0,5.0,3.5355339059327378,0.0,-3.1622776601683795,-1.632993161855452,-2.0816659994661326,14.317821063276353,1.1547005383792515,-3.0550504633038935,16.319722219858196,9.643650760992955,-4.242640687119285,5.5377492419453835,3.366501646120693,4.0,0.0,0.0,0.0,-12.635927614016577,-6.298147875897061,0.0
1132,10,21.0,29.0,24.0,15.0,19.0,16.0,9.0,10.0,8.0,63.0,64.0,39.0,36.0,51.0,36.0,27.0,36.0,34.0,84.0,87.0,65.0,53.0,62.0,44.0,22.0,37.0,23.0,1022.0,1009.0,1018.0,1013.0,1006.0,1014.0,1007.0,1003.0,1010.0,16.0,16.0,16.0,16.0,16.0,16.0,16.0,16.0,16.0,24.0,23.0,16.0,11.0,11.0,6.0,0.0,0.0,0.0,18.0,12.5,6.5,46.5,31.5,25.5,74.0,49.5,25.0,1025.0,1019.0,1014.5,16.0,16.0,16.0,20.0,8.0,0.0,-7.0710678118654755,-4.527692569068709,-3.605551275463989,-23.345235059857504,-12.36931687685298,-6.708203932499369,-14.300349646075091,-8.06225774829855,-9.72111104761179,10.124228365658293,9.82344135219425,10.977249200050075,0.0,0.0,0.0,-5.612486080160912,-4.242640687119285,0.0,-5.0,-3.265986323710904,-2.70801280154532,-12.449899597988733,-5.196152422706632,-5.354126134736337,5.0,8.04155872120988,1.5275252316519468,6.429100507328637,6.557438524302,8.0,0.0,0.0,0.0,-2.160246899469287,-1.9148542155126762,0.0
1133,9,15.0,21.0,29.0,10.0,15.0,19.0,4.0,9.0,10.0,30.0,63.0,64.0,27.0,36.0,51.0,24.0,27.0,36.0,64.0,84.0,87.0,46.0,53.0,62.0,28.0,22.0,37.0,1028.0,1022.0,1009.0,1025.0,1013.0,1006.0,1022.0,1007.0,1003.0,16.0,16.0,16.0,16.0,16.0,16.0,16.0,16.0,16.0,16.0,24.0,23.0,5.0,11.0,11.0,0.0,0.0,0.0,14.5,9.5,3.5,30.0,25.5,22.5,67.0,47.0,27.0,1029.0,1026.5,1024.0,16.0,16.0,16.0,18.5,6.5,0.0,-4.301162633521313,-3.605551275463989,-3.605551275463989,-23.33452377915607,-6.708203932499369,-3.0,-13.490737563232042,-4.743416490252569,4.0,4.47213595499958,8.74642784226795,10.977249200050075,0.0,0.0,0.0,-4.415880433163924,-3.6742346141747673,0.0,-5.802298395176403,-3.7416573867739413,-3.0,-19.061304607327727,-10.246950765959598,-5.744562646538029,-11.150485789118488,-6.48074069840786,-8.020806277010642,8.34665601703261,8.205689083394114,9.255628917943215,0.0,0.0,0.0,-3.559026084010437,-3.0,0.0
1134,10,14.0,15.0,21.0,9.0,10.0,15.0,3.0,4.0,9.0,30.0,30.0,63.0,24.0,27.0,36.0,21.0,24.0,27.0,70.0,64.0,84.0,48.0,46.0,53.0,26.0,28.0,22.0,1030.0,1028.0,1022.0,1028.0,1025.0,1013.0,1026.0,1022.0,1007.0,16.0,16.0,16.0,16.0,16.0,16.0,16.0,16.0,16.0,21.0,16.0,24.0,8.0,5.0,11.0,0.0,0.0,0.0,15.0,9.5,3.5,33.5,27.5,21.0,76.0,50.0,24.0,1030.0,1028.0,1025.5,16.0,16.0,16.0,22.0,9.0,0.0,1.224744871391589,0.0,0.0,4.949747468305833,4.47213595499958,-2.1213203435596424,9.486832980505138,3.1622776601683795,-3.1622776601683795,1.4142135623730951,2.1213203435596424,2.7386127875258306,0.0,0.0,0.0,3.8078865529319543,2.5495097567963922,0.0,-3.3166247903554,-2.886751345948129,-2.886751345948129,-18.618986725025255,-3.696845502136472,-2.449489742783178,-8.563488385776752,-3.1091263510296048,2.309401076758503,3.6514837167011076,7.14142842854285,8.94427190999916,0.0,0.0,0.0,-3.415650255319866,-2.7688746209726918,0.0
1135,13,16.0,14.0,15.0,10.0,9.0,10.0,4.0,3.0,4.0,37.0,30.0,30.0,31.0,24.0,27.0,21.0,21.0,24.0,82.0,70.0,64.0,52.0,48.0,46.0,22.0,26.0,28.0,1030.0,1030.0,1028.0,1028.0,1028.0,1025.0,1025.0,1026.0,1022.0,16.0,16.0,16.0,16.0,16.0,16.0,16.0,16.0,16.0,23.0,21.0,16.0,10.0,8.0,5.0,0.0,0.0,0.0,18.5,11.5,4.0,35.5,30.5,24.5,73.5,48.0,22.0,1029.5,1027.5,1025.0,16.0,16.0,16.0,23.0,10.0,0.0,3.8078865529319543,2.23606797749979,0.7071067811865476,4.47213595499958,4.898979485566356,4.949747468305833,-8.514693182963201,-4.898979485566356,-2.8284271247461903,-0.7071067811865476,-0.7071067811865476,-0.7071067811865476,0.0,0.0,0.0,1.4142135623730951,1.4142135623730951,0.0,3.0550504633038935,1.7320508075688772,0.0,3.6514837167011076,3.605551275463989,3.6514837167011076,-6.027713773341708,-3.8297084310253524,-2.581988897471611,1.0,1.632993161855452,2.23606797749979,0.0,0.0,0.0,3.1091263510296048,2.0816659994661326,0.0
1136,17,21.0,16.0,14.0,13.0,10.0,9.0,4.0,4.0,3.0,34.0,37.0,30.0,30.0,31.0,24.0,28.0,21.0,21.0,65.0,82.0,70.0,44.0,52.0,48.0,22.0,22.0,26.0,1029.0,1030.0,1030.0,1027.0,1028.0,1028.0,1025.0,1025.0,1026.0,16.0,16.0,16.0,16.0,16.0,16.0,16.0,16.0,16.0,23.0,23.0,21.0,10.0,10.0,8.0,0.0,0.0,0.0,23.5,15.0,6.0,34.5,30.0,27.0,63.0,41.0,18.5,1027.5,1024.5,1022.0,16.0,16.0,16.0,21.0,9.0,0.0,5.0,3.5355339059327378,2.8284271247461903,-2.0,-0.7071067811865476,4.743416490252569,-12.349089035228468,-7.0710678118654755,-4.949747468305833,-2.23606797749979,-3.605551275463989,-4.242640687119285,0.0,0.0,0.0,-2.8284271247461903,-1.4142135623730951,0.0,4.242640687119285,2.943920288775949,2.3804761428476167,3.696845502136472,4.0,3.872983346207417,-7.32575365861197,-5.291502622129181,-4.654746681256314,-1.8257418583505538,-2.943920288775949,-3.5118845842842465,0.0,0.0,0.0,-2.0,0.0,0.0
1137,16,26.0,21.0,16.0,17.0,13.0,10.0,8.0,4.0,4.0,35.0,34.0,37.0,30.0,30.0,31.0,26.0,28.0,21.0,61.0,65.0,82.0,38.0,44.0,52.0,15.0,22.0,22.0,1026.0,1029.0,1030.0,1022.0,1027.0,1028.0,1019.0,1025.0,1025.0,16.0,16.0,16.0,16.0,16.0,16.0,16.0,16.0,16.0,19.0,23.0,23.0,8.0,10.0,10.0,0.0,0.0,0.0,26.0,16.5,7.5,42.5,33.0,27.5,64.0,41.0,18.0,1023.0,1019.5,1017.0,16.0,16.0,16.0,20.0,7.0,0.0,3.5355339059327378,2.7386127875258306,2.7386127875258306,10.63014581273465,4.242640687119285,1.5811388300841898,3.1622776601683795,0.0,-2.5495097567963922,-4.743416490252569,-5.0,-5.0990195135927845,0.0,0.0,0.0,-2.449489742783178,-2.0,0.0,4.08248290463863,2.8284271247461903,2.23606797749979,8.504900548115382,3.415650255319866,4.242640687119285,-9.46924847422786,-4.618802153517006,-2.0816659994661326,-3.9157800414902435,-4.123105625617661,-4.163331998932265,0.0,0.0,0.0,-2.0,-1.632993161855452,0.0
1138,19,26.0,26.0,21.0,16.0,17.0,13.0,7.0,8.0,4.0,50.0,35.0,34.0,36.0,30.0,30.0,29.0,26.0,28.0,67.0,61.0,65.0,44.0,38.0,44.0,21.0,15.0,22.0,1020.0,1026.0,1029.0,1017.0,1022.0,1027.0,1015.0,1019.0,1025.0,16.0,16.0,16.0,16.0,16.0,16.0,16.0,16.0,16.0,21.0,19.0,23.0,6.0,8.0,10.0,0.0,0.0,0.0,27.0,17.5,9.0,54.5,44.0,37.0,83.5,56.0,28.0,1019.5,1016.0,1013.5,16.0,14.5,9.5,22.0,6.0,0.0,1.4142135623730951,2.0,2.7386127875258306,12.36931687685298,12.083045973594572,11.510864433221338,23.717082451262844,17.4928556845359,10.770329614269007,-4.301162633521313,-3.8078865529319543,-3.5355339059327378,0.0,-2.1213203435596424,-9.192388155425117,2.0,-1.4142135623730951,0.0,3.1091263510296048,2.8284271247461903,3.2145502536643185,10.115993936995679,9.865765724632494,9.327379053088816,19.226717521892983,13.856406460551018,7.810249675906654,-3.9157800414902435,-4.242640687119285,-4.509249752822894,0.0,-1.7320508075688772,-7.505553499465135,-1.632993161855452,-1.632993161855452,0.0
1139,13,28.0,26.0,26.0,19.0,16.0,17.0,11.0,7.0,8.0,59.0,50.0,35.0,52.0,36.0,30.0,45.0,29.0,26.0,100.0,67.0,61.0,68.0,44.0,38.0,35.0,21.0,15.0,1019.0,1020.0,1026.0,1015.0,1017.0,1022.0,1012.0,1015.0,1019.0,16.0,16.0,16.0,13.0,16.0,16.0,3.0,16.0,16.0,23.0,21.0,19.0,6.0,6.0,8.0,0.0,0.0,0.0,23.0,16.0,9.5,49.0,43.5,38.5,82.5,60.0,37.0,1022.5,1019.0,1015.0,16.0,14.5,9.5,22.0,8.5,0.0,-6.928203230275509,-3.6742346141747673,1.8708286933869707,-12.62933094031509,-4.06201920231798,6.59545297913646,-8.246211251235321,12.649110640673518,10.295630140987,4.898979485566356,5.477225575051661,3.6742346141747673,0.0,0.0,0.0,0.0,3.5355339059327378,0.0,-5.656854249492381,-3.0550504633038935,1.4142135623730951,-5.597618541248888,1.0,5.656854249492381,-5.773502691896258,10.893423092245461,9.092121131323903,2.0,3.415650255319866,1.9148542155126762,0.0,0.0,0.0,1.1547005383792515,2.6457513110645907,0.0
1140,9,18.0,28.0,26.0,13.0,19.0,16.0,8.0,11.0,7.0,39.0,59.0,50.0,35.0,52.0,36.0,32.0,45.0,29.0,65.0,100.0,67.0,52.0,68.0,44.0,39.0,35.0,21.0,1026.0,1019.0,1020.0,1023.0,1015.0,1017.0,1018.0,1012.0,1015.0,16.0,16.0,16.0,16.0,13.0,16.0,16.0,3.0,16.0,21.0,23.0,21.0,11.0,6.0,6.0,0.0,0.0,0.0,15.0,11.0,7.5,38.0,34.5,31.5,63.0,54.5,46.0,1028.5,1025.5,1022.0,16.0,16.0,16.0,21.0,10.5,0.0,-8.246211251235321,-5.0990195135927845,-2.23606797749979,-14.212670403551895,-12.041594578792296,-9.219544457292887,-24.9098374141623,-10.747092630102339,10.295630140987,6.082762530298219,6.670832032063167,7.0710678118654755,0.0,2.1213203435596424,9.192388155425117,-1.4142135623730951,3.4641016151377544,0.0,-6.6332495807108,-3.7859388972001824,1.4142135623730951,-10.376254944182254,-3.366501646120693,5.354126134736337,-7.118052168020874,10.723805294763608,11.661903789690601,4.932882862316247,5.32290647422377,5.507570547286102,0.0,0.0,0.0,0.0,2.8284271247461903,0.0
1141,9,12.0,18.0,28.0,9.0,13.0,19.0,7.0,8.0,11.0,37.0,39.0,59.0,34.0,35.0,52.0,31.0,32.0,45.0,61.0,65.0,100.0,57.0,52.0,68.0,53.0,39.0,35.0,1031.0,1026.0,1019.0,1028.0,1023.0,1015.0,1026.0,1018.0,1012.0,16.0,16.0,16.0,16.0,16.0,13.0,16.0,16.0,3.0,21.0,21.0,23.0,10.0,11.0,6.0,0.0,0.0,0.0,11.5,9.0,7.5,44.5,40.0,33.5,80.5,67.0,53.5,1029.5,1026.0,1023.0,16.0,11.0,9.0,17.5,6.0,0.5,-4.301162633521313,-2.8284271247461903,0.0,10.51189802081432,8.455767262643882,3.4641016151377544,27.431733448690405,14.577379737113251,9.924716620639604,2.8284271247461903,2.1213203435596424,3.7416573867739413,0.0,-7.0710678118654755,-9.899494936611665,-4.949747468305833,-5.70087712549569,0.7071067811865476,-6.757711644237764,-4.163331998932265,-1.7320508075688772,-7.724420150837645,-6.97614984548545,-6.95221787153807,9.66091783079296,7.505553499465135,8.426149773176359,4.654746681256314,4.932882862316247,4.618802153517006,0.0,-5.507570547286102,-3.0,-4.203173404306164,-3.6514837167011076,0.5773502691896257
1142,17,11.0,12.0,18.0,9.0,9.0,13.0,8.0,7.0,8.0,52.0,37.0,39.0,46.0,34.0,35.0,36.0,31.0,32.0,100.0,61.0,65.0,77.0,57.0,52.0,54.0,53.0,39.0,1028.0,1031.0,1026.0,1024.0,1028.0,1023.0,1020.0,1026.0,1018.0,16.0,16.0,16.0,6.0,16.0,16.0,2.0,16.0,16.0,14.0,21.0,21.0,2.0,10.0,11.0,1.0,0.0,0.0,16.5,13.0,9.5,58.0,52.5,43.5,100.0,83.0,66.0,1024.0,1021.0,1017.5,16.0,8.0,1.0,16.5,3.5,1.0,7.745966692414834,5.656854249492381,2.23606797749979,13.583077707206124,12.509996003196804,11.180339887498949,27.577164466275352,16.492422502470642,16.98528775146303,-6.041522986797286,-5.0990195135927845,-5.522680508593631,0.0,-6.48074069840786,-10.0,-3.4641016151377544,-5.244044240850758,0.7071067811865476,5.291502622129181,4.0,1.7320508075688772,11.030261405182864,10.198039027185569,9.1104335791443,22.397916569776456,13.771952173409064,16.051998837112677,-4.0,-3.0,1.0,0.0,-5.291502622129181,-8.16496580927726,-2.8284271247461903,-4.320493798938574,0.5773502691896257
1143,23,22.0,11.0,12.0,17.0,9.0,9.0,11.0,8.0,7.0,64.0,52.0,37.0,59.0,46.0,34.0,51.0,36.0,31.0,100.0,100.0,61.0,89.0,77.0,57.0,78.0,54.0,53.0,1020.0,1028.0,1031.0,1018.0,1024.0,1028.0,1015.0,1020.0,1026.0,16.0,16.0,16.0,10.0,6.0,16.0,0.0,2.0,16.0,19.0,14.0,21.0,5.0,2.0,10.0,1.0,1.0,0.0,24.0,20.0,15.0,65.5,62.0,57.0,96.5,82.5,68.0,1018.0,1015.5,1012.0,16.0,12.0,2.5,19.0,6.5,1.0,8.276472678623424,7.0710678118654755,6.041522986797286,8.74642784226795,10.124228365658293,13.583077707206124,-4.949747468305833,-3.5355339059327378,9.38083151964686,-6.324555320336759,-5.522680508593631,-5.522680508593631,0.0,4.0,3.24037034920393,3.5355339059327378,3.0,0.0,6.733003292241386,5.773502691896258,4.96655480858378,11.224972160321824,10.785793124908958,11.460075625114056,22.150996967781534,11.180339887498949,7.681145747868608,-5.446711546122731,-5.066228051190222,-5.686240703077327,0.0,-4.760952285695233,-7.637626158259733,-2.8284271247461903,-3.9157800414902435,0.5773502691896257
1144,22,26.0,22.0,11.0,23.0,17.0,9.0,19.0,11.0,8.0,67.0,64.0,52.0,65.0,59.0,46.0,63.0,51.0,36.0,93.0,100.0,100.0,76.0,89.0,77.0,58.0,78.0,54.0,1016.0,1020.0,1028.0,1013.0,1018.0,1024.0,1009.0,1015.0,1020.0,16.0,16.0,16.0,14.0,10.0,6.0,5.0,0.0,2.0,19.0,19.0,14.0,8.0,5.0,2.0,1.0,1.0,1.0,28.0,22.5,16.0,66.5,59.5,49.5,96.5,67.5,37.5,1013.5,1011.0,1008.0,16.0,13.5,4.0,20.0,5.5,0.5,4.0,4.183300132670378,3.7416573867739413,2.0,-6.519202405202649,-17.10263137648707,0.0,-15.132745950421556,-32.25678223257862,-4.527692569068709,-4.527692569068709,-4.47213595499958,0.0,2.7386127875258306,3.24037034920393,1.4142135623730951,-2.8284271247461903,-0.7071067811865476,7.14142842854285,5.744562646538029,3.5118845842842465,7.118052168020874,5.291502622129181,-10.954451150103322,0.0,-10.23067283548187,-22.397916569776456,-5.916079783099616,-5.066228051190222,-4.654746681256314,0.0,3.2145502536643185,2.3804761428476167,3.1091263510296048,-1.5275252316519468,-0.5773502691896257
1145,21,30.0,26.0,22.0,22.0,23.0,17.0,13.0,19.0,11.0,66.0,67.0,64.0,54.0,65.0,59.0,36.0,63.0,51.0,100.0,93.0,100.0,59.0,76.0,89.0,17.0,58.0,78.0,1011.0,1016.0,1020.0,1009.0,1013.0,1018.0,1007.0,1009.0,1015.0,16.0,16.0,16.0,13.0,14.0,10.0,3.0,5.0,0.0,21.0,19.0,19.0,3.0,8.0,5.0,0.0,1.0,1.0,30.5,21.5,12.0,56.0,47.5,34.5,88.5,54.0,19.0,1016.5,1010.5,1007.0,16.0,14.5,9.5,25.0,5.5,0.0,2.9154759474226504,-1.0,-4.47213595499958,-14.159802258506296,-12.041594578792296,-19.209372712298546,-15.491933384829668,-13.946325680981353,-28.853076092507017,6.928203230275509,-1.8708286933869707,-1.4142135623730951,0.0,2.0,9.082951062292475,5.830951894845301,0.0,-0.7071067811865476,3.3166247903554,3.366501646120693,2.8284271247461903,-11.430952132988164,-9.201449161228174,-14.071247279470288,-13.279056191361393,-13.638181696985855,-26.236107434856518,5.163977794943222,-3.265986323710904,-3.6514837167011076,0.0,2.8284271247461903,7.958224257542215,4.760952285695233,1.7320508075688772,-0.5773502691896257
1146,13,31.0,30.0,26.0,21.0,22.0,23.0,11.0,13.0,19.0,46.0,66.0,67.0,41.0,54.0,65.0,33.0,36.0,63.0,77.0,100.0,93.0,49.0,59.0,76.0,21.0,17.0,58.0,1022.0,1011.0,1016.0,1012.0,1009.0,1013.0,1007.0,1007.0,1009.0,16.0,16.0,16.0,16.0,13.0,14.0,16.0,3.0,5.0,29.0,21.0,19.0,8.0,3.0,8.0,0.0,0.0,1.0,25.5,17.0,8.5,41.5,36.0,30.5,65.5,44.0,22.5,1025.5,1018.5,1014.5,16.0,16.0,16.0,22.5,8.0,0.0,-7.745966692414834,-5.70087712549569,-3.8078865529319543,-15.508062419270823,-11.597413504743201,-4.123105625617661,-23.0,-10.0,3.5355339059327378,9.219544457292887,9.433981132056603,10.606601717798213,0.0,2.1213203435596424,9.192388155425117,-7.245688373094719,3.5355339059327378,0.0,-5.887840577551898,-4.69041575982343,-4.654746681256314,-12.675435561221029,-11.40175425099138,-15.947831618540915,-18.33939293797189,-12.767145334803704,-23.49468024894146,6.95221787153807,7.3484692283495345,8.582928793055823,0.0,1.632993161855452,7.416198487095663,-5.802298395176403,0.0,-0.5773502691896257
1147,18,20.0,31.0,30.0,13.0,21.0,22.0,6.0,11.0,13.0,37.0,46.0,66.0,31.0,41.0,54.0,28.0,33.0,36.0,54.0,77.0,100.0,39.0,49.0,59.0,24.0,21.0,17.0,1029.0,1022.0,1011.0,1025.0,1012.0,1009.0,1022.0,1007.0,1007.0,16.0,16.0,16.0,16.0,16.0,13.0,16.0,16.0,3.0,16.0,29.0,21.0,8.0,8.0,3.0,0.0,0.0,0.0,23.0,15.5,8.5,50.0,41.0,32.0,70.5,54.5,38.0,1027.0,1023.0,1019.5,16.0,16.0,13.5,13.5,6.5,0.0,-6.519202405202649,-4.415880433163924,0.0,17.24818831066034,12.24744871391589,4.415880433163924,16.73320053068151,20.74849392124643,19.912307751739878,4.06201920231798,8.74642784226795,10.0,0.0,0.0,-3.5355339059327378,-9.848857801796104,-2.1213203435596424,0.0,-5.291502622129181,-3.6514837167011076,-1.1547005383792515,8.06225774829855,6.60807586719967,3.1622776601683795,3.2145502536643185,15.92691642053372,16.421530582338136,7.164728420068226,7.3484692283495345,8.16496580927726,0.0,1.7320508075688772,6.928203230275509,-6.582805886043833,2.309401076758503,0.0
1148,24,26.0,20.0,31.0,18.0,13.0,21.0,11.0,6.0,11.0,63.0,37.0,46.0,51.0,31.0,41.0,36.0,28.0,33.0,87.0,54.0,77.0,70.0,39.0,49.0,52.0,24.0,21.0,1025.0,1029.0,1022.0,1021.0,1025.0,1012.0,1017.0,1022.0,1007.0,16.0,16.0,16.0,16.0,16.0,16.0,11.0,16.0,16.0,11.0,16.0,29.0,5.0,8.0,8.0,0.0,0.0,0.0,28.0,21.0,15.0,65.0,57.5,49.0,90.0,70.5,50.0,1021.5,1018.5,1015.0,16.0,14.5,9.5,15.0,7.5,0.0,5.0990195135927845,5.522680508593631,6.670832032063167,18.601075237738275,16.867127793433,19.235384061671343,23.717082451262844,21.93171219946131,19.595917942265423,-5.70087712549569,-4.527692569068709,-4.527692569068709,0.0,-2.1213203435596424,-4.123105625617661,4.415880433163924,2.8284271247461903,0.0,-4.795831523312719,-1.0,4.618802153517006,14.27118308573843,12.503332889007368,15.438048235879215,14.094916341243982,16.950909513454825,16.09347693943108,-2.309401076758503,6.531972647421808,7.831560082980487,0.0,-1.7320508075688772,-3.366501646120693,-6.582805886043833,2.309401076758503,0.0
1149,23,30.0,26.0,20.0,24.0,18.0,13.0,19.0,11.0,6.0,67.0,63.0,37.0,64.0,51.0,31.0,62.0,36.0,28.0,93.0,87.0,54.0,71.0,70.0,39.0,48.0,52.0,24.0,1018.0,1025.0,1029.0,1016.0,1021.0,1025.0,1013.0,1017.0,1022.0,16.0,16.0,16.0,13.0,16.0,16.0,8.0,11.0,16.0,19.0,11.0,16.0,10.0,5.0,8.0,0.0,0.0,0.0,28.0,23.5,19.0,66.5,62.5,55.5,93.0,72.0,50.0,1020.0,1017.5,1014.0,16.0,13.5,8.0,21.0,9.0,0.0,0.0,4.183300132670378,5.656854249492381,2.7386127875258306,8.94427190999916,15.921683328090658,4.242640687119285,1.5811388300841898,0.0,-4.06201920231798,-2.8284271247461903,-2.449489742783178,0.0,-2.0,-2.1213203435596424,6.324555320336759,3.24037034920393,0.0,3.4641016151377544,4.47213595499958,5.446711546122731,15.17673658377628,13.662601021279464,13.796134724383252,19.364916731037084,17.944358444926362,16.165807537309522,-4.041451884327381,-3.265986323710904,-3.5118845842842465,0.0,-1.632993161855452,-3.366501646120693,4.281744192888376,2.0,0.0
1150,22,26.0,30.0,26.0,23.0,24.0,18.0,19.0,19.0,11.0,66.0,67.0,63.0,61.0,64.0,51.0,49.0,62.0,36.0,93.0,93.0,87.0,73.0,71.0,70.0,52.0,48.0,52.0,1022.0,1018.0,1025.0,1019.0,1016.0,1021.0,1015.0,1013.0,1017.0,16.0,16.0,16.0,14.0,13.0,16.0,8.0,8.0,11.0,23.0,19.0,11.0,8.0,10.0,5.0,0.0,0.0,0.0,26.0,22.5,18.0,65.0,58.0,45.5,88.5,68.0,47.0,1022.0,1018.5,1013.0,16.0,15.0,12.0,26.0,11.0,0.0,-2.8284271247461903,-1.0,-1.4142135623730951,-1.5811388300841898,-4.743416490252569,-10.44030650891055,-6.363961030678928,-6.928203230275509,-6.48074069840786,2.8284271247461903,2.0,-2.449489742783178,0.0,1.5811388300841898,5.656854249492381,5.0990195135927845,4.0,0.0,0.0,3.366501646120693,4.47213595499958,1.9148542155126762,6.429100507328637,12.355835328567093,-3.872983346207417,-5.627314338711377,-5.773502691896258,-3.3166247903554,-2.3804761428476167,-3.0550504633038935,0.0,-1.1547005383792515,4.281744192888376,6.2182527020592095,4.358898943540674,0.0
1151,14,26.0,26.0,30.0,22.0,23.0,24.0,17.0,19.0,19.0,64.0,66.0,67.0,55.0,61.0,64.0,42.0,49.0,62.0,84.0,93.0,93.0,63.0,73.0,71.0,42.0,52.0,48.0,1022.0,1022.0,1018.0,1018.0,1019.0,1016.0,1011.0,1015.0,1013.0,16.0,16.0,16.0,16.0,14.0,13.0,16.0,8.0,8.0,29.0,23.0,19.0,14.0,8.0,10.0,0.0,0.0,0.0,22.5,18.0,12.5,63.0,51.0,39.5,88.5,71.5,54.0,1021.0,1016.0,1011.0,16.0,14.5,9.5,30.5,14.0,11.0,-4.949747468305833,-5.70087712549569,-6.519202405202649,-2.0,-7.0710678118654755,-6.082762530298219,0.0,9.72111104761179,15.427248620541512,-1.4142135623730951,-2.9154759474226504,-2.8284271247461903,0.0,-1.5811388300841898,-7.245688373094719,4.743416490252569,4.242640687119285,15.556349186104045,-4.654746681256314,-4.69041575982343,-5.32290647422377,-1.7320508075688772,-6.027713773341708,-9.0,0.0,8.020806277010642,12.806248474865697,2.0,-1.632993161855452,-2.0,0.0,-1.1547005383792515,-5.916079783099616,4.509249752822894,3.265986323710904,12.701705922171767
1152,12,19.0,26.0,26.0,14.0,22.0,23.0,8.0,17.0,19.0,62.0,64.0,66.0,47.0,55.0,61.0,37.0,42.0,49.0,93.0,84.0,93.0,80.0,63.0,73.0,66.0,42.0,52.0,1020.0,1022.0,1022.0,1014.0,1018.0,1019.0,1011.0,1011.0,1015.0,16.0,16.0,16.0,13.0,16.0,14.0,3.0,16.0,8.0,32.0,29.0,23.0,14.0,14.0,8.0,22.0,0.0,0.0,18.5,13.0,7.0,50.0,40.0,32.0,87.5,66.5,45.0,1021.5,1017.5,1015.5,16.0,14.5,9.5,29.0,12.5,11.0,-5.0,-5.830951894845301,-6.519202405202649,-17.029386365926403,-11.40175425099138,-7.905694150420948,-4.47213595499958,-14.832396974191326,-24.372115213907882,1.5811388300841898,4.06201920231798,6.363961030678928,0.0,0.0,0.0,-3.6742346141747673,-2.1213203435596424,0.0,-4.08248290463863,-4.795831523312719,-5.446711546122731,-13.9522996909709,-9.93310961716756,-7.615773105863909,-6.3508529610858835,-13.416407864998739,-20.72036035722674,1.2909944487358056,3.265986323710904,4.654746681256314,0.0,1.1547005383792515,4.618802153517006,1.7320508075688772,3.0,0.0
1153,13,18.0,19.0,26.0,12.0,14.0,22.0,6.0,8.0,17.0,38.0,62.0,64.0,33.0,47.0,55.0,27.0,37.0,42.0,82.0,93.0,84.0,53.0,80.0,63.0,24.0,66.0,42.0,1023.0,1020.0,1022.0,1021.0,1014.0,1018.0,1020.0,1011.0,1011.0,16.0,16.0,16.0,16.0,13.0,16.0,16.0,3.0,16.0,26.0,32.0,29.0,11.0,14.0,14.0,0.0,22.0,0.0,19.5,12.5,5.0,38.5,34.5,30.5,80.5,53.5,26.0,1023.0,1020.0,1018.0,16.0,16.0,16.0,22.5,8.0,0.0,2.0,-1.224744871391589,-2.0,-16.95582495781317,-9.669539802906858,-5.049752469181039,-8.06225774829855,-19.078784028338912,-29.563490998188964,2.1213203435596424,4.743416490252569,5.70087712549569,0.0,2.1213203435596424,9.192388155425117,-6.519202405202649,-4.743416490252569,-15.556349186104045,-3.696845502136472,-4.725815626252608,-5.446711546122731,-13.892443989449804,-9.146948489341495,-5.033222956847166,-4.041451884327381,-12.096831541082704,-19.765289440498126,1.2909944487358056,3.1091263510296048,4.654746681256314,0.0,0.0,0.0,-5.033222956847166,-3.872983346207417,0.0
1154,18,21.0,18.0,19.0,13.0,12.0,14.0,4.0,6.0,8.0,39.0,38.0,62.0,36.0,33.0,47.0,34.0,27.0,37.0,79.0,82.0,93.0,54.0,53.0,80.0,28.0,24.0,66.0,1023.0,1023.0,1020.0,1019.0,1021.0,1014.0,1016.0,1020.0,1011.0,16.0,16.0,16.0,16.0,16.0,13.0,16.0,16.0,3.0,19.0,26.0,32.0,5.0,11.0,14.0,0.0,0.0,22.0,23.0,15.5,7.0,49.5,43.0,37.5,86.0,60.5,34.5,1019.0,1015.0,1011.5,16.0,16.0,16.0,20.0,7.5,0.0,3.5355339059327378,3.605551275463989,4.0,14.866068747318506,10.124228365658293,7.0,9.669539802906858,9.219544457292887,9.617692030835672,-5.656854249492381,-5.830951894845301,-6.96419413859206,0.0,0.0,0.0,-4.743416490252569,-2.345207879911715,0.0,2.8284271247461903,2.70801280154532,3.0550504633038935,-6.683312551921141,1.7320508075688772,-0.816496580927726,4.69041575982343,-13.650396819628847,-22.94195574342635,-4.281744192888376,-2.516611478423583,-2.309401076758503,0.0,1.7320508075688772,7.505553499465135,-5.196152422706632,-2.581988897471611,-12.701705922171767
1155,23,25.0,21.0,18.0,18.0,13.0,12.0,10.0,4.0,6.0,60.0,39.0,38.0,50.0,36.0,33.0,41.0,34.0,27.0,93.0,79.0,82.0,67.0,54.0,53.0,41.0,28.0,24.0,1015.0,1023.0,1023.0,1011.0,1019.0,1021.0,1007.0,1016.0,1020.0,16.0,16.0,16.0,16.0,16.0,16.0,16.0,16.0,16.0,21.0,19.0,26.0,10.0,5.0,11.0,0.0,0.0,0.0,27.5,20.5,13.5,62.0,53.0,43.0,91.5,62.5,33.5,1012.5,1009.5,1006.5,16.0,16.0,16.0,20.0,10.0,0.0,4.527692569068709,5.0,6.519202405202649,15.116216457830975,10.770329614269007,5.70087712549569,9.669539802906858,6.6332495807108,-5.291502622129181,-6.670832032063167,-6.041522986797286,-6.4031242374328485,0.0,0.0,0.0,0.0,3.5355339059327378,0.0,4.08248290463863,4.123105625617661,5.196152422706632,12.355835328567093,8.962886439832502,6.164414002968976,7.702813338860896,5.446711546122731,-3.6514837167011076,-5.446711546122731,-5.066228051190222,-5.715476066494082,0.0,0.0,0.0,-4.041451884327381,-1.9148542155126762,0.0
1156,22,30.0,25.0,21.0,23.0,18.0,13.0,17.0,10.0,4.0,64.0,60.0,39.0,56.0,50.0,36.0,45.0,41.0,34.0,90.0,93.0,79.0,58.0,67.0,54.0,26.0,41.0,28.0,1010.0,1015.0,1023.0,1008.0,1011.0,1019.0,1006.0,1007.0,1016.0,16.0,16.0,16.0,16.0,16.0,16.0,16.0,16.0,16.0,19.0,21.0,19.0,10.0,10.0,5.0,0.0,0.0,0.0,28.5,22.5,16.5,66.0,61.0,52.0,90.0,67.0,44.0,1012.5,1009.0,1007.0,16.0,13.5,9.5,25.5,11.5,1.0,2.8284271247461903,3.4641016151377544,4.898979485566356,4.0,8.246211251235321,10.295630140987,-2.1213203435596424,11.022703842524301,23.140872930812268,0.0,-1.5811388300841898,1.224744871391589,0.0,-3.5355339059327378,-9.192388155425117,9.082951062292475,2.1213203435596424,1.4142135623730951,3.265986323710904,4.041451884327381,5.291502622129181,12.556538801224908,10.519822558706334,9.327379053088816,7.895146188218008,11.718930554164631,20.33060090930254,-4.618802153517006,-4.795831523312719,-5.0990195135927845,0.0,-2.886751345948129,-7.505553499465135,7.505553499465135,3.366501646120693,1.1547005383792515
1157,18,27.0,30.0,25.0,22.0,23.0,18.0,16.0,17.0,10.0,68.0,64.0,60.0,66.0,56.0,50.0,59.0,45.0,41.0,90.0,90.0,93.0,76.0,58.0,67.0,62.0,26.0,41.0,1015.0,1010.0,1015.0,1010.0,1008.0,1011.0,1008.0,1006.0,1007.0,16.0,16.0,16.0,11.0,16.0,16.0,3.0,16.0,16.0,32.0,19.0,21.0,13.0,10.0,10.0,2.0,0.0,0.0,24.0,20.0,15.0,63.5,61.5,56.5,95.0,78.0,60.5,1016.0,1012.0,1009.5,16.0,12.0,2.5,33.0,9.5,15.0,-4.743416490252569,-2.9154759474226504,-1.5811388300841898,-5.70087712549569,3.082207001484488,9.246621004453464,7.0710678118654755,13.038404810405298,25.367301787931645,3.8078865529319543,3.1622776601683795,2.5495097567963922,0.0,-3.24037034920393,-9.219544457292887,9.300537618869138,-4.47213595499958,18.439088914585774,-2.581988897471611,1.632993161855452,3.8297084310253524,-4.041451884327381,4.281744192888376,7.895146188218008,5.507570547286102,9.291573243177568,18.81488772222678,1.1547005383792515,1.9148542155126762,2.0,0.0,-2.6457513110645907,-7.52772652709081,7.505553499465135,-3.6514837167011076,15.05545305418162
1158,19,21.0,27.0,30.0,18.0,22.0,23.0,14.0,16.0,17.0,59.0,68.0,64.0,57.0,66.0,56.0,54.0,59.0,45.0,100.0,90.0,90.0,80.0,76.0,58.0,59.0,62.0,26.0,1017.0,1015.0,1010.0,1014.0,1010.0,1008.0,1011.0,1008.0,1006.0,16.0,16.0,16.0,13.0,11.0,16.0,2.0,3.0,16.0,34.0,32.0,19.0,6.0,13.0,10.0,28.0,2.0,0.0,24.5,18.5,12.5,57.0,50.0,45.5,100.0,70.5,40.0,1017.0,1014.5,1012.0,16.0,14.5,8.0,29.0,8.0,14.0,2.5495097567963922,-2.7386127875258306,-2.5495097567963922,-6.96419413859206,-11.76860229593982,-12.529964086141668,7.0710678118654755,-13.133925536563698,-26.953663943887108,1.4142135623730951,2.9154759474226504,2.5495097567963922,0.0,2.5495097567963922,8.455767262643882,-6.928203230275509,-4.06201920231798,-7.3484692283495345,1.1547005383792515,-2.309401076758503,-2.160246899469287,-5.196152422706632,-7.681145747868608,-6.27162924074226,5.773502691896258,-2.6457513110645907,-7.234178138070235,3.1091263510296048,2.6457513110645907,2.3804761428476167,0.0,-2.0,-2.943920288775949,4.932882862316247,-2.8284271247461903,-5.887840577551898
1159,21,28.0,21.0,27.0,19.0,18.0,22.0,11.0,14.0,16.0,55.0,59.0,68.0,43.0,57.0,66.0,37.0,54.0,59.0,100.0,100.0,90.0,61.0,80.0,76.0,21.0,59.0,62.0,1017.0,1017.0,1015.0,1015.0,1014.0,1010.0,1013.0,1011.0,1008.0,16.0,16.0,16.0,16.0,13.0,11.0,14.0,2.0,3.0,24.0,34.0,32.0,10.0,6.0,13.0,0.0,28.0,2.0,29.5,20.0,11.0,52.0,44.0,38.5,85.5,54.5,22.5,1016.0,1013.0,1010.0,16.0,16.0,15.0,20.0,7.5,0.0,5.385164807134504,1.5811388300841898,-2.1213203435596424,-5.0990195135927845,-9.797958971132712,-11.832159566199232,-20.506096654409877,-16.278820596099706,-26.78619047195775,-1.4142135623730951,-2.7386127875258306,-4.0,0.0,2.1213203435596424,8.602325267042627,-9.055385138137417,-2.1213203435596424,-19.79898987322333,2.70801280154532,-1.9148542155126762,-2.0816659994661326,-6.658328118479393,-9.539392014169456,-10.082988974836116,-15.716233645501712,-13.089435944047908,-21.939310229205777,0.0,0.5773502691896257,-2.7688746209726918,0.0,2.0816659994661326,7.0,-7.302967433402215,-4.396968652757639,-6.0
1160,23,31.0,28.0,21.0,21.0,19.0,18.0,11.0,11.0,14.0,49.0,55.0,59.0,45.0,43.0,57.0,40.0,37.0,54.0,71.0,100.0,100.0,48.0,61.0,80.0,24.0,21.0,59.0,1015.0,1017.0,1017.0,1011.0,1015.0,1014.0,1007.0,1013.0,1011.0,16.0,16.0,16.0,16.0,16.0,13.0,16.0,14.0,2.0,16.0,24.0,34.0,5.0,10.0,6.0,0.0,0.0,28.0,31.5,22.0,12.0,54.5,47.0,41.0,72.0,49.0,25.0,1011.0,1007.5,1003.5,16.0,16.0,16.0,20.0,6.5,0.0,2.23606797749979,2.0,1.4142135623730951,6.519202405202649,3.1622776601683795,2.5495097567963922,-20.457272545478784,-9.082951062292475,2.5495097567963922,-5.830951894845301,-5.70087712549569,-6.519202405202649,0.0,0.0,1.4142135623730951,0.0,-2.8284271247461903,0.0,4.43471156521669,1.7320508075688772,-1.2909944487358056,4.795831523312719,-7.659416862050705,-9.591663046625438,-16.703293088490067,-13.241349377360804,-21.840329667841555,-4.760952285695233,-4.618802153517006,-5.196152422706632,0.0,1.7320508075688772,7.023769168568493,-5.773502691896258,0.0,-16.165807537309522
1161,19,32.0,31.0,28.0,23.0,21.0,19.0,13.0,11.0,11.0,60.0,49.0,55.0,49.0,45.0,43.0,42.0,40.0,37.0,73.0,71.0,100.0,50.0,48.0,61.0,26.0,24.0,21.0,1007.0,1015.0,1017.0,1004.0,1011.0,1015.0,1000.0,1007.0,1013.0,16.0,16.0,16.0,16.0,16.0,16.0,16.0,16.0,14.0,24.0,16.0,24.0,8.0,5.0,10.0,0.0,0.0,0.0,29.5,21.0,12.5,55.0,42.0,35.0,58.0,40.5,22.0,1012.0,1006.5,1001.5,16.0,16.0,16.0,25.5,9.0,0.0,-3.4641016151377544,-2.449489742783178,1.224744871391589,3.24037034920393,-9.486832980505138,-9.797958971132712,-21.166010488516726,-13.360389215887388,-5.477225575051661,4.242640687119285,-3.4641016151377544,-4.47213595499958,0.0,0.0,0.0,6.041522986797286,2.5495097567963922,0.0,-2.23606797749979,-1.632993161855452,1.0,-2.23606797749979,-7.659416862050705,-7.810249675906654,-24.06241883103193,-13.241349377360804,-4.123105625617661,3.265986323710904,-3.6514837167011076,-5.033222956847166,0.0,0.0,1.1547005383792515,1.7320508075688772,-2.0,0.0
1162,12,27.0,32.0,31.0,19.0,23.0,21.0,12.0,13.0,11.0,50.0,60.0,49.0,35.0,49.0,45.0,28.0,42.0,40.0,43.0,73.0,71.0,31.0,50.0,48.0,18.0,26.0,24.0,1017.0,1007.0,1015.0,1009.0,1004.0,1011.0,1003.0,1000.0,1007.0,16.0,16.0,16.0,16.0,16.0,16.0,16.0,16.0,16.0,27.0,24.0,16.0,10.0,8.0,5.0,0.0,0.0,0.0,22.0,15.5,9.5,41.5,31.5,25.0,50.5,36.5,21.5,1020.5,1014.5,1010.0,16.0,16.0,16.0,24.0,10.0,0.0,-7.905694150420948,-5.70087712549569,-3.605551275463989,-13.946325680981353,-11.067971810589327,-10.770329614269007,-18.371173070873837,-10.954451150103322,-2.7386127875258306,8.631338250816034,8.54400374531753,10.124228365658293,0.0,0.0,0.0,-3.6742346141747673,1.4142135623730951,0.0,-6.429100507328637,-4.509249752822894,-2.70801280154532,-9.451631252505216,-8.736894948054104,-8.717797887081348,-14.95548951611637,-8.86942313043338,-1.9148542155126762,5.32290647422377,5.686240703077327,7.211102550927978,0.0,0.0,0.0,3.5118845842842465,2.0816659994661326,0.0
1163,14,17.0,27.0,32.0,12.0,19.0,23.0,7.0,12.0,13.0,33.0,50.0,60.0,28.0,35.0,49.0,22.0,28.0,42.0,58.0,43.0,73.0,42.0,31.0,50.0,25.0,18.0,26.0,1024.0,1017.0,1007.0,1020.0,1009.0,1004.0,1017.0,1003.0,1000.0,16.0,16.0,16.0,16.0,16.0,16.0,16.0,16.0,16.0,21.0,27.0,24.0,10.0,10.0,8.0,0.0,0.0,0.0,19.5,13.0,6.5,48.5,39.0,27.5,75.5,59.5,42.5,1021.0,1017.0,1014.5,16.0,16.0,15.0,20.0,7.5,0.0,-6.123724356957945,-4.743416490252569,-3.605551275463989,18.33030277982336,14.747881203752625,6.519202405202649,26.92582403567252,25.942243542145693,25.238858928247925,2.5495097567963922,6.519202405202649,9.246621004453464,0.0,0.0,-1.4142135623730951,-4.47213595499958,-3.5355339059327378,0.0,-5.773502691896258,-4.509249752822894,-3.0,13.808210118138652,8.925618559330589,-6.082762530298219,13.5400640077266,18.119970566569176,20.08316044185609,6.137317546507322,6.0553007081949835,7.745966692414834,0.0,0.0,-1.1547005383792515,-3.2145502536643185,-2.6457513110645907,0.0
1164,23,22.0,17.0,27.0,14.0,12.0,19.0,6.0,7.0,12.0,64.0,33.0,50.0,50.0,28.0,35.0,33.0,22.0,28.0,93.0,58.0,43.0,77.0,42.0,31.0,60.0,25.0,18.0,1018.0,1024.0,1017.0,1014.0,1020.0,1009.0,1012.0,1017.0,1003.0,16.0,16.0,16.0,16.0,16.0,16.0,14.0,16.0,16.0,19.0,21.0,27.0,5.0,10.0,10.0,0.0,0.0,0.0,25.0,18.5,12.5,65.0,57.5,48.5,93.0,76.5,59.0,1016.5,1013.5,1011.5,16.0,14.5,10.0,20.0,7.5,0.0,5.522680508593631,6.519202405202649,9.16515138991168,21.965882636488796,18.828170383762732,23.259406699226016,24.748737341529164,24.73863375370596,24.708298201211672,-4.743416490252569,-4.301162633521313,-3.605551275463989,0.0,-2.1213203435596424,-5.830951894845301,0.0,0.0,0.0,-3.605551275463989,3.4641016151377544,6.904105059069326,15.01110699893027,14.832396974191326,18.672618098881223,21.9848432637882,21.173883284209662,20.575065816014618,1.1547005383792515,5.291502622129181,7.52772652709081,0.0,-1.7320508075688772,-4.760952285695233,-3.4641016151377544,0.0,0.0
1165,24,28.0,22.0,17.0,23.0,14.0,12.0,19.0,6.0,7.0,66.0,64.0,33.0,65.0,50.0,28.0,64.0,33.0,22.0,93.0,93.0,58.0,76.0,77.0,42.0,58.0,60.0,25.0,1015.0,1018.0,1024.0,1013.0,1014.0,1020.0,1011.0,1012.0,1017.0,16.0,16.0,16.0,13.0,16.0,16.0,6.0,14.0,16.0,21.0,19.0,21.0,10.0,5.0,10.0,0.0,0.0,0.0,27.5,23.5,20.0,67.0,66.0,65.0,91.5,77.5,62.5,1015.0,1012.5,1010.0,16.0,12.0,4.5,22.0,10.5,0.0,4.183300132670378,6.4031242374328485,9.300537618869138,2.0,10.700467279516348,21.965882636488796,-2.1213203435596424,2.0,6.2048368229954285,-2.1213203435596424,-1.0,-1.5811388300841898,0.0,-2.5495097567963922,-6.041522986797286,2.0,3.605551275463989,0.0,4.47213595499958,5.354126134736337,7.571877794400365,17.97220075561143,15.416441439796236,19.026297590440446,20.132891827388665,20.273134932713294,20.83266665599966,-3.872983346207417,-3.559026084010437,-3.1622776601683795,0.0,-2.0816659994661326,-5.066228051190222,1.1547005383792515,0.5773502691896257,0.0
1166,18,27.0,28.0,22.0,24.0,23.0,14.0,21.0,19.0,6.0,68.0,66.0,64.0,67.0,65.0,50.0,66.0,64.0,33.0,90.0,93.0,93.0,79.0,76.0,77.0,67.0,58.0,60.0,1015.0,1015.0,1018.0,1012.0,1013.0,1014.0,1009.0,1011.0,1012.0,16.0,16.0,16.0,11.0,13.0,16.0,3.0,6.0,14.0,23.0,21.0,19.0,11.0,10.0,5.0,0.0,0.0,0.0,25.0,21.0,16.5,67.5,56.0,44.5,91.5,69.0,45.5,1020.5,1015.5,1010.0,16.0,12.5,7.0,28.5,12.0,0.0,-2.9154759474226504,-4.183300132670378,-6.2048368229954285,1.224744871391589,-15.491933384829668,-30.37268509697488,0.0,-13.982131454109563,-29.732137494637012,7.7781745930520225,4.898979485566356,0.0,0.0,1.5811388300841898,5.244044240850758,7.905694150420948,1.5811388300841898,0.0,2.516611478423583,3.9157800414902435,5.5377492419453835,1.5275252316519468,-9.219544457292887,-17.165857586111645,0.0,-11.430952132988164,-24.303634844744245,6.110100926607787,3.958114029012639,-0.5773502691896257,0.0,-1.1547005383792515,-1.7320508075688772,6.557438524302,3.1622776601683795,0.0
1167,14,23.0,27.0,28.0,18.0,24.0,23.0,12.0,21.0,19.0,67.0,68.0,66.0,45.0,67.0,65.0,23.0,66.0,64.0,93.0,90.0,93.0,59.0,79.0,76.0,24.0,67.0,58.0,1026.0,1015.0,1015.0,1019.0,1012.0,1013.0,1011.0,1009.0,1011.0,16.0,16.0,16.0,14.0,11.0,13.0,11.0,3.0,6.0,34.0,23.0,21.0,13.0,11.0,10.0,0.0,0.0,0.0,21.0,16.0,10.5,47.5,33.5,21.0,67.5,44.5,21.0,1029.0,1024.0,1018.5,16.0,15.0,13.5,27.5,10.5,0.0,-4.0,-5.0990195135927845,-6.708203932499369,-27.586228448267445,-22.5055548698538,-30.53686296920494,-36.0,-24.9098374141623,-30.700162866017504,8.860022573334675,8.631338250816034,10.700467279516348,0.0,2.5495097567963922,6.670832032063167,-4.898979485566356,-3.24037034920393,0.0,-3.3166247903554,-4.123105625617661,-5.354126134736337,-22.494443758403985,-18.33939293797189,-24.906491790963525,-29.444863728670914,-20.264912204760886,-24.52209887699936,7.234178138070235,7.023769168568493,8.660254037844387,0.0,1.7320508075688772,5.163977794943222,-3.8297084310253524,-2.581988897471611,0.0
1168,13,19.0,23.0,27.0,14.0,18.0,24.0,9.0,12.0,21.0,28.0,67.0,68.0,22.0,45.0,67.0,19.0,23.0,66.0,42.0,93.0,90.0,30.0,59.0,79.0,18.0,24.0,67.0,1032.0,1026.0,1015.0,1029.0,1019.0,1012.0,1026.0,1011.0,1009.0,16.0,16.0,16.0,16.0,14.0,11.0,16.0,11.0,3.0,21.0,34.0,23.0,8.0,13.0,11.0,0.0,0.0,0.0,20.5,13.5,6.5,33.0,25.5,21.5,56.0,37.5,18.5,1033.5,1030.5,1028.0,16.0,16.0,16.0,22.0,9.0,0.0,-1.8708286933869707,-2.9154759474226504,-4.123105625617661,-26.65520587052368,-15.491933384829668,2.1213203435596424,-30.14133374620307,-17.549928774784245,-4.183300132670378,4.743416490252569,7.3824115301167,10.977249200050075,0.0,1.4142135623730951,3.5355339059327378,-9.082951062292475,-3.24037034920393,0.0,-2.7688746209726918,-4.203173404306164,-6.191391873668904,-21.77154105707724,-17.925772879665004,-24.765567494675615,-24.54927018602929,-18.40289832245635,-25.059928172283335,7.438637868140466,7.2571803523590805,9.03696114115064,0.0,2.0816659994661326,5.446711546122731,-3.8297084310253524,-2.3804761428476167,0.0
1169,14,22.0,19.0,23.0,13.0,14.0,18.0,4.0,9.0,12.0,38.0,28.0,67.0,29.0,22.0,45.0,24.0,19.0,23.0,70.0,42.0,93.0,45.0,30.0,59.0,19.0,18.0,24.0,1035.0,1032.0,1026.0,1032.0,1029.0,1019.0,1030.0,1026.0,1011.0,16.0,16.0,16.0,16.0,16.0,14.0,16.0,16.0,11.0,23.0,21.0,34.0,10.0,8.0,13.0,0.0,0.0,0.0,18.5,13.5,8.0,47.5,40.5,31.5,85.0,58.5,31.5,1032.0,1029.5,1027.0,16.0,13.0,9.5,22.0,8.0,8.5,-4.47213595499958,0.0,4.415880433163924,15.182226450688976,17.0,11.180339887498949,29.017236257093817,21.840329667841555,17.69180601295413,-3.6742346141747673,-2.8284271247461903,-3.1622776601683795,0.0,-4.242640687119285,-9.192388155425117,0.0,-2.449489742783178,12.020815280171307,-4.320493798938574,-2.309401076758503,3.1622776601683795,-18.79716290649558,4.041451884327381,8.831760866327848,-17.483325389257807,6.137317546507322,14.023789311975086,1.7320508075688772,5.291502622129181,8.266397845091497,0.0,-3.265986323710904,-6.928203230275509,-7.505553499465135,-3.5118845842842465,9.814954576223638
1170,19,15.0,22.0,19.0,14.0,13.0,14.0,12.0,4.0,9.0,57.0,38.0,28.0,52.0,29.0,22.0,39.0,24.0,19.0,100.0,70.0,42.0,72.0,45.0,30.0,44.0,19.0,18.0,1029.0,1035.0,1032.0,1027.0,1032.0,1029.0,1024.0,1030.0,1026.0,16.0,16.0,16.0,10.0,16.0,16.0,3.0,16.0,16.0,21.0,23.0,21.0,6.0,10.0,8.0,17.0,0.0,0.0,19.5,16.5,13.0,61.0,56.0,48.0,100.0,78.0,56.0,1026.5,1023.5,1020.0,16.0,10.0,2.5,20.0,6.0,12.0,4.0,3.605551275463989,5.830951894845301,14.577379737113251,17.219175357722563,16.56804152578089,21.213203435596427,20.89258241577618,24.50510150968569,-5.522680508593631,-6.082762530298219,-7.0710678118654755,0.0,-4.242640687119285,-9.219544457292887,-2.0,-2.8284271247461903,9.72111104761179,3.696845502136472,2.886751345948129,3.7859388972001824,13.228756555322953,14.628738838327793,13.832329280830953,23.692474191889147,19.131126469708992,20.016659728003237,-4.163331998932265,-4.654746681256314,-5.291502622129181,0.0,-3.4641016151377544,-7.52772652709081,-1.1547005383792515,-2.0,7.937253933193772
1171,24,24.0,15.0,22.0,19.0,14.0,13.0,14.0,12.0,4.0,65.0,57.0,38.0,60.0,52.0,29.0,57.0,39.0,24.0,100.0,100.0,70.0,84.0,72.0,45.0,68.0,44.0,19.0,1024.0,1029.0,1035.0,1020.0,1027.0,1032.0,1016.0,1024.0,1030.0,16.0,16.0,16.0,10.0,10.0,16.0,2.0,3.0,16.0,19.0,21.0,23.0,6.0,6.0,10.0,7.0,17.0,0.0,26.5,21.5,17.0,66.0,63.0,60.5,96.5,80.0,63.0,1020.5,1017.0,1012.5,16.0,13.0,9.0,22.5,10.0,7.0,7.280109889280518,5.0,4.47213595499958,5.830951894845301,7.0710678118654755,13.656500283747663,-4.949747468305833,6.324555320336759,15.427248620541512,-6.082762530298219,-6.519202405202649,-7.516648189186454,0.0,4.242640687119285,9.874208829065749,4.743416490252569,5.656854249492381,-7.0710678118654755,4.358898943540674,4.123105625617661,5.887840577551898,11.958260743101398,14.479871085982314,14.11854572303158,16.842406795546374,16.421530582338136,19.157244060668017,-6.0553007081949835,-6.0553007081949835,-7.047458170621991,0.0,0.0,2.943920288775949,3.696845502136472,4.0,7.937253933193772
1172,21,29.0,24.0,15.0,24.0,19.0,14.0,20.0,14.0,12.0,67.0,65.0,57.0,66.0,60.0,52.0,64.0,57.0,39.0,93.0,100.0,100.0,76.0,84.0,72.0,58.0,68.0,44.0,1017.0,1024.0,1029.0,1014.0,1020.0,1027.0,1009.0,1016.0,1024.0,16.0,16.0,16.0,16.0,10.0,10.0,16.0,2.0,3.0,26.0,19.0,21.0,14.0,6.0,6.0,7.0,7.0,17.0,27.0,22.5,18.0,67.0,58.5,49.0,93.0,68.5,43.5,1021.5,1017.0,1011.5,16.0,16.0,12.0,26.5,12.0,7.0,2.1213203435596424,2.8284271247461903,3.1622776601683795,1.4142135623730951,-9.72111104761179,-20.627651344736268,-4.949747468305833,-12.020815280171307,-21.691011963483863,4.0,0.0,-3.4641016151377544,0.0,4.242640687119285,8.12403840463596,5.0,4.898979485566356,0.0,5.477225575051661,3.696845502136472,2.8284271247461903,4.760952285695233,-6.454972243679028,-13.253930234714028,-4.041451884327381,-6.95221787153807,-11.030261405182864,1.5275252316519468,-4.041451884327381,-5.41602560309064,0.0,3.4641016151377544,6.60807586719967,3.9157800414902435,4.0,-5.773502691896258
1173,20,25.0,29.0,24.0,21.0,24.0,19.0,16.0,20.0,14.0,67.0,67.0,65.0,51.0,66.0,60.0,34.0,64.0,57.0,93.0,93.0,100.0,61.0,76.0,84.0,29.0,58.0,68.0,1026.0,1017.0,1024.0,1020.0,1014.0,1020.0,1014.0,1009.0,1016.0,16.0,16.0,16.0,16.0,16.0,10.0,8.0,16.0,2.0,27.0,26.0,19.0,10.0,14.0,6.0,7.0,7.0,7.0,24.5,20.5,16.0,65.5,50.5,33.5,85.5,58.5,31.5,1026.5,1022.0,1017.5,16.0,16.0,12.0,23.0,8.0,7.0,-2.9154759474226504,-2.23606797749979,-2.8284271247461903,-2.1213203435596424,-10.63014581273465,-21.224985276791124,-10.606601717798213,-11.180339887498949,-20.199009876724155,6.4031242374328485,5.0990195135927845,6.082762530298219,0.0,0.0,0.0,-5.612486080160912,-4.0,0.0,1.632993161855452,2.23606797749979,2.581988897471611,-1.2909944487358056,-7.958224257542215,-16.852299546352718,-9.556847457887633,-10.23067283548187,-17.473789896108208,3.3166247903554,2.309401076758503,2.886751345948129,0.0,3.4641016151377544,8.082903768654761,-2.160246899469287,3.265986323710904,0.0
1174,23,24.0,25.0,29.0,20.0,21.0,24.0,16.0,16.0,20.0,64.0,67.0,67.0,50.0,51.0,66.0,33.0,34.0,64.0,78.0,93.0,93.0,56.0,61.0,76.0,34.0,29.0,58.0,1027.0,1026.0,1017.0,1024.0,1020.0,1014.0,1021.0,1014.0,1009.0,16.0,16.0,16.0,16.0,16.0,16.0,16.0,8.0,16.0,19.0,27.0,26.0,6.0,10.0,14.0,7.0,7.0,7.0,25.5,21.5,17.5,65.0,57.0,46.0,85.5,67.5,49.0,1024.5,1022.0,1018.5,16.0,16.0,13.0,21.0,7.0,7.0,2.0,2.0,2.1213203435596424,-1.5811388300841898,9.874208829065749,18.371173070873837,0.0,15.874507866387544,21.50581316760657,-3.4641016151377544,0.0,3.4641016151377544,0.0,0.0,3.7416573867739413,-4.898979485566356,-2.449489742783178,0.0,-1.632993161855452,-0.5773502691896257,-1.5275252316519468,-1.2909944487358056,-3.1622776601683795,-8.660254037844387,0.0,9.643650760992955,5.291502622129181,4.358898943540674,3.4641016151377544,4.041451884327381,0.0,0.0,-3.4641016151377544,-3.958114029012639,-3.0550504633038935,0.0
1175,23,27.0,24.0,25.0,23.0,20.0,21.0,19.0,16.0,16.0,66.0,64.0,67.0,64.0,50.0,51.0,59.0,33.0,34.0,93.0,78.0,93.0,79.0,56.0,61.0,64.0,34.0,29.0,1022.0,1027.0,1026.0,1020.0,1024.0,1020.0,1016.0,1021.0,1014.0,16.0,16.0,16.0,16.0,16.0,16.0,10.0,16.0,8.0,23.0,19.0,27.0,8.0,6.0,10.0,7.0,7.0,7.0,27.5,23.0,18.0,65.5,63.0,59.0,93.0,74.5,55.5,1022.0,1020.0,1017.0,16.0,16.0,13.0,21.0,5.5,7.0,2.23606797749979,2.1213203435596424,1.5811388300841898,1.224744871391589,9.797958971132712,18.384776310850235,10.606601717798213,14.966629547095765,17.478558292948534,-3.5355339059327378,-2.8284271247461903,-3.24037034920393,0.0,0.0,0.0,0.0,-3.24037034920393,0.0,1.7320508075688772,1.632993161855452,1.2909944487358056,-1.4142135623730951,7.979139469057215,15.0,0.0,11.874342087037917,14.560219778561036,-2.8284271247461903,0.0,3.0550504633038935,0.0,0.0,4.618802153517006,-4.618802153517006,-3.5118845842842465,0.0
1176,18,28.0,27.0,24.0,23.0,23.0,20.0,17.0,19.0,16.0,65.0,66.0,64.0,62.0,64.0,50.0,59.0,59.0,33.0,93.0,93.0,78.0,70.0,79.0,56.0,47.0,64.0,34.0,1022.0,1022.0,1027.0,1020.0,1020.0,1024.0,1018.0,1016.0,1021.0,16.0,16.0,16.0,16.0,16.0,16.0,16.0,10.0,16.0,19.0,23.0,19.0,3.0,8.0,6.0,7.0,7.0,7.0,23.5,20.5,16.5,64.5,62.0,59.0,96.5,82.0,67.0,1021.5,1019.5,1017.0,16.0,13.0,9.0,16.5,4.5,13.0,-6.324555320336759,-3.5355339059327378,-1.5811388300841898,-1.0,-1.4142135623730951,0.0,4.949747468305833,15.732132722552274,25.602734228984215,-0.7071067811865476,-0.7071067811865476,0.0,0.0,-4.242640687119285,-8.94427190999916,-4.527692569068709,-2.8284271247461903,8.48528137423857,-4.864839839775475,-2.309401076758503,1.1547005383792515,0.816496580927726,8.0,15.01110699893027,9.556847457887633,18.475208614068023,27.147743920996454,-2.943920288775949,-2.3804761428476167,-2.886751345948129,0.0,-3.4641016151377544,-8.082903768654761,-2.886751345948129,-2.0,6.928203230275509
1177,13,19.0,28.0,27.0,18.0,23.0,23.0,16.0,17.0,19.0,64.0,65.0,66.0,62.0,62.0,64.0,59.0,59.0,59.0,100.0,93.0,93.0,94.0,70.0,79.0,87.0,47.0,64.0,1021.0,1022.0,1022.0,1019.0,1020.0,1020.0,1016.0,1018.0,1016.0,16.0,16.0,16.0,10.0,16.0,16.0,2.0,16.0,10.0,14.0,19.0,23.0,6.0,3.0,8.0,19.0,7.0,7.0,18.0,15.5,12.0,62.0,54.5,51.0,96.5,89.5,82.0,1023.5,1021.0,1017.5,16.0,12.0,4.0,21.5,8.5,9.5,-6.519202405202649,-5.0,-5.70087712549569,-2.9154759474226504,-10.606601717798213,-11.313708498984761,0.0,15.732132722552274,27.386127875258307,3.4641016151377544,2.7386127875258306,1.5811388300841898,0.0,-3.1622776601683795,-9.486832980505138,10.0,4.123105625617661,-10.41633332799983,-5.291502622129181,-4.08248290463863,-4.795831523312719,-2.449489742783178,-8.736894948054104,-9.237604307034012,0.0,11.74734012447073,20.09145755455952,2.8284271247461903,2.23606797749979,1.7320508075688772,0.0,-2.581988897471611,-6.928203230275509,7.831560082980487,1.7320508075688772,-8.504900548115382
1178,14,17.0,19.0,28.0,13.0,18.0,23.0,8.0,16.0,17.0,60.0,64.0,65.0,47.0,62.0,62.0,43.0,59.0,59.0,93.0,100.0,93.0,85.0,94.0,70.0,77.0,87.0,47.0,1026.0,1021.0,1022.0,1023.0,1019.0,1020.0,1019.0,1016.0,1018.0,16.0,16.0,16.0,14.0,10.0,16.0,6.0,2.0,16.0,29.0,14.0,19.0,11.0,6.0,3.0,0.0,19.0,7.0,19.0,13.5,8.5,56.0,47.5,44.5,96.5,85.0,60.5,1025.0,1022.0,1018.5,16.0,12.0,4.5,24.0,8.0,0.0,2.449489742783178,-3.4641016151377544,-5.612486080160912,-6.324555320336759,-10.583005244258363,-11.113055385446435,0.0,-6.363961030678928,-24.38237068047322,3.24037034920393,2.449489742783178,2.0,0.0,0.0,1.8708286933869707,7.905694150420948,-2.345207879911715,-13.435028842544403,-4.795831523312719,-4.041451884327381,-4.618802153517006,-5.196152422706632,-8.640987597877148,-9.073771725877465,4.041451884327381,12.84523257866513,11.704699910719626,2.581988897471611,1.9148542155126762,1.1547005383792515,0.0,-3.4641016151377544,-7.937253933193772,5.773502691896258,-0.816496580927726,-8.504900548115382
1179,14,21.0,17.0,19.0,14.0,13.0,18.0,9.0,8.0,16.0,52.0,60.0,64.0,48.0,47.0,62.0,46.0,43.0,59.0,100.0,93.0,100.0,85.0,85.0,94.0,44.0,77.0,87.0,1024.0,1026.0,1021.0,1021.0,1023.0,1019.0,1018.0,1019.0,1016.0,16.0,16.0,16.0,10.0,14.0,10.0,3.0,6.0,2.0,19.0,29.0,14.0,5.0,11.0,6.0,0.0,0.0,19.0,22.0,14.0,6.5,49.0,45.5,43.5,78.5,65.5,39.5,1025.5,1022.5,1019.0,16.0,13.0,9.5,19.0,5.0,0.0,3.1622776601683795,0.7071067811865476,-3.4641016151377544,-7.0710678118654755,-3.4641016151377544,-2.8284271247461903,-30.0,-27.577164466275352,-24.186773244895647,1.5811388300841898,1.5811388300841898,1.224744871391589,0.0,3.1622776601683795,8.94427190999916,-7.0710678118654755,-4.242640687119285,0.0,2.309401076758503,-2.8284271247461903,-5.41602560309064,-6.2182527020592095,-9.1104335791443,-9.521904571390467,-24.826061575153908,-23.108440016582687,-20.575065816014618,3.1622776601683795,2.6457513110645907,2.0,0.0,3.4641016151377544,7.659416862050705,6.454972243679028,-1.9148542155126762,-10.969655114602888
1180,17,23.0,21.0,17.0,14.0,14.0,13.0,4.0,9.0,8.0,46.0,52.0,60.0,43.0,48.0,47.0,41.0,46.0,43.0,57.0,100.0,93.0,46.0,85.0,85.0,35.0,44.0,77.0,1027.0,1024.0,1026.0,1024.0,1021.0,1023.0,1020.0,1018.0,1019.0,16.0,16.0,16.0,16.0,10.0,14.0,16.0,3.0,6.0,19.0,19.0,29.0,5.0,5.0,11.0,0.0,0.0,0.0,23.5,15.5,6.5,50.0,46.0,42.5,71.5,55.0,38.0,1027.0,1024.5,1021.5,16.0,15.0,8.0,21.0,7.5,0.0,1.5811388300841898,2.1213203435596424,0.0,3.7416573867739413,2.345207879911715,-2.8284271247461903,-22.44994432064365,-24.464259645450134,-4.743416490252569,2.1213203435596424,2.23606797749979,2.5495097567963922,0.0,4.0,-6.59545297913646,2.8284271247461903,3.5355339059327378,0.0,2.6457513110645907,1.8257418583505538,0.5773502691896257,-3.4641016151377544,2.0,-1.5275252316519468,-17.879224442538515,-19.974984355438178,-19.44222209522358,1.2909944487358056,1.4142135623730951,2.0,0.0,2.309401076758503,-5.656854249492381,-5.291502622129181,-1.9148542155126762,0.0
1181,21,24.0,23.0,21.0,17.0,14.0,14.0,9.0,4.0,9.0,54.0,46.0,52.0,49.0,43.0,48.0,44.0,41.0,46.0,86.0,57.0,100.0,64.0,46.0,85.0,41.0,35.0,44.0,1027.0,1027.0,1024.0,1025.0,1024.0,1021.0,1023.0,1020.0,1018.0,16.0,16.0,16.0,14.0,16.0,10.0,0.0,16.0,3.0,23.0,19.0,19.0,10.0,5.0,5.0,0.0,0.0,0.0,25.0,19.0,11.5,58.5,54.0,49.5,93.0,71.0,48.5,1026.0,1023.5,1020.5,16.0,12.5,1.5,23.0,10.0,0.5,1.5811388300841898,3.5355339059327378,5.0,8.514693182963201,8.246211251235321,8.06225774829855,22.7705950734714,16.1245154965971,11.423659658795863,-1.4142135623730951,-2.0,-2.8284271247461903,0.0,-2.5495097567963922,-11.113055385446435,2.8284271247461903,3.5355339059327378,0.7071067811865476,1.7320508075688772,2.886751345948129,2.886751345948129,6.027713773341708,6.082762530298219,5.916079783099616,-16.451950239004088,-18.266545011760343,7.745966692414834,1.2909944487358056,0.5773502691896257,-2.0,0.0,2.7688746209726918,-5.0990195135927845,2.309401076758503,2.886751345948129,0.5773502691896257
1182,23,26.0,24.0,23.0,21.0,17.0,14.0,14.0,9.0,4.0,63.0,54.0,46.0,59.0,49.0,43.0,55.0,44.0,41.0,100.0,86.0,57.0,78.0,64.0,46.0,56.0,41.0,35.0,1025.0,1027.0,1027.0,1022.0,1025.0,1024.0,1018.0,1023.0,1020.0,16.0,16.0,16.0,11.0,14.0,16.0,3.0,0.0,16.0,23.0,23.0,19.0,10.0,10.0,5.0,1.0,0.0,0.0,27.0,22.0,16.0,63.5,60.5,58.0,93.5,73.5,53.5,1023.5,1021.0,1018.0,16.0,13.5,8.5,23.5,11.5,0.5,2.0,3.1622776601683795,4.527692569068709,6.4031242374328485,7.3824115301167,8.860022573334675,3.6742346141747673,7.582875444051551,10.0,-2.5495097567963922,-2.5495097567963922,-3.5355339059327378,0.0,2.8284271247461903,8.06225774829855,0.7071067811865476,2.1213203435596424,0.0,1.7320508075688772,3.1091263510296048,4.69041575982343,6.97614984548545,6.95221787153807,7.438637868140466,17.009801096230763,12.096831541082704,8.86942313043338,-2.0816659994661326,-2.0,-2.309401076758503,0.0,2.0,-6.48074069840786,2.3804761428476167,3.366501646120693,0.0
1183,24,28.0,26.0,24.0,23.0,21.0,17.0,18.0,14.0,9.0,64.0,63.0,54.0,62.0,59.0,49.0,61.0,55.0,44.0,87.0,100.0,86.0,69.0,78.0,64.0,51.0,56.0,41.0,1022.0,1025.0,1027.0,1020.0,1022.0,1025.0,1018.0,1018.0,1023.0,16.0,16.0,16.0,16.0,11.0,14.0,14.0,3.0,0.0,24.0,23.0,23.0,13.0,10.0,10.0,0.0,1.0,0.0,28.5,23.5,18.0,65.0,62.5,61.0,90.0,70.5,51.0,1024.5,1022.0,1020.0,16.0,16.0,12.5,20.0,9.5,0.0,1.5811388300841898,1.5811388300841898,2.8284271247461903,1.5811388300841898,2.23606797749979,4.242640687119285,-8.154753215150045,-6.0,-3.5355339059327378,2.8284271247461903,2.449489742783178,2.8284271247461903,0.0,3.5355339059327378,7.483314773547883,-5.612486080160912,-4.47213595499958,-0.7071067811865476,1.7320508075688772,2.6457513110645907,3.696845502136472,5.354126134736337,6.0553007081949835,7.234178138070235,4.58257569495584,6.429100507328637,8.16496580927726,2.0,1.0,-1.7320508075688772,0.0,2.309401076758503,6.3508529610858835,-4.58257569495584,-3.6514837167011076,0.0
1184,24,29.0,28.0,26.0,24.0,23.0,21.0,18.0,18.0,14.0,66.0,64.0,63.0,63.0,62.0,59.0,61.0,61.0,55.0,93.0,87.0,100.0,72.0,69.0,78.0,51.0,51.0,56.0,1027.0,1022.0,1025.0,1024.0,1020.0,1022.0,1022.0,1018.0,1018.0,16.0,16.0,16.0,16.0,16.0,11.0,11.0,14.0,3.0,16.0,24.0,23.0,6.0,13.0,10.0,0.0,0.0,1.0,29.0,24.0,18.0,65.5,62.5,60.0,93.0,70.5,47.5,1026.0,1023.5,1021.0,16.0,16.0,12.5,17.5,8.0,0.0,0.7071067811865476,0.7071067811865476,0.0,1.224744871391589,0.0,-1.4142135623730951,4.242640687119285,0.0,-4.949747468305833,3.24037034920393,2.7386127875258306,2.449489742783178,0.0,0.0,0.0,-5.244044240850758,-4.06201920231798,0.0,1.2909944487358056,1.2909944487358056,2.309401076758503,1.1547005383792515,1.7320508075688772,3.265986323710904,-6.658328118479393,-5.196152422706632,-4.96655480858378,2.0,1.9148542155126762,2.0,0.0,2.886751345948129,6.3508529610858835,-4.242640687119285,-2.8284271247461903,-0.5773502691896257
1185,24,29.0,29.0,28.0,24.0,24.0,23.0,18.0,18.0,18.0,65.0,66.0,64.0,62.0,63.0,62.0,59.0,61.0,61.0,93.0,93.0,87.0,69.0,72.0,69.0,44.0,51.0,51.0,1025.0,1027.0,1022.0,1023.0,1024.0,1020.0,1020.0,1022.0,1018.0,16.0,16.0,16.0,16.0,16.0,16.0,14.0,11.0,14.0,19.0,16.0,24.0,10.0,6.0,13.0,0.0,0.0,0.0,29.0,24.0,18.0,65.0,61.0,56.0,90.0,66.0,41.5,1023.5,1021.5,1018.5,16.0,16.0,15.0,20.0,10.5,0.0,0.0,0.0,0.0,-0.7071067811865476,-1.5811388300841898,-4.47213595499958,-4.242640687119285,-4.743416490252569,-6.082762530298219,-2.5495097567963922,-2.23606797749979,-2.5495097567963922,0.0,0.0,2.5495097567963922,2.5495097567963922,2.9154759474226504,0.0,0.5773502691896257,0.5773502691896257,0.0,1.0,-1.1547005383792515,-3.6514837167011076,0.0,-3.4641016151377544,-4.96655480858378,2.0,1.4142135623730951,1.0,0.0,0.0,1.1547005383792515,-4.123105625617661,-3.265986323710904,0.0
1186,23,29.0,29.0,29.0,24.0,24.0,24.0,18.0,18.0,18.0,65.0,65.0,66.0,60.0,62.0,63.0,53.0,59.0,61.0,87.0,93.0,93.0,63.0,69.0,72.0,39.0,44.0,51.0,1022.0,1025.0,1027.0,1020.0,1023.0,1024.0,1017.0,1020.0,1022.0,16.0,16.0,16.0,16.0,16.0,16.0,16.0,14.0,11.0,21.0,19.0,16.0,11.0,10.0,6.0,0.0,0.0,0.0,29.0,23.5,17.5,64.0,60.5,56.0,90.0,66.5,43.0,1021.5,1019.0,1016.0,16.0,16.0,14.5,21.0,12.0,0.0,0.0,-0.7071067811865476,-0.7071067811865476,-1.4142135623730951,-1.224744871391589,0.0,0.0,2.5495097567963922,4.415880433163924,-2.23606797749979,-2.5495097567963922,-2.5495097567963922,0.0,0.0,-1.5811388300841898,1.4142135623730951,1.5811388300841898,0.0,0.0,-0.5773502691896257,-0.5773502691896257,-1.2909944487358056,-1.1547005383792515,-1.1547005383792515,0.0,1.1547005383792515,-1.8257418583505538,-2.160246899469287,-2.160246899469287,-2.3804761428476167,0.0,0.0,1.1547005383792515,2.0816659994661326,2.6457513110645907,0.0
1187,24,29.0,29.0,29.0,23.0,24.0,24.0,17.0,18.0,18.0,63.0,65.0,65.0,61.0,60.0,62.0,59.0,53.0,59.0,93.0,87.0,93.0,70.0,63.0,69.0,47.0,39.0,44.0,1021.0,1022.0,1025.0,1018.0,1020.0,1023.0,1015.0,1017.0,1020.0,16.0,16.0,16.0,16.0,16.0,16.0,13.0,16.0,14.0,21.0,21.0,19.0,13.0,11.0,10.0,0.0,0.0,0.0,28.5,23.5,18.5,63.5,61.5,58.5,90.0,68.5,47.0,1021.0,1018.0,1015.5,16.0,16.0,14.5,22.0,12.0,0.0,-0.7071067811865476,0.0,2.0,-1.224744871391589,1.0,4.183300132670378,0.0,4.47213595499958,5.656854249492381,-0.7071067811865476,-1.4142135623730951,-1.224744871391589,0.0,0.0,0.0,1.4142135623730951,0.0,0.0,-0.5773502691896257,0.0,1.632993161855452,-1.0,-0.816496580927726,-0.5773502691896257,-3.4641016151377544,1.1547005383792515,3.605551275463989,-1.8257418583505538,-2.0816659994661326,-2.0,0.0,0.0,1.1547005383792515,1.632993161855452,0.5773502691896257,0.0
1188,24,28.0,29.0,29.0,24.0,23.0,24.0,20.0,17.0,18.0,64.0,63.0,65.0,62.0,61.0,60.0,58.0,59.0,53.0,87.0,93.0,87.0,67.0,70.0,63.0,47.0,47.0,39.0,1021.0,1021.0,1022.0,1018.0,1018.0,1020.0,1016.0,1015.0,1017.0,16.0,16.0,16.0,16.0,16.0,16.0,16.0,13.0,16.0,23.0,21.0,21.0,11.0,13.0,11.0,0.0,0.0,0.0,28.5,24.0,19.0,63.5,60.5,50.5,87.0,61.5,35.5,1020.5,1017.5,1014.5,16.0,16.0,16.0,31.0,13.5,0.0,0.0,0.7071067811865476,1.5811388300841898,0.0,-2.0,-10.63014581273465,-4.242640687119285,-8.06225774829855,-16.263455967290593,-0.7071067811865476,-0.7071067811865476,-2.0,0.0,0.0,2.1213203435596424,11.40175425099138,3.24037034920393,0.0,0.0,0.0,1.1547005383792515,-1.1547005383792515,-1.5275252316519468,-7.958224257542215,0.0,-5.196152422706632,-12.449899597988733,-0.816496580927726,-1.2909944487358056,-2.0,0.0,0.0,0.0,9.309493362512628,2.886751345948129,0.0
1189,22,29.0,28.0,29.0,24.0,24.0,23.0,18.0,20.0,17.0,63.0,64.0,63.0,59.0,62.0,61.0,43.0,58.0,59.0,87.0,87.0,93.0,56.0,67.0,70.0,24.0,47.0,47.0,1020.0,1021.0,1021.0,1017.0,1018.0,1018.0,1013.0,1016.0,1015.0,16.0,16.0,16.0,16.0,16.0,16.0,16.0,16.0,13.0,39.0,23.0,21.0,16.0,11.0,13.0,0.0,0.0,0.0,28.5,23.0,17.0,67.0,61.0,47.0,88.5,62.0,34.5,1017.5,1015.0,1011.0,16.0,14.5,9.5,33.0,13.0,0.5,0.0,-1.4142135623730951,-2.0,5.612486080160912,1.8708286933869707,-8.972179222463181,2.1213203435596424,3.391164991562634,-6.6332495807108,-3.605551275463989,-2.9154759474226504,-3.5355339059327378,0.0,-2.1213203435596424,-9.192388155425117,7.483314773547883,-2.345207879911715,0.7071067811865476,-0.5773502691896257,-1.0,0.5773502691896257,4.618802153517006,1.632993161855452,-7.3484692283495345,-3.0,2.160246899469287,-5.41602560309064,-2.943920288775949,-2.3804761428476167,-2.8284271247461903,0.0,-1.7320508075688772,-7.302967433402215,6.2182527020592095,-2.23606797749979,0.5773502691896257
1190,21,28.0,29.0,28.0,22.0,24.0,24.0,16.0,18.0,20.0,71.0,63.0,64.0,63.0,59.0,62.0,51.0,43.0,58.0,90.0,87.0,87.0,68.0,56.0,67.0,45.0,24.0,47.0,1015.0,1020.0,1021.0,1013.0,1017.0,1018.0,1009.0,1013.0,1016.0,16.0,16.0,16.0,13.0,16.0,16.0,3.0,16.0,16.0,27.0,39.0,23.0,10.0,16.0,11.0,1.0,0.0,0.0,28.5,21.5,14.0,61.0,54.5,46.0,80.5,58.0,35.0,1017.0,1014.0,1010.5,16.0,14.5,9.5,23.0,8.0,0.5,0.0,-1.5811388300841898,-3.1622776601683795,-12.96148139681572,-11.683321445547923,-4.242640687119285,-13.2664991614216,-11.313708498984761,4.527692569068709,-2.1213203435596424,-2.449489742783178,-1.8708286933869707,0.0,0.0,0.0,-10.198039027185569,-5.0990195135927845,0.0,0.5773502691896257,-1.2909944487358056,-2.8284271247461903,-10.598742063723098,-9.695359714832659,-9.327379053088816,-10.83205120618128,-11.210114480533491,-12.754084313139327,-1.8257418583505538,-2.0816659994661326,-2.309401076758503,0.0,0.0,0.0,4.0,-3.0,0.0
1191,24,29.0,28.0,29.0,21.0,22.0,24.0,12.0,16.0,18.0,51.0,71.0,63.0,46.0,63.0,59.0,41.0,51.0,43.0,71.0,90.0,87.0,48.0,68.0,56.0,25.0,45.0,24.0,1019.0,1015.0,1020.0,1015.0,1013.0,1017.0,1012.0,1009.0,1013.0,16.0,16.0,16.0,16.0,13.0,16.0,16.0,3.0,16.0,19.0,27.0,39.0,6.0,10.0,16.0,0.0,1.0,0.0,29.5,22.5,14.5,58.5,53.5,46.0,82.0,57.5,32.5,1016.0,1012.5,1009.5,16.0,14.5,9.5,24.0,9.5,0.0,1.0,2.0,2.1213203435596424,-9.354143466934854,-5.656854249492381,0.0,7.842193570679061,-4.415880433163924,-9.354143466934854,-3.1622776601683795,-3.24037034920393,-2.8284271247461903,0.0,0.0,0.0,4.242640687119285,4.06201920231798,-0.7071067811865476,0.5773502691896257,1.1547005383792515,1.2909944487358056,-6.082762530298219,-4.0,4.618802153517006,6.6332495807108,5.916079783099616,9.41629792788369,-3.872983346207417,-3.5118845842842465,-3.265986323710904,0.0,-1.7320508075688772,-7.505553499465135,-6.0,-1.0,0.0
1192,26,30.0,29.0,28.0,24.0,21.0,22.0,17.0,12.0,16.0,66.0,51.0,71.0,61.0,46.0,63.0,51.0,41.0,51.0,93.0,71.0,90.0,67.0,48.0,68.0,40.0,25.0,45.0,1013.0,1019.0,1015.0,1010.0,1015.0,1013.0,1007.0,1012.0,1009.0,16.0,16.0,16.0,13.0,16.0,13.0,3.0,16.0,3.0,29.0,19.0,27.0,13.0,6.0,10.0,0.0,0.0,1.0,30.0,25.0,19.0,66.5,63.5,58.0,91.5,70.0,47.5,1013.0,1010.0,1007.5,16.0,13.5,4.5,25.0,10.5,0.0,0.7071067811865476,2.5495097567963922,4.527692569068709,10.63014581273465,11.180339887498949,12.165525060596439,15.411035007422441,14.089002803605371,15.0,-4.242640687119285,-3.5355339059327378,-3.4641016151377544,0.0,-2.0,-8.94427190999916,4.242640687119285,3.4641016151377544,0.0,0.816496580927726,2.0,2.886751345948129,-7.615773105863909,-3.605551275463989,8.082903768654761,6.164414002968976,-1.0,4.08248290463863,-2.581988897471611,-2.6457513110645907,-2.23606797749979,0.0,0.5773502691896257,1.7320508075688772,-3.0550504633038935,1.632993161855452,-0.5773502691896257
1193,26,30.0,30.0,29.0,26.0,24.0,21.0,21.0,17.0,12.0,67.0,66.0,51.0,66.0,61.0,46.0,65.0,51.0,41.0,90.0,93.0,71.0,73.0,67.0,48.0,55.0,40.0,25.0,1013.0,1013.0,1019.0,1010.0,1010.0,1015.0,1008.0,1007.0,1012.0,16.0,16.0,16.0,14.0,13.0,16.0,6.0,3.0,16.0,21.0,29.0,19.0,8.0,13.0,6.0,0.0,0.0,0.0,30.0,26.0,21.0,67.5,66.0,62.5,90.0,70.0,49.5,1012.5,1009.0,1005.5,16.0,13.5,6.0,28.0,12.0,0.0,0.0,1.4142135623730951,2.8284271247461903,1.0,3.5355339059327378,9.246621004453464,-2.1213203435596424,0.0,7.211102550927978,-0.7071067811865476,-1.4142135623730951,-3.4641016151377544,0.0,0.0,2.1213203435596424,8.12403840463596,4.415880433163924,0.0,0.5773502691896257,2.0816659994661326,3.696845502136472,8.698658900466592,9.128709291752768,9.504384952922168,12.583057392117917,10.969655114602888,10.472185381603339,-3.5118845842842465,-3.1091263510296048,-4.041451884327381,0.0,-1.7320508075688772,-7.302967433402215,8.793937305515279,5.41602560309064,0.0
1194,22,30.0,30.0,30.0,26.0,26.0,24.0,21.0,21.0,17.0,68.0,67.0,66.0,66.0,66.0,61.0,60.0,65.0,51.0,90.0,90.0,93.0,67.0,73.0,67.0,44.0,55.0,40.0,1012.0,1013.0,1013.0,1008.0,1010.0,1010.0,1003.0,1008.0,1007.0,16.0,16.0,16.0,13.0,14.0,13.0,6.0,6.0,3.0,35.0,21.0,29.0,16.0,8.0,13.0,0.0,0.0,0.0,29.5,24.0,18.5,68.0,61.0,51.0,95.0,64.5,34.0,1012.0,1008.0,1003.5,16.0,13.0,4.0,29.5,12.0,9.5,-0.7071067811865476,-2.8284271247461903,-3.5355339059327378,0.7071067811865476,-7.0710678118654755,-13.209844813622906,7.0710678118654755,-5.522680508593631,-16.140012391568973,-0.7071067811865476,-1.4142135623730951,-3.4641016151377544,0.0,-0.7071067811865476,-2.8284271247461903,6.123724356957945,0.0,13.435028842544403,-0.5773502691896257,-2.0,-1.7320508075688772,0.816496580927726,-5.0,-7.14142842854285,5.507570547286102,-2.886751345948129,-9.93310961716756,-0.5773502691896257,-1.1547005383792515,-2.7688746209726918,0.0,0.0,-1.5275252316519468,1.9148542155126762,-2.886751345948129,10.969655114602888
1195,20,29.0,30.0,30.0,22.0,26.0,26.0,16.0,21.0,21.0,68.0,68.0,67.0,56.0,66.0,66.0,42.0,60.0,65.0,100.0,90.0,90.0,62.0,67.0,73.0,24.0,44.0,55.0,1012.0,1012.0,1013.0,1008.0,1008.0,1010.0,1004.0,1003.0,1008.0,16.0,16.0,16.0,13.0,13.0,14.0,2.0,6.0,6.0,24.0,35.0,21.0,8.0,16.0,8.0,19.0,0.0,0.0,28.5,21.0,14.0,59.0,51.0,40.5,88.5,56.0,23.5,1013.0,1009.5,1005.5,16.0,14.5,9.0,24.0,7.0,9.5,-1.0,-3.1622776601683795,-4.527692569068709,-12.727922061357855,-10.0,-12.90348790056394,-14.64581851587681,-9.192388155425117,-14.159802258506296,1.4142135623730951,2.1213203435596424,2.23606797749979,0.0,2.1213203435596424,9.486832980505138,-7.7781745930520225,-5.830951894845301,0.0,-0.816496580927726,-2.581988897471611,-3.696845502136472,-10.376254944182254,-8.16496580927726,-10.923979738782625,-11.958260743101398,-8.266397845091497,-13.19090595827292,1.0,1.2909944487358056,-2.23606797749979,0.0,1.632993161855452,7.745966692414834,5.0,-1.1547005383792515,0.0
1196,22,28.0,29.0,30.0,20.0,22.0,26.0,12.0,16.0,21.0,50.0,68.0,68.0,46.0,56.0,66.0,39.0,42.0,60.0,77.0,100.0,90.0,50.0,62.0,67.0,23.0,24.0,44.0,1014.0,1012.0,1012.0,1011.0,1008.0,1008.0,1007.0,1004.0,1003.0,16.0,16.0,16.0,16.0,13.0,13.0,16.0,2.0,6.0,24.0,24.0,35.0,6.0,8.0,16.0,0.0,19.0,0.0,29.0,21.0,12.5,54.5,49.5,43.5,78.5,53.0,27.5,1012.0,1009.5,1006.5,16.0,16.0,16.0,26.5,8.0,0.0,1.224744871391589,0.0,-2.7386127875258306,-11.022703842524301,-5.049752469181039,6.0,-16.1245154965971,-7.3484692283495345,6.324555320336759,-2.449489742783178,0.0,2.0,0.0,2.1213203435596424,9.899494936611665,3.5355339059327378,2.449489742783178,-13.435028842544403,0.816496580927726,-2.309401076758503,-3.6514837167011076,-9.0,-7.094598884597588,-9.16515138991168,-11.832159566199232,-6.658328118479393,-10.327955589886445,-2.0,0.0,1.7320508075688772,0.0,1.7320508075688772,7.745966692414834,-5.656854249492381,-4.163331998932265,0.0
1197,22,30.0,28.0,29.0,22.0,20.0,22.0,13.0,12.0,16.0,59.0,50.0,68.0,53.0,46.0,56.0,48.0,39.0,42.0,80.0,77.0,100.0,56.0,50.0,62.0,32.0,23.0,24.0,1010.0,1014.0,1012.0,1008.0,1011.0,1008.0,1006.0,1007.0,1004.0,16.0,16.0,16.0,16.0,16.0,13.0,16.0,16.0,2.0,29.0,24.0,24.0,10.0,6.0,8.0,0.0,0.0,19.0,27.0,22.0,15.5,62.0,58.0,53.5,86.5,67.5,48.0,1011.0,1009.0,1007.0,16.0,16.0,16.0,27.5,11.5,0.0,-4.0,1.4142135623730951,3.605551275463989,7.648529270389178,8.631338250816034,10.04987562112089,9.433981132056603,16.80773631397161,23.50531854708632,-2.449489742783178,-1.5811388300841898,1.224744871391589,0.0,0.0,0.0,2.8284271247461903,3.5355339059327378,0.0,-3.3166247903554,0.0,1.8257418583505538,-8.306623862918075,4.041451884327381,8.020806277010642,-10.816653826391969,11.846237095944574,19.183326093250876,-1.632993161855452,1.1547005383792515,2.0,0.0,1.7320508075688772,8.082903768654761,2.309401076758503,2.6457513110645907,-10.969655114602888
1198,19,24.0,30.0,28.0,22.0,22.0,20.0,18.0,13.0,12.0,65.0,59.0,50.0,63.0,53.0,46.0,59.0,48.0,39.0,93.0,80.0,77.0,79.0,56.0,50.0,64.0,32.0,23.0,1012.0,1010.0,1014.0,1010.0,1008.0,1011.0,1008.0,1006.0,1007.0,16.0,16.0,16.0,16.0,16.0,16.0,16.0,16.0,16.0,26.0,29.0,24.0,13.0,10.0,6.0,0.0,0.0,0.0,24.5,20.5,16.0,66.0,62.0,55.0,93.0,76.5,59.0,1011.5,1008.5,1006.0,16.0,13.5,9.0,26.0,11.5,9.0,-4.183300132670378,-2.1213203435596424,2.1213203435596424,4.47213595499958,6.928203230275509,5.338539126015656,9.192388155425117,15.874507866387544,21.494185260204677,1.224744871391589,-1.5811388300841898,-2.449489742783178,0.0,-3.5355339059327378,-9.899494936611665,-2.1213203435596424,0.0,12.727922061357855,-3.2145502536643185,-1.2909944487358056,1.8257418583505538,6.3508529610858835,6.95221787153807,6.782329983125268,7.702813338860896,13.416407864998739,18.303005217723125,-2.0816659994661326,-2.160246899469287,-2.0816659994661326,0.0,-2.886751345948129,-8.082903768654761,2.309401076758503,2.309401076758503,10.392304845413264
1199,21,25.0,24.0,30.0,19.0,22.0,22.0,14.0,18.0,13.0,67.0,65.0,59.0,61.0,63.0,53.0,51.0,59.0,48.0,93.0,93.0,80.0,74.0,79.0,56.0,54.0,64.0,32.0,1011.0,1012.0,1010.0,1007.0,1010.0,1008.0,1004.0,1008.0,1006.0,16.0,16.0,16.0,11.0,16.0,16.0,2.0,16.0,16.0,26.0,26.0,29.0,10.0,13.0,10.0,18.0,0.0,0.0,28.5,20.0,11.5,60.5,56.0,49.0,93.0,66.0,38.5,1010.0,1006.5,1004.0,16.0,13.5,9.0,21.0,6.5,9.0,5.0,-1.5811388300841898,-4.527692569068709,-9.082951062292475,-7.211102550927978,-6.324555320336759,0.0,-11.853269591129697,-23.03258561256204,-1.5811388300841898,-2.23606797749979,-2.8284271247461903,0.0,0.0,0.0,-7.0710678118654755,-5.385164807134504,0.0,2.160246899469287,-1.2909944487358056,-2.309401076758503,-6.557438524302,-1.1547005383792515,3.696845502136472,7.505553499465135,9.092121131323903,-3.5118845842842465,-0.5773502691896257,-1.4142135623730951,-2.0,0.0,0.0,0.0,-6.027713773341708,-4.041451884327381,0.0
1200,24,32.0,25.0,24.0,21.0,19.0,22.0,9.0,14.0,18.0,54.0,67.0,65.0,51.0,61.0,63.0,47.0,51.0,59.0,93.0,93.0,93.0,58.0,74.0,79.0,23.0,54.0,64.0,1009.0,1011.0,1012.0,1006.0,1007.0,1010.0,1004.0,1004.0,1008.0,16.0,16.0,16.0,16.0,11.0,16.0,16.0,2.0,16.0,16.0,26.0,26.0,3.0,10.0,13.0,0.0,18.0,0.0,32.0,22.5,12.5,58.0,53.0,48.5,82.5,55.0,27.5,1008.0,1005.5,1003.0,16.0,16.0,16.0,19.5,5.5,0.0,4.949747468305833,2.5495097567963922,3.4641016151377544,-7.245688373094719,-6.48074069840786,-1.8708286933869707,-14.849242404917497,-12.083045973594572,-20.97617696340303,-2.0,-1.0,-1.4142135623730951,0.0,3.5355339059327378,9.899494936611665,-5.049752469181039,-3.4641016151377544,-12.727922061357855,4.08248290463863,1.1547005383792515,1.632993161855452,-5.802298395176403,-5.41602560309064,-4.864839839775475,-12.12435565298214,-10.279429296739517,-18.07392228230128,-1.7320508075688772,-1.9148542155126762,-2.581988897471611,0.0,0.0,0.0,-4.123105625617661,-3.3166247903554,0.0
1201,18,32.0,32.0,25.0,24.0,21.0,19.0,16.0,9.0,14.0,62.0,54.0,67.0,55.0,51.0,61.0,50.0,47.0,51.0,72.0,93.0,93.0,52.0,58.0,74.0,32.0,23.0,54.0,1007.0,1009.0,1011.0,1005.0,1006.0,1007.0,1002.0,1004.0,1004.0,16.0,16.0,16.0,16.0,16.0,11.0,16.0,16.0,2.0,23.0,16.0,26.0,8.0,3.0,10.0,0.0,0.0,18.0,28.0,21.0,13.5,52.5,47.0,43.0,67.5,48.5,29.5,1014.5,1011.0,1005.0,16.0,16.0,16.0,28.5,10.5,0.0,-5.656854249492381,-3.6742346141747673,3.4641016151377544,-12.186057606953941,-10.954451150103322,-9.669539802906858,-16.15549442140351,-6.519202405202649,5.291502622129181,10.51189802081432,8.455767262643882,4.0,0.0,0.0,0.0,9.219544457292887,5.0,0.0,-2.23606797749979,-2.7688746209726918,-0.5773502691896257,-12.463279397226612,-10.64581294844754,-8.225975119502044,-13.19090595827292,-10.661457061146317,-17.368553960150702,8.504900548115382,6.879922480183431,3.265986323710904,0.0,2.886751345948129,8.082903768654761,4.83045891539648,0.5773502691896257,-10.392304845413264
1202,18,24.0,32.0,32.0,18.0,24.0,21.0,11.0,16.0,9.0,43.0,62.0,54.0,39.0,55.0,51.0,36.0,50.0,47.0,63.0,72.0,93.0,45.0,52.0,58.0,27.0,32.0,23.0,1022.0,1007.0,1009.0,1017.0,1005.0,1006.0,1008.0,1002.0,1004.0,16.0,16.0,16.0,16.0,16.0,16.0,16.0,16.0,16.0,34.0,23.0,16.0,13.0,8.0,3.0,0.0,0.0,0.0,25.0,18.0,10.0,45.0,41.0,38.0,70.0,48.5,27.0,1024.0,1020.0,1014.5,16.0,16.0,16.0,24.0,9.0,0.0,-5.477225575051661,-4.242640687119285,-3.8078865529319543,-13.133925536563698,-10.954451150103322,-9.486832980505138,7.582875444051551,0.0,-3.5355339059327378,10.977249200050075,9.486832980505138,10.124228365658293,0.0,0.0,0.0,-11.811011811017716,-4.415880433163924,0.0,-4.47213595499958,-3.0,2.581988897471611,-9.678154093971983,-8.640987597877148,-7.54983443527075,-10.424330514074594,-3.4641016151377544,4.320493798938574,8.888194417315589,7.724420150837645,8.18535277187245,0.0,0.0,0.0,-8.755950357709132,-2.160246899469287,0.0
1203,19,26.0,24.0,32.0,18.0,18.0,24.0,9.0,11.0,16.0,47.0,43.0,62.0,43.0,39.0,55.0,40.0,36.0,50.0,77.0,63.0,72.0,52.0,45.0,52.0,27.0,27.0,32.0,1026.0,1022.0,1007.0,1023.0,1017.0,1005.0,1021.0,1008.0,1002.0,16.0,16.0,16.0,16.0,16.0,16.0,16.0,16.0,16.0,14.0,34.0,23.0,5.0,13.0,8.0,0.0,0.0,0.0,26.5,18.5,10.0,49.0,45.5,42.0,77.0,53.5,29.5,1025.0,1022.5,1019.5,16.0,16.0,16.0,16.5,5.5,0.0,1.5811388300841898,0.7071067811865476,0.0,4.0,4.527692569068709,4.0,9.899494936611665,5.385164807134504,3.5355339059327378,2.449489742783178,4.183300132670378,8.94427190999916,0.0,0.0,0.0,-13.693063937629153,-5.612486080160912,0.0,-4.43471156521669,-3.415650255319866,-2.886751345948129,-10.472185381603339,-8.465616732800196,-7.393691004272944,6.191391873668904,1.7320508075688772,0.0,8.888194417315589,7.724420150837645,8.082903768654761,0.0,0.0,0.0,-9.201449161228174,-3.559026084010437,0.0
1204,21,27.0,26.0,24.0,19.0,18.0,18.0,11.0,9.0,11.0,51.0,47.0,43.0,48.0,43.0,39.0,44.0,40.0,36.0,77.0,77.0,63.0,55.0,52.0,45.0,32.0,27.0,27.0,1024.0,1026.0,1022.0,1022.0,1023.0,1017.0,1018.0,1021.0,1008.0,16.0,16.0,16.0,16.0,16.0,16.0,16.0,16.0,16.0,19.0,14.0,34.0,6.0,5.0,13.0,0.0,0.0,0.0,27.5,20.0,12.0,56.5,53.0,48.0,85.0,63.5,41.5,1021.5,1019.0,1015.0,16.0,16.0,16.0,21.5,8.5,0.0,1.0,1.5811388300841898,2.0,8.276472678623424,7.905694150420948,6.324555320336759,11.313708498984761,12.206555615733702,13.892443989449804,-3.8078865529319543,-4.301162633521313,-4.743416490252569,0.0,0.0,0.0,5.0,3.605551275463989,0.0,1.4142135623730951,1.2909944487358056,1.1547005383792515,7.14142842854285,6.855654600401044,5.656854249492381,12.274635093014645,10.754843869934453,11.343133018115703,-2.0816659994661326,-0.5773502691896257,6.429100507328637,0.0,0.0,0.0,-10.801234497346433,-3.559026084010437,0.0
1205,23,28.0,27.0,26.0,21.0,19.0,18.0,13.0,11.0,9.0,62.0,51.0,47.0,58.0,48.0,43.0,52.0,44.0,40.0,93.0,77.0,77.0,72.0,55.0,52.0,51.0,32.0,27.0,1019.0,1024.0,1026.0,1016.0,1022.0,1023.0,1012.0,1018.0,1021.0,16.0,16.0,16.0,16.0,16.0,16.0,16.0,16.0,16.0,24.0,19.0,14.0,11.0,6.0,5.0,0.0,0.0,0.0,27.5,22.0,16.0,64.0,61.0,56.5,90.0,72.5,54.5,1016.5,1014.5,1011.0,16.0,16.0,16.0,24.0,12.0,0.0,0.0,2.0,4.47213595499958,8.276472678623424,8.246211251235321,8.514693182963201,10.488088481701515,12.041594578792296,14.317821063276353,-5.0,-4.743416490252569,-4.47213595499958,0.0,0.0,0.0,3.5355339059327378,3.8078865529319543,0.0,0.5773502691896257,1.7320508075688772,3.8297084310253524,7.14142842854285,7.32575365861197,7.32575365861197,8.563488385776752,9.983319421247959,12.041594578792296,-4.242640687119285,-3.9157800414902435,-4.041451884327381,0.0,0.0,0.0,4.08248290463863,3.1622776601683795,0.0
1206,24,27.0,28.0,27.0,23.0,21.0,19.0,19.0,13.0,11.0,66.0,62.0,51.0,64.0,58.0,48.0,61.0,52.0,44.0,87.0,93.0,77.0,73.0,72.0,55.0,58.0,51.0,32.0,1014.0,1019.0,1024.0,1013.0,1016.0,1022.0,1010.0,1012.0,1018.0,16.0,16.0,16.0,16.0,16.0,16.0,16.0,16.0,16.0,24.0,24.0,19.0,13.0,11.0,6.0,0.0,0.0,0.0,27.0,23.5,20.5,69.5,66.5,63.0,88.5,77.5,66.0,1016.0,1014.0,1011.0,16.0,14.5,9.0,22.5,12.0,1.5,-0.7071067811865476,1.5811388300841898,4.743416490252569,5.70087712549569,5.522680508593631,6.96419413859206,-3.6742346141747673,6.4031242374328485,12.349089035228468,-2.1213203435596424,-1.5811388300841898,0.0,0.0,-2.1213203435596424,-9.899494936611665,-2.1213203435596424,0.0,2.1213203435596424,0.0,1.7320508075688772,4.041451884327381,7.874007874011811,7.32575365861197,7.32575365861197,8.736894948054104,11.120551545074852,14.89966442575134,-3.366501646120693,-3.696845502136472,-3.4641016151377544,0.0,-1.7320508075688772,-8.082903768654761,2.309401076758503,2.886751345948129,1.7320508075688772
1207,19,27.0,27.0,28.0,24.0,23.0,21.0,22.0,19.0,13.0,73.0,66.0,62.0,69.0,64.0,58.0,65.0,61.0,52.0,90.0,87.0,93.0,82.0,73.0,72.0,74.0,58.0,51.0,1018.0,1014.0,1019.0,1015.0,1013.0,1016.0,1012.0,1010.0,1012.0,16.0,16.0,16.0,13.0,16.0,16.0,2.0,16.0,16.0,21.0,24.0,24.0,11.0,13.0,11.0,3.0,0.0,0.0,24.5,21.5,19.5,71.5,67.0,62.0,95.0,88.0,80.5,1020.5,1017.5,1014.0,16.0,13.0,2.0,18.5,8.5,6.0,-3.5355339059327378,-3.4641016151377544,-2.8284271247461903,4.47213595499958,2.1213203435596424,-3.1622776601683795,7.3824115301167,10.606601717798213,14.577379737113251,4.527692569068709,3.8078865529319543,3.1622776601683795,0.0,-2.1213203435596424,-9.899494936611665,-4.123105625617661,-3.8078865529319543,4.743416490252569,-2.943920288775949,-2.581988897471611,2.581988897471611,4.320493798938574,3.872983346207417,4.509249752822894,4.932882862316247,8.679477710861024,12.569805089976535,2.309401076758503,2.581988897471611,2.309401076758503,0.0,-1.7320508075688772,-8.082903768654761,-3.366501646120693,-2.886751345948129,3.872983346207417
1208,21,22.0,27.0,27.0,19.0,24.0,23.0,17.0,22.0,19.0,70.0,73.0,66.0,65.0,69.0,64.0,59.0,65.0,61.0,100.0,90.0,87.0,94.0,82.0,73.0,87.0,74.0,58.0,1023.0,1018.0,1014.0,1020.0,1015.0,1013.0,1016.0,1012.0,1010.0,16.0,16.0,16.0,13.0,13.0,16.0,2.0,2.0,16.0,16.0,21.0,24.0,6.0,11.0,13.0,9.0,3.0,0.0,24.0,20.0,16.5,67.5,63.0,59.0,98.5,86.5,73.5,1023.0,1020.5,1017.5,16.0,14.5,6.5,16.0,6.0,4.5,-2.1213203435596424,-3.24037034920393,-3.605551275463989,-4.123105625617661,-4.0,-4.242640687119285,6.745368781616021,-6.363961030678928,-16.73320053068151,3.5355339059327378,3.605551275463989,3.5355339059327378,0.0,2.1213203435596424,6.363961030678928,-3.5355339059327378,-3.5355339059327378,-4.743416490252569,-1.7320508075688772,-2.581988897471611,-2.3804761428476167,2.23606797749979,-1.5275252316519468,-2.581988897471611,5.773502691896258,0.0,-10.066445913694333,3.696845502136472,3.1622776601683795,3.1091263510296048,0.0,0.0,-6.191391873668904,-3.366501646120693,-3.1091263510296048,-3.4641016151377544
1209,24,26.0,22.0,27.0,21.0,19.0,24.0,16.0,17.0,22.0,65.0,70.0,73.0,61.0,65.0,69.0,59.0,59.0,65.0,97.0,100.0,90.0,79.0,94.0,82.0,60.0,87.0,74.0,1023.0,1023.0,1018.0,1021.0,1020.0,1015.0,1019.0,1016.0,1012.0,16.0,16.0,16.0,16.0,13.0,13.0,11.0,2.0,2.0,16.0,16.0,21.0,6.0,6.0,11.0,0.0,9.0,3.0,27.0,22.5,17.5,65.5,62.5,58.5,98.5,78.0,57.0,1023.0,1021.0,1018.0,16.0,15.0,9.5,19.5,8.0,0.0,3.1622776601683795,2.5495097567963922,2.0,-3.4641016151377544,-1.8708286933869707,-0.7071067811865476,0.0,-10.700467279516348,-19.557607215607945,0.0,0.7071067811865476,1.5811388300841898,0.0,1.5811388300841898,6.0,4.949747468305833,2.8284271247461903,-6.363961030678928,-1.2909944487358056,-2.0,-2.3804761428476167,-3.3166247903554,-2.7688746209726918,-3.5118845842842465,5.773502691896258,-5.32290647422377,-14.094916341243982,2.886751345948129,2.943920288775949,2.6457513110645907,0.0,1.2909944487358056,4.898979485566356,2.8284271247461903,-1.7320508075688772,-3.872983346207417
1210,24,28.0,26.0,22.0,24.0,21.0,19.0,19.0,16.0,17.0,66.0,65.0,70.0,64.0,61.0,65.0,58.0,59.0,59.0,100.0,97.0,100.0,77.0,79.0,94.0,54.0,60.0,87.0,1023.0,1023.0,1023.0,1021.0,1021.0,1020.0,1017.0,1019.0,1016.0,16.0,16.0,16.0,14.0,16.0,13.0,8.0,11.0,2.0,23.0,16.0,16.0,10.0,6.0,6.0,0.0,0.0,9.0,28.5,24.0,18.5,65.0,63.0,57.5,96.5,73.0,49.5,1022.0,1019.5,1016.0,16.0,15.0,8.0,21.0,9.0,0.0,1.5811388300841898,2.1213203435596424,2.0,-1.224744871391589,1.5811388300841898,-1.0,-4.47213595499958,-5.830951894845301,-7.648529270389178,-1.4142135623730951,-2.1213203435596424,-2.0,0.0,0.0,-2.1213203435596424,4.06201920231798,2.449489742783178,0.0,2.6457513110645907,2.0816659994661326,1.5275252316519468,-3.0550504633038935,-1.9148542155126762,-0.816496580927726,-4.041451884327381,-9.882644720249063,-16.792855623746664,-1.1547005383792515,-1.632993161855452,0.5773502691896257,0.0,1.7320508075688772,4.898979485566356,3.3166247903554,2.0,-5.196152422706632
1211,24,29.0,28.0,26.0,24.0,24.0,21.0,18.0,19.0,16.0,64.0,66.0,65.0,62.0,64.0,61.0,57.0,58.0,59.0,93.0,100.0,97.0,69.0,77.0,79.0,45.0,54.0,60.0,1021.0,1023.0,1023.0,1018.0,1021.0,1021.0,1015.0,1017.0,1019.0,16.0,16.0,16.0,16.0,14.0,16.0,8.0,8.0,11.0,19.0,23.0,16.0,8.0,10.0,6.0,0.0,0.0,0.0,29.0,24.0,18.5,65.0,63.0,60.0,90.0,70.0,49.5,1020.0,1017.5,1015.0,16.0,16.0,11.0,21.0,9.5,0.0,0.7071067811865476,0.0,0.0,0.0,0.0,4.183300132670378,-6.519202405202649,-5.477225575051661,0.0,-2.0,-2.23606797749979,-1.4142135623730951,0.0,1.4142135623730951,4.242640687119285,0.0,1.5811388300841898,0.0,1.2909944487358056,1.7320508075688772,1.7320508075688772,0.5773502691896257,1.7320508075688772,3.366501646120693,-5.033222956847166,-4.618802153517006,-3.4641016151377544,-1.632993161855452,-1.8257418583505538,-1.632993161855452,0.0,0.0,3.0,4.041451884327381,2.6457513110645907,0.0
1212,25,29.0,29.0,28.0,24.0,24.0,24.0,19.0,18.0,19.0,66.0,64.0,66.0,64.0,62.0,64.0,63.0,57.0,58.0,87.0,93.0,100.0,71.0,69.0,77.0,54.0,45.0,54.0,1019.0,1021.0,1023.0,1017.0,1018.0,1021.0,1015.0,1015.0,1017.0,16.0,16.0,16.0,16.0,16.0,14.0,14.0,8.0,8.0,23.0,19.0,23.0,11.0,8.0,10.0,0.0,0.0,0.0,29.0,24.5,20.0,67.0,65.0,64.0,88.5,72.0,54.5,1018.5,1016.5,1014.5,16.0,16.0,15.0,23.0,10.5,0.0,0.0,0.7071067811865476,1.5811388300841898,2.0,2.0,4.47213595499958,-3.6742346141747673,2.0,6.4031242374328485,-1.5811388300841898,-1.0,-0.7071067811865476,0.0,0.0,4.47213595499958,2.8284271247461903,2.0,0.0,0.5773502691896257,0.5773502691896257,1.1547005383792515,1.1547005383792515,1.1547005383792515,3.605551275463989,-5.033222956847166,-4.320493798938574,0.5773502691896257,-1.7320508075688772,-1.9148542155126762,-1.2909944487358056,0.0,1.1547005383792515,3.6514837167011076,0.0,1.1547005383792515,0.0
1213,22,29.0,29.0,29.0,25.0,24.0,24.0,21.0,19.0,18.0,68.0,66.0,64.0,66.0,64.0,62.0,65.0,63.0,57.0,90.0,87.0,93.0,73.0,71.0,69.0,55.0,54.0,45.0,1018.0,1019.0,1021.0,1016.0,1017.0,1018.0,1014.0,1015.0,1015.0,16.0,16.0,16.0,16.0,16.0,16.0,16.0,14.0,8.0,23.0,23.0,19.0,10.0,11.0,8.0,0.0,0.0,0.0,28.0,23.5,19.0,67.5,65.5,61.0,90.0,76.5,62.0,1018.0,1016.0,1014.0,16.0,16.0,13.0,24.5,9.0,0.0,-1.4142135623730951,-2.0,-2.449489742783178,1.224744871391589,1.224744871391589,-5.477225575051661,2.1213203435596424,5.1478150704935,9.924716620639604,-0.7071067811865476,-0.7071067811865476,-0.7071067811865476,0.0,0.0,-4.0,2.1213203435596424,-1.5811388300841898,0.0,-1.1547005383792515,-1.632993161855452,-1.9148542155126762,1.5275252316519468,1.5275252316519468,-2.8284271247461903,-3.0,4.358898943540674,9.626352718795768,-1.2909944487358056,-0.816496580927726,-0.5773502691896257,0.0,0.0,1.1547005383792515,2.886751345948129,1.1547005383792515,0.0
1214,22,27.0,29.0,29.0,22.0,25.0,24.0,17.0,21.0,19.0,67.0,68.0,66.0,65.0,66.0,64.0,57.0,65.0,63.0,90.0,90.0,87.0,80.0,73.0,71.0,69.0,55.0,54.0,1018.0,1018.0,1019.0,1016.0,1016.0,1017.0,1014.0,1014.0,1015.0,16.0,16.0,16.0,16.0,16.0,16.0,10.0,16.0,14.0,26.0,23.0,23.0,8.0,10.0,11.0,0.0,0.0,0.0,27.5,22.0,16.5,66.0,63.5,57.5,90.0,76.5,62.0,1017.5,1016.0,1014.0,16.0,16.0,13.0,21.0,7.0,0.0,-1.224744871391589,-2.1213203435596424,-2.9154759474226504,-1.5811388300841898,-2.23606797749979,-5.612486080160912,0.0,0.0,0.0,-0.7071067811865476,0.0,0.0,0.0,0.0,0.0,-6.745368781616021,-2.0,0.0,-1.0,-1.632993161855452,-2.0816659994661326,-0.5773502691896257,-1.4142135623730951,-4.43471156521669,1.7320508075688772,1.1547005383792515,0.5773502691896257,-0.816496580927726,-0.5773502691896257,-0.5773502691896257,0.0,0.0,1.1547005383792515,-5.507570547286102,-1.7320508075688772,0.0
1215,25,28.0,27.0,29.0,22.0,22.0,25.0,16.0,17.0,21.0,65.0,67.0,68.0,62.0,65.0,66.0,58.0,57.0,65.0,90.0,90.0,90.0,73.0,80.0,73.0,55.0,69.0,55.0,1017.0,1018.0,1018.0,1016.0,1016.0,1016.0,1014.0,1014.0,1014.0,16.0,16.0,16.0,16.0,16.0,16.0,16.0,10.0,16.0,16.0,26.0,23.0,6.0,8.0,10.0,0.0,0.0,0.0,28.5,23.5,18.0,65.5,63.5,61.0,88.5,72.0,55.0,1018.0,1016.5,1014.0,16.0,16.0,15.0,19.5,8.0,0.0,1.0,2.1213203435596424,2.7386127875258306,-1.224744871391589,0.0,4.301162633521313,-2.1213203435596424,-5.1478150704935,-9.899494936611665,1.224744871391589,0.7071067811865476,0.0,0.0,0.0,4.0,-5.049752469181039,2.449489742783178,0.0,-0.816496580927726,0.0,-0.5773502691896257,-1.1547005383792515,-0.5773502691896257,-3.0,-1.7320508075688772,-1.1547005383792515,0.0,1.0,0.5773502691896257,0.0,0.0,0.0,-1.1547005383792515,-3.7416573867739413,1.632993161855452,0.0
1216,26,29.0,28.0,27.0,25.0,22.0,22.0,20.0,16.0,17.0,66.0,65.0,67.0,65.0,62.0,65.0,64.0,58.0,57.0,87.0,90.0,90.0,71.0,73.0,80.0,55.0,55.0,69.0,1019.0,1017.0,1018.0,1017.0,1016.0,1016.0,1014.0,1014.0,1014.0,16.0,16.0,16.0,16.0,16.0,16.0,14.0,16.0,10.0,23.0,16.0,26.0,10.0,6.0,8.0,0.0,0.0,0.0,30.0,25.5,20.5,67.0,66.0,64.5,88.5,72.0,55.0,1018.5,1016.5,1013.5,16.0,16.0,15.0,21.0,10.0,0.0,1.5811388300841898,2.23606797749979,2.9154759474226504,1.5811388300841898,2.5495097567963922,4.301162633521313,0.0,0.0,0.0,1.224744871391589,0.0,-0.7071067811865476,0.0,0.0,0.0,4.06201920231798,2.8284271247461903,0.0,1.4142135623730951,1.8257418583505538,2.309401076758503,0.5773502691896257,1.1547005383792515,3.559026084010437,0.0,-4.041451884327381,-8.082903768654761,0.816496580927726,0.0,-0.5773502691896257,0.0,0.0,3.4641016151377544,-4.725815626252608,2.0,0.0
1217,27,31.0,29.0,28.0,26.0,25.0,22.0,21.0,20.0,16.0,68.0,66.0,65.0,67.0,65.0,62.0,65.0,64.0,58.0,90.0,87.0,90.0,73.0,71.0,73.0,55.0,55.0,55.0,1018.0,1019.0,1017.0,1016.0,1017.0,1016.0,1013.0,1014.0,1014.0,16.0,16.0,16.0,16.0,16.0,16.0,16.0,14.0,16.0,19.0,23.0,16.0,10.0,10.0,6.0,0.0,0.0,0.0,31.5,26.5,21.5,67.5,66.5,65.0,87.0,69.5,51.5,1016.5,1013.5,1009.5,16.0,16.0,15.0,21.0,10.5,0.0,1.5811388300841898,1.0,1.0,1.224744871391589,1.224744871391589,0.7071067811865476,-3.6742346141747673,-4.743416490252569,-4.949747468305833,-2.23606797749979,-3.605551275463989,-5.0,0.0,0.0,0.0,0.0,0.7071067811865476,0.0,1.4142135623730951,1.9148542155126762,2.449489742783178,1.1547005383792515,2.0,3.5118845842842465,-3.4641016151377544,-4.041451884327381,-4.041451884327381,-1.4142135623730951,-2.886751345948129,-4.08248290463863,0.0,0.0,-1.1547005383792515,4.041451884327381,2.3804761428476167,0.0
1218,18,32.0,31.0,29.0,27.0,26.0,25.0,22.0,21.0,20.0,67.0,68.0,66.0,66.0,67.0,65.0,65.0,65.0,64.0,84.0,90.0,87.0,66.0,73.0,71.0,48.0,55.0,55.0,1015.0,1018.0,1019.0,1011.0,1016.0,1017.0,1006.0,1013.0,1014.0,16.0,16.0,16.0,16.0,16.0,16.0,14.0,16.0,14.0,23.0,19.0,23.0,11.0,10.0,10.0,0.0,0.0,0.0,27.5,22.5,18.0,67.0,60.5,54.5,85.0,67.5,50.0,1018.0,1013.5,1007.0,16.0,16.0,10.0,23.0,11.0,0.0,-6.324555320336759,-6.324555320336759,-5.612486080160912,-0.7071067811865476,-7.810249675906654,-14.849242404917497,-4.0,-4.47213595499958,-4.06201920231798,3.6742346141747673,0.0,-4.743416490252569,0.0,0.0,-5.830951894845301,2.8284271247461903,0.7071067811865476,0.0,-5.033222956847166,-5.131601439446884,-4.546060565661952,1.0,-6.27162924074226,-12.110601416389967,-2.7688746209726918,-3.4641016151377544,-3.3166247903554,2.943920288775949,-0.5773502691896257,-3.9157800414902435,0.0,0.0,-4.618802153517006,0.0,0.5773502691896257,0.0
1219,18,23.0,32.0,31.0,18.0,27.0,26.0,14.0,22.0,21.0,67.0,67.0,68.0,55.0,66.0,67.0,44.0,65.0,65.0,86.0,84.0,90.0,69.0,66.0,73.0,52.0,48.0,55.0,1021.0,1015.0,1018.0,1016.0,1011.0,1016.0,1008.0,1006.0,1013.0,16.0,16.0,16.0,16.0,16.0,16.0,6.0,14.0,16.0,23.0,23.0,19.0,11.0,11.0,10.0,0.0,0.0,0.0,24.0,18.0,12.0,55.5,48.5,42.0,78.5,59.5,40.5,1021.5,1017.5,1012.0,16.0,16.0,11.0,23.0,9.5,0.0,-6.2048368229954285,-6.363961030678928,-6.324555320336759,-16.263455967290593,-12.041594578792296,-15.116216457830975,-10.51189802081432,-13.2664991614216,-16.015617378046965,4.301162633521313,4.123105625617661,5.830951894845301,0.0,0.0,4.242640687119285,0.0,-2.1213203435596424,0.0,-5.033222956847166,-5.163977794943222,-5.131601439446884,-13.291601358251256,-9.848857801796104,-12.342339054382412,-9.255628917943215,-11.561430130683084,-13.686976778431873,3.0550504633038935,1.7320508075688772,2.516611478423583,0.0,0.0,3.265986323710904,2.309401076758503,-1.632993161855452,0.0
1220,18,25.0,23.0,32.0,18.0,18.0,27.0,10.0,14.0,22.0,44.0,67.0,67.0,42.0,55.0,66.0,40.0,44.0,65.0,71.0,86.0,84.0,50.0,69.0,66.0,29.0,52.0,48.0,1022.0,1021.0,1015.0,1019.0,1016.0,1011.0,1016.0,1008.0,1006.0,16.0,16.0,16.0,16.0,16.0,16.0,16.0,6.0,14.0,23.0,23.0,23.0,8.0,11.0,11.0,0.0,0.0,0.0,26.5,18.0,9.5,49.0,45.5,42.0,78.5,55.5,32.0,1019.5,1015.5,1011.0,16.0,16.0,16.0,23.0,7.0,0.0,2.5495097567963922,0.0,-2.9154759474226504,-14.64581851587681,-7.745966692414834,0.0,0.0,-10.954451150103322,-15.700318468107582,-3.4641016151377544,-4.47213595499958,-4.242640687119285,0.0,0.0,7.0710678118654755,0.0,-2.5495097567963922,0.0,-4.760952285695233,-5.196152422706632,-5.196152422706632,-11.958260743101398,-8.962886439832502,-12.12435565298214,1.1547005383792515,-8.774964387392123,-12.609520212918492,2.0,-2.23606797749979,-3.265986323710904,0.0,0.0,3.4641016151377544,0.0,-2.0816659994661326,0.0
1221,24,28.0,25.0,23.0,18.0,18.0,18.0,9.0,10.0,14.0,54.0,44.0,67.0,49.0,42.0,55.0,44.0,40.0,44.0,86.0,71.0,86.0,61.0,50.0,69.0,35.0,29.0,52.0,1017.0,1022.0,1021.0,1012.0,1019.0,1016.0,1006.0,1016.0,1008.0,16.0,16.0,16.0,16.0,16.0,16.0,16.0,16.0,6.0,23.0,23.0,23.0,6.0,8.0,11.0,0.0,0.0,0.0,30.0,21.0,13.0,62.0,57.0,49.0,88.0,67.0,45.0,1011.0,1007.0,1002.0,16.0,16.0,16.0,24.5,8.5,0.0,3.5355339059327378,4.242640687119285,5.612486080160912,13.341664064126334,12.349089035228468,7.615773105863909,10.977249200050075,11.510864433221338,14.7648230602334,-9.192388155425117,-8.631338250816034,-9.055385138137417,0.0,0.0,0.0,2.1213203435596424,3.24037034920393,0.0,3.1091263510296048,3.4641016151377544,3.958114029012639,-7.593857166596345,6.733003292241386,5.773502691896258,2.309401076758503,-5.656854249492381,-5.5677643628300215,-7.483314773547883,-6.831300510639732,-5.773502691896258,0.0,0.0,5.773502691896258,1.7320508075688772,2.0,0.0
1222,25,32.0,28.0,25.0,24.0,18.0,18.0,17.0,9.0,10.0,70.0,54.0,44.0,65.0,49.0,42.0,54.0,44.0,40.0,90.0,86.0,71.0,73.0,61.0,50.0,55.0,35.0,29.0,1005.0,1017.0,1022.0,1002.0,1012.0,1019.0,998.0,1006.0,1016.0,16.0,16.0,16.0,16.0,16.0,16.0,16.0,16.0,16.0,26.0,23.0,23.0,11.0,6.0,8.0,0.0,0.0,0.0,32.5,24.5,17.0,70.0,61.0,45.5,87.0,62.0,36.0,1006.5,1001.5,997.0,16.0,16.0,14.5,27.5,12.0,0.0,2.9154759474226504,4.301162633521313,5.656854249492381,11.313708498984761,9.797958971132712,-9.72111104761179,-3.1622776601683795,-13.038404810405298,-22.847319317591726,-8.215838362577491,-7.106335201775948,-5.830951894845301,0.0,0.0,-2.1213203435596424,3.0,3.8078865529319543,0.0,2.943920288775949,3.5118845842842465,4.58257569495584,10.893423092245461,8.962886439832502,-7.593857166596345,8.266397845091497,-8.54400374531753,-18.33030277982336,-7.302967433402215,-7.0710678118654755,-7.483314773547883,0.0,0.0,-1.7320508075688772,2.449489742783178,2.886751345948129,0.0
1223,21,33.0,32.0,28.0,25.0,24.0,18.0,17.0,17.0,9.0,70.0,70.0,54.0,57.0,65.0,49.0,37.0,54.0,44.0,84.0,90.0,86.0,51.0,73.0,61.0,17.0,55.0,35.0,1008.0,1005.0,1017.0,1001.0,1002.0,1012.0,996.0,998.0,1006.0,16.0,16.0,16.0,16.0,16.0,16.0,13.0,16.0,16.0,29.0,26.0,23.0,13.0,11.0,6.0,0.0,0.0,0.0,31.5,23.0,14.5,67.0,53.5,40.5,84.0,54.5,24.0,1009.0,1003.5,999.0,16.0,16.0,14.5,26.5,12.0,0.0,-2.0,-2.7386127875258306,-3.5355339059327378,-4.242640687119285,-7.516648189186454,-10.954451150103322,-4.242640687119285,-14.747881203752625,-24.979991993593593,2.5495097567963922,3.4641016151377544,4.0,0.0,0.0,0.0,-2.8284271247461903,0.0,0.0,1.632993161855452,2.6457513110645907,3.605551275463989,8.563488385776752,6.904105059069326,-6.831300510639732,-2.581988897471611,-9.848857801796104,-16.812693617224657,-6.60807586719967,-5.033222956847166,-3.265986323710904,0.0,0.0,0.0,-1.5275252316519468,2.886751345948129,0.0
1224,28,30.0,33.0,32.0,21.0,25.0,24.0,12.0,17.0,17.0,64.0,70.0,70.0,50.0,57.0,65.0,44.0,37.0,54.0,84.0,84.0,90.0,58.0,51.0,73.0,31.0,17.0,55.0,1010.0,1008.0,1005.0,1006.0,1001.0,1002.0,1002.0,996.0,998.0,16.0,16.0,16.0,16.0,16.0,16.0,16.0,13.0,16.0,24.0,29.0,26.0,11.0,13.0,11.0,0.0,0.0,0.0,32.5,24.5,16.5,68.0,59.0,53.5,84.0,61.0,37.0,1007.0,1004.0,1000.5,16.0,15.0,13.5,25.5,12.5,0.0,2.8284271247461903,4.06201920231798,5.291502622129181,3.7416573867739413,11.726039399558575,14.317821063276353,0.0,6.519202405202649,13.038404810405298,-4.0,2.1213203435596424,3.6742346141747673,0.0,-1.4142135623730951,-2.8284271247461903,-2.8284271247461903,1.5811388300841898,0.0,2.3804761428476167,3.366501646120693,4.320493798938574,3.0550504633038935,8.386497083606082,6.3508529610858835,-3.4641016151377544,-11.532562594670797,-19.183326093250876,-2.7688746209726918,1.632993161855452,2.7688746209726918,0.0,-1.1547005383792515,-2.886751345948129,-1.5275252316519468,1.7320508075688772,0.0
1225,26,35.0,30.0,33.0,28.0,21.0,25.0,21.0,12.0,17.0,72.0,64.0,70.0,68.0,50.0,57.0,63.0,44.0,37.0,84.0,84.0,84.0,64.0,58.0,51.0,43.0,31.0,17.0,1004.0,1010.0,1008.0,1002.0,1006.0,1001.0,999.0,1002.0,996.0,16.0,16.0,16.0,14.0,16.0,16.0,11.0,16.0,13.0,27.0,24.0,29.0,14.0,11.0,13.0,0.0,0.0,0.0,34.0,27.0,20.0,72.5,67.0,53.5,83.0,64.0,44.0,1006.5,1002.0,998.5,16.0,12.5,8.5,28.0,14.0,0.0,3.24037034920393,4.743416490252569,6.2048368229954285,5.70087712549569,12.649110640673518,0.0,-1.4142135623730951,4.242640687119285,8.602325267042627,-2.345207879911715,-2.8284271247461903,-2.23606797749979,0.0,-2.5495097567963922,-5.0,2.5495097567963922,2.1213203435596424,0.0,2.0,3.1091263510296048,4.163331998932265,3.1091263510296048,9.504384952922168,4.041451884327381,-1.1547005383792515,5.32290647422377,10.708252269472673,-1.5275252316519468,1.7320508075688772,2.943920288775949,0.0,-2.0816659994661326,-3.696845502136472,-2.0,1.2909944487358056,0.0
1226,18,33.0,35.0,30.0,26.0,28.0,21.0,19.0,21.0,12.0,73.0,72.0,64.0,66.0,68.0,50.0,44.0,63.0,44.0,82.0,84.0,84.0,64.0,64.0,58.0,45.0,43.0,31.0,1009.0,1004.0,1010.0,1002.0,1002.0,1006.0,998.0,999.0,1002.0,16.0,16.0,16.0,11.0,14.0,16.0,6.0,11.0,16.0,29.0,27.0,24.0,14.0,14.0,11.0,0.0,0.0,0.0,29.5,22.0,15.0,63.5,55.0,39.5,72.5,53.5,33.5,1012.0,1007.0,1003.5,16.0,13.5,8.5,29.0,12.0,0.5,-5.1478150704935,-5.830951894845301,-5.830951894845301,-13.416407864998739,-15.620499351813308,-14.866068747318506,-13.509256086106296,-14.849242404917497,-16.20185174601965,5.522680508593631,7.0710678118654755,7.745966692414834,0.0,2.8284271247461903,0.0,1.4142135623730951,-2.8284271247461903,0.7071067811865476,-3.0550504633038935,-2.516611478423583,2.0816659994661326,-9.93310961716756,-7.393691004272944,-5.196152422706632,-11.030261405182864,-11.61895003862225,-11.269427669584644,2.886751345948129,5.291502622129181,6.082762530298219,0.0,2.0,-2.886751345948129,2.0816659994661326,-1.5275252316519468,0.5773502691896257
1227,22,26.0,33.0,35.0,18.0,26.0,28.0,11.0,19.0,21.0,54.0,73.0,72.0,44.0,66.0,68.0,35.0,44.0,63.0,63.0,82.0,84.0,43.0,64.0,64.0,22.0,45.0,43.0,1015.0,1009.0,1004.0,1012.0,1002.0,1002.0,1009.0,998.0,999.0,16.0,16.0,16.0,16.0,11.0,14.0,11.0,6.0,11.0,29.0,29.0,27.0,10.0,14.0,14.0,1.0,0.0,0.0,29.5,20.0,11.0,55.0,46.0,38.5,70.0,46.5,22.5,1015.5,1013.0,1010.0,16.0,16.0,13.5,26.0,10.0,0.5,0.0,-4.898979485566356,-5.656854249492381,-13.360389215887388,-15.297058540778355,-4.0,-9.082951062292475,-14.0,-16.24807680927192,4.301162633521313,7.211102550927978,7.905694150420948,0.0,3.5355339059327378,5.0,-4.242640687119285,-2.8284271247461903,0.0,-1.1547005383792515,-4.163331998932265,-4.760952285695233,-10.893423092245461,-12.54325848148452,-11.445523142259598,-7.505553499465135,-11.430952132988164,-13.21615173439934,4.546060565661952,5.887840577551898,6.429100507328637,0.0,2.309401076758503,2.886751345948129,-3.265986323710904,-2.309401076758503,0.0
1228,25,33.0,26.0,33.0,22.0,18.0,26.0,11.0,11.0,19.0,56.0,54.0,73.0,48.0,44.0,66.0,42.0,35.0,44.0,77.0,63.0,82.0,50.0,43.0,64.0,23.0,22.0,45.0,1016.0,1015.0,1009.0,1014.0,1012.0,1002.0,1011.0,1009.0,998.0,16.0,16.0,16.0,16.0,16.0,11.0,16.0,11.0,6.0,23.0,29.0,29.0,10.0,10.0,14.0,0.0,1.0,0.0,33.0,23.5,14.0,59.5,52.0,44.5,80.5,53.5,26.5,1015.5,1013.5,1010.5,16.0,16.0,16.0,24.5,10.5,0.0,4.949747468305833,3.5355339059327378,4.242640687119285,5.1478150704935,6.324555320336759,6.082762530298219,11.067971810589327,7.0,5.0,0.0,1.224744871391589,1.224744871391589,0.0,0.0,3.5355339059327378,-3.6742346141747673,0.7071067811865476,-0.7071067811865476,0.0,-3.605551275463989,-3.0550504633038935,-10.132456102380443,-11.604596790352806,-1.5275252316519468,-6.2182527020592095,-10.692676621563626,-12.635927614016577,3.4641016151377544,5.8594652770823155,6.429100507328637,0.0,2.886751345948129,4.08248290463863,-3.0,-2.23606797749979,0.0
1229,27,33.0,33.0,26.0,25.0,22.0,18.0,17.0,11.0,11.0,63.0,56.0,54.0,56.0,48.0,44.0,47.0,42.0,35.0,84.0,77.0,63.0,57.0,50.0,43.0,30.0,23.0,22.0,1015.0,1016.0,1015.0,1013.0,1014.0,1012.0,1010.0,1011.0,1009.0,16.0,16.0,16.0,16.0,16.0,16.0,16.0,16.0,11.0,26.0,23.0,29.0,11.0,10.0,10.0,0.0,0.0,1.0,34.0,26.0,17.5,67.5,61.0,47.0,88.5,61.5,34.5,1015.0,1011.0,1007.5,16.0,15.0,12.0,27.5,12.0,0.0,1.4142135623730951,2.5495097567963922,4.301162633521313,8.06225774829855,9.055385138137417,3.5355339059327378,8.06225774829855,8.06225774829855,8.06225774829855,-0.7071067811865476,-2.9154759474226504,-3.605551275463989,0.0,-1.4142135623730951,-5.656854249492381,3.0,1.5811388300841898,0.0,4.203173404306164,3.1091263510296048,3.5118845842842465,6.683312551921141,7.745966692414834,4.96655480858378,10.424330514074594,7.724420150837645,6.60807586719967,0.0,-2.0816659994661326,-2.70801280154532,0.0,-1.1547005383792515,-3.605551275463989,-2.449489742783178,1.2909944487358056,-0.5773502691896257
1230,21,35.0,33.0,33.0,27.0,25.0,22.0,18.0,17.0,11.0,72.0,63.0,56.0,66.0,56.0,48.0,47.0,47.0,42.0,93.0,84.0,77.0,66.0,57.0,50.0,39.0,30.0,23.0,1015.0,1015.0,1016.0,1009.0,1013.0,1014.0,1005.0,1010.0,1011.0,16.0,16.0,16.0,14.0,16.0,16.0,8.0,16.0,16.0,29.0,26.0,23.0,13.0,11.0,10.0,0.0,0.0,0.0,30.5,24.0,17.0,59.5,54.5,43.0,76.5,54.5,32.0,1017.5,1013.0,1009.5,16.0,15.0,12.0,29.0,13.0,0.0,-6.2048368229954285,-4.0,-1.224744871391589,-16.492422502470642,-14.64581851587681,-5.656854249492381,-22.44994432064365,-14.966629547095765,-7.582875444051551,3.5355339059327378,4.898979485566356,5.291502622129181,0.0,0.0,0.0,2.1213203435596424,1.4142135623730951,0.0,-5.066228051190222,-2.7688746209726918,3.3166247903554,-12.84523257866513,-11.030261405182864,-3.605551275463989,-17.879224442538515,-11.532562594670797,-4.69041575982343,2.8284271247461903,3.958114029012639,4.281744192888376,0.0,0.0,0.0,2.449489742783178,1.2909944487358056,0.0
1231,22,26.0,35.0,33.0,21.0,27.0,25.0,16.0,18.0,17.0,47.0,72.0,63.0,43.0,66.0,56.0,39.0,47.0,47.0,60.0,93.0,84.0,43.0,66.0,57.0,25.0,39.0,30.0,1020.0,1015.0,1015.0,1017.0,1009.0,1013.0,1014.0,1005.0,1010.0,16.0,16.0,16.0,16.0,14.0,16.0,16.0,8.0,16.0,29.0,29.0,26.0,13.0,13.0,11.0,0.0,0.0,0.0,28.0,21.5,14.5,47.5,42.5,38.5,63.5,43.5,22.5,1020.0,1017.0,1014.0,16.0,16.0,16.0,25.0,9.5,0.0,-5.70087712549569,-4.183300132670378,-2.5495097567963922,-17.663521732655695,-16.278820596099706,-5.70087712549569,-22.80350850198276,-16.24807680927192,-10.51189802081432,3.5355339059327378,5.656854249492381,6.363961030678928,0.0,1.4142135623730951,5.656854249492381,-5.656854249492381,-4.949747468305833,0.0,-4.509249752822894,-3.2145502536643185,-2.0,-13.45362404707371,-11.972189997378647,-4.654746681256314,-17.879224442538515,-12.206555615733702,-6.831300510639732,2.886751345948129,4.0,4.320493798938574,0.0,0.0,0.0,-4.281744192888376,-3.872983346207417,0.0
1232,23,30.0,26.0,35.0,22.0,21.0,27.0,13.0,16.0,18.0,48.0,47.0,72.0,42.0,43.0,66.0,38.0,39.0,47.0,67.0,60.0,93.0,44.0,43.0,66.0,20.0,25.0,39.0,1020.0,1020.0,1015.0,1017.0,1017.0,1009.0,1014.0,1014.0,1005.0,16.0,16.0,16.0,16.0,16.0,14.0,16.0,16.0,8.0,21.0,29.0,29.0,6.0,13.0,13.0,0.0,0.0,0.0,31.5,22.5,12.5,50.5,45.5,42.0,72.0,48.0,23.5,1018.5,1015.5,1013.0,16.0,16.0,16.0,20.0,6.0,0.0,3.5355339059327378,1.0,-2.23606797749979,3.605551275463989,4.898979485566356,5.612486080160912,8.631338250816034,5.70087712549569,3.4641016151377544,-2.1213203435596424,-2.1213203435596424,-1.4142135623730951,0.0,0.0,0.0,-5.830951894845301,-4.949747468305833,0.0,-4.320493798938574,-3.366501646120693,-2.160246899469287,-14.130345596151095,-12.662279942148386,-0.5773502691896257,-17.701224063135673,-12.436505404118419,-7.571877794400365,2.309401076758503,4.281744192888376,5.066228051190222,0.0,1.1547005383792515,4.618802153517006,-4.760952285695233,-4.041451884327381,0.0
1233,24,33.0,30.0,26.0,23.0,22.0,21.0,12.0,13.0,16.0,53.0,48.0,47.0,49.0,42.0,43.0,46.0,38.0,39.0,77.0,67.0,60.0,52.0,44.0,43.0,27.0,20.0,25.0,1017.0,1020.0,1020.0,1014.0,1017.0,1017.0,1012.0,1014.0,1014.0,16.0,16.0,16.0,16.0,16.0,16.0,16.0,16.0,16.0,19.0,21.0,29.0,6.0,6.0,13.0,0.0,0.0,0.0,32.0,23.5,14.0,56.0,53.0,51.0,77.5,54.0,30.5,1016.5,1014.0,1012.0,16.0,16.0,16.0,21.5,8.0,0.0,1.5811388300841898,1.0,2.7386127875258306,5.522680508593631,7.516648189186454,9.055385138137417,7.106335201775948,6.324555320336759,7.0,-2.23606797749979,-2.1213203435596424,-1.4142135623730951,0.0,0.0,0.0,3.24037034920393,2.8284271247461903,0.0,2.6457513110645907,1.0,1.4142135623730951,4.546060565661952,6.110100926607787,7.371114795831994,7.0710678118654755,5.196152422706632,4.932882862316247,-1.8257418583505538,-1.7320508075688772,-1.1547005383792515,0.0,0.0,0.0,-3.7859388972001824,-3.3166247903554,0.0
1234,23,31.0,33.0,30.0,24.0,23.0,22.0,16.0,12.0,13.0,59.0,53.0,48.0,57.0,49.0,42.0,56.0,46.0,38.0,78.0,77.0,67.0,56.0,52.0,44.0,34.0,27.0,20.0,1016.0,1017.0,1020.0,1014.0,1014.0,1017.0,1012.0,1012.0,1014.0,16.0,16.0,16.0,16.0,16.0,16.0,16.0,16.0,16.0,24.0,19.0,21.0,10.0,6.0,6.0,0.0,0.0,0.0,30.0,23.5,17.0,61.0,59.0,57.0,82.5,61.0,39.5,1016.5,1014.5,1012.5,16.0,16.0,16.0,25.0,11.5,0.0,-2.0,0.0,3.1622776601683795,5.0990195135927845,6.324555320336759,7.211102550927978,6.4031242374328485,7.615773105863909,9.219544457292887,0.0,0.7071067811865476,0.7071067811865476,0.0,0.0,0.0,3.8078865529319543,3.5355339059327378,0.0,0.5773502691896257,0.5773502691896257,2.516611478423583,5.066228051190222,6.557438524302,7.483314773547883,7.788880963698615,7.745966692414834,8.54400374531753,-1.7320508075688772,-1.632993161855452,-1.0,0.0,0.0,0.0,2.886751345948129,2.886751345948129,0.0
1235,22,29.0,31.0,33.0,23.0,24.0,23.0,18.0,16.0,12.0,63.0,59.0,53.0,61.0,57.0,49.0,58.0,56.0,46.0,87.0,78.0,77.0,66.0,56.0,52.0,45.0,34.0,27.0,1017.0,1016.0,1017.0,1015.0,1014.0,1014.0,1013.0,1012.0,1012.0,16.0,16.0,16.0,16.0,16.0,16.0,16.0,16.0,16.0,26.0,24.0,19.0,13.0,10.0,6.0,0.0,0.0,0.0,26.5,22.5,18.5,67.5,64.5,60.5,90.0,76.0,61.5,1017.0,1015.0,1013.0,16.0,15.0,9.5,22.5,11.5,0.5,-3.8078865529319543,-1.0,1.5811388300841898,6.96419413859206,5.70087712549569,3.8078865529319543,7.648529270389178,15.811388300841896,24.596747752497688,0.7071067811865476,0.7071067811865476,0.7071067811865476,0.0,-1.4142135623730951,-9.192388155425117,-4.743416490252569,0.0,0.7071067811865476,-3.3166247903554,-0.5773502691896257,2.6457513110645907,6.658328118479393,6.557438524302,6.557438524302,6.27162924074226,13.114877048604,20.48576741707927,0.0,0.5773502691896257,0.5773502691896257,0.0,-1.1547005383792515,-7.505553499465135,-2.581988897471611,2.309401076758503,0.5773502691896257
1236,25,24.0,29.0,31.0,22.0,23.0,24.0,19.0,18.0,16.0,72.0,63.0,59.0,68.0,61.0,57.0,63.0,58.0,56.0,93.0,87.0,78.0,86.0,66.0,56.0,78.0,45.0,34.0,1017.0,1017.0,1016.0,1015.0,1015.0,1014.0,1013.0,1013.0,1012.0,16.0,16.0,16.0,14.0,16.0,16.0,3.0,16.0,16.0,19.0,26.0,24.0,10.0,13.0,10.0,1.0,0.0,0.0,26.0,23.5,20.5,71.0,68.0,64.5,91.5,81.0,70.0,1016.0,1014.0,1012.0,16.0,14.0,7.0,21.0,10.5,1.0,-2.1213203435596424,2.0,2.23606797749979,6.2048368229954285,4.949747468305833,4.123105625617661,3.6742346141747673,12.24744871391589,20.40833163195855,-1.4142135623730951,-1.4142135623730951,-1.4142135623730951,0.0,-1.4142135623730951,-7.245688373094719,-4.06201920231798,-2.0,0.7071067811865476,-2.0816659994661326,1.5275252316519468,2.160246899469287,5.5677643628300215,4.654746681256314,3.559026084010437,6.0,11.547005383792516,17.832554500127006,-1.0,-1.0,-1.0,0.0,-1.1547005383792515,-5.916079783099616,-3.1091263510296048,0.5773502691896257,0.5773502691896257
1237,27,28.0,24.0,29.0,25.0,22.0,23.0,22.0,19.0,18.0,70.0,72.0,63.0,68.0,68.0,61.0,66.0,63.0,58.0,90.0,93.0,87.0,76.0,86.0,66.0,62.0,78.0,45.0,1015.0,1017.0,1017.0,1013.0,1015.0,1015.0,1011.0,1013.0,1013.0,16.0,16.0,16.0,14.0,14.0,16.0,11.0,3.0,16.0,23.0,19.0,26.0,11.0,10.0,13.0,1.0,1.0,0.0,29.5,26.0,22.0,71.0,69.0,66.5,91.5,74.5,57.5,1015.0,1012.5,1010.0,16.0,12.5,7.0,23.5,8.0,3.5,3.5355339059327378,2.5495097567963922,2.1213203435596424,0.0,1.4142135623730951,2.23606797749979,0.0,-7.3824115301167,-12.98075498574717,-1.4142135623730951,-1.5811388300841898,-2.0,0.0,-2.1213203435596424,0.0,2.9154759474226504,-4.183300132670378,3.5355339059327378,0.0,2.0,1.8257418583505538,5.196152422706632,4.203173404306164,3.415650255319866,3.4641016151377544,9.848857801796104,15.832456116050556,-1.1547005383792515,-1.2909944487358056,-1.632993161855452,0.0,-2.0816659994661326,-7.505553499465135,-3.265986323710904,-3.8297084310253524,2.943920288775949
1238,24,31.0,28.0,24.0,27.0,25.0,22.0,22.0,22.0,19.0,72.0,70.0,72.0,70.0,68.0,68.0,67.0,66.0,63.0,93.0,90.0,93.0,73.0,76.0,86.0,53.0,62.0,78.0,1015.0,1015.0,1017.0,1012.0,1013.0,1015.0,1009.0,1011.0,1013.0,16.0,16.0,16.0,11.0,14.0,14.0,3.0,11.0,3.0,24.0,23.0,19.0,5.0,11.0,10.0,6.0,1.0,1.0,31.0,25.5,19.5,71.0,63.5,58.5,93.0,67.0,41.0,1015.0,1012.5,1009.5,16.0,12.5,4.5,23.5,8.0,3.0,2.1213203435596424,-1.5811388300841898,-3.5355339059327378,0.0,-9.082951062292475,-12.0,2.1213203435596424,-8.74642784226795,-18.12456896039186,0.0,0.0,-1.224744871391589,0.0,0.0,-5.244044240850758,0.0,0.0,-2.345207879911715,2.886751345948129,1.1547005383792515,-2.309401076758503,-1.1547005383792515,-7.416198487095663,-9.643650760992955,0.0,-9.183318209303941,-17.4451521441727,-1.1547005383792515,-1.1547005383792515,-1.5275252316519468,0.0,0.0,1.7320508075688772,2.309401076758503,0.5773502691896257,-1.9148542155126762
1239,23,31.0,31.0,28.0,24.0,27.0,25.0,17.0,22.0,22.0,70.0,72.0,70.0,57.0,70.0,68.0,50.0,67.0,66.0,93.0,93.0,90.0,61.0,73.0,76.0,29.0,53.0,62.0,1015.0,1015.0,1015.0,1013.0,1012.0,1013.0,1010.0,1009.0,1011.0,16.0,16.0,16.0,14.0,11.0,14.0,6.0,3.0,11.0,23.0,24.0,23.0,11.0,5.0,11.0,0.0,6.0,1.0,31.5,23.5,15.5,64.0,55.5,51.0,86.5,57.5,28.0,1015.0,1013.0,1010.0,16.0,15.0,11.0,19.5,8.0,0.0,0.7071067811865476,-2.23606797749979,-4.123105625617661,-8.602325267042627,-9.433981132056603,-11.937336386313323,-9.192388155425117,-9.82344135219425,-17.029386365926403,0.0,0.7071067811865476,0.7071067811865476,0.0,2.5495097567963922,7.3824115301167,-5.0,0.0,-4.242640687119285,1.8257418583505538,-1.4142135623730951,-3.366501646120693,-6.928203230275509,-7.615773105863909,-9.72967967955095,-7.302967433402215,-8.205689083394114,-14.843629385474879,0.0,0.0,-1.0,0.0,1.1547005383792515,3.872983346207417,-4.041451884327381,-3.4641016151377544,-1.9148542155126762
1240,26,32.0,31.0,31.0,23.0,24.0,27.0,14.0,17.0,22.0,58.0,70.0,72.0,54.0,57.0,70.0,52.0,50.0,67.0,80.0,93.0,93.0,54.0,61.0,73.0,27.0,29.0,53.0,1015.0,1015.0,1015.0,1013.0,1013.0,1012.0,1010.0,1010.0,1009.0,16.0,16.0,16.0,16.0,14.0,11.0,16.0,6.0,3.0,16.0,23.0,24.0,5.0,11.0,5.0,0.0,0.0,6.0,33.0,24.5,15.5,61.5,57.5,55.0,85.0,58.5,31.5,1015.0,1012.5,1010.0,16.0,16.0,16.0,18.5,6.5,0.0,1.5811388300841898,2.0,0.0,-6.892024376045111,4.47213595499958,4.47213595499958,-5.873670062235365,4.0,6.2048368229954285,0.0,-0.7071067811865476,0.0,0.0,1.4142135623730951,7.0710678118654755,-3.4641016151377544,-3.6742346141747673,0.0,1.2909944487358056,-0.5773502691896257,-2.886751345948129,-5.744562646538029,-6.557438524302,-9.1104335791443,-4.795831523312719,-6.110100926607787,-12.897028081435403,0.0,0.0,0.5773502691896257,0.0,2.0816659994661326,6.027713773341708,-2.886751345948129,1.7320508075688772,-3.4641016151377544
1241,27,34.0,32.0,31.0,26.0,23.0,24.0,17.0,14.0,17.0,65.0,58.0,70.0,61.0,54.0,57.0,58.0,52.0,50.0,90.0,80.0,93.0,63.0,54.0,61.0,36.0,27.0,29.0,1015.0,1015.0,1015.0,1012.0,1013.0,1013.0,1010.0,1010.0,1010.0,16.0,16.0,16.0,16.0,16.0,14.0,16.0,16.0,6.0,21.0,16.0,23.0,8.0,5.0,11.0,0.0,0.0,0.0,33.5,26.5,18.0,65.5,62.5,60.5,91.5,65.0,38.5,1015.0,1012.5,1009.5,16.0,16.0,15.0,22.5,9.5,0.0,1.224744871391589,2.23606797749979,2.5495097567963922,5.0,5.385164807134504,5.522680508593631,7.3824115301167,6.96419413859206,7.280109889280518,0.0,0.0,-0.7071067811865476,0.0,0.0,-1.4142135623730951,4.123105625617661,3.0,0.0,1.1547005383792515,1.7320508075688772,1.1547005383792515,-5.597618541248888,4.041451884327381,4.654746681256314,-4.47213595499958,4.0,5.830951894845301,0.0,0.0,-0.5773502691896257,0.0,1.1547005383792515,5.656854249492381,-2.23606797749979,-2.449489742783178,0.0
1242,26,33.0,34.0,32.0,27.0,26.0,23.0,19.0,17.0,14.0,66.0,65.0,58.0,64.0,61.0,54.0,63.0,58.0,52.0,93.0,90.0,80.0,67.0,63.0,54.0,41.0,36.0,27.0,1015.0,1015.0,1015.0,1013.0,1012.0,1013.0,1009.0,1010.0,1010.0,16.0,16.0,16.0,16.0,16.0,16.0,14.0,16.0,16.0,24.0,21.0,16.0,11.0,8.0,5.0,0.0,0.0,0.0,31.5,26.5,20.0,67.5,65.5,64.0,91.5,70.5,49.0,1013.5,1011.0,1007.5,16.0,16.0,15.0,28.0,12.5,0.0,-2.23606797749979,0.0,2.0,2.23606797749979,3.0,3.8078865529319543,0.0,5.70087712549569,11.853269591129697,-2.1213203435596424,-2.7386127875258306,-2.23606797749979,0.0,0.0,0.0,6.041522986797286,3.0,0.0,-1.4142135623730951,1.7320508075688772,2.3804761428476167,4.43471156521669,4.725815626252608,4.654746681256314,5.773502691896258,6.97614984548545,10.98483803552272,-1.7320508075688772,-2.309401076758503,-1.8257418583505538,0.0,0.0,0.0,5.715476066494082,3.0,0.0
1243,27,30.0,33.0,34.0,26.0,27.0,26.0,21.0,19.0,17.0,69.0,66.0,65.0,67.0,64.0,61.0,65.0,63.0,58.0,90.0,93.0,90.0,74.0,67.0,63.0,57.0,41.0,36.0,1012.0,1015.0,1015.0,1009.0,1013.0,1012.0,1006.0,1009.0,1010.0,16.0,16.0,16.0,16.0,16.0,16.0,16.0,14.0,16.0,32.0,24.0,21.0,14.0,11.0,8.0,0.0,0.0,0.0,31.0,26.5,21.0,71.5,68.0,61.5,95.0,70.5,45.5,1011.0,1008.5,1005.5,16.0,14.5,9.5,27.5,11.0,1.5,-1.5811388300841898,0.0,1.4142135623730951,4.123105625617661,2.5495097567963922,-4.743416490252569,6.745368781616021,0.0,-11.683321445547923,-2.5495097567963922,-2.9154759474226504,-2.23606797749979,0.0,-2.1213203435596424,-9.082951062292475,-2.9154759474226504,-3.6742346141747673,2.1213203435596424,-1.4142135623730951,0.5773502691896257,1.632993161855452,3.415650255319866,2.70801280154532,-2.581988897471611,5.773502691896258,2.309401076758503,-9.092121131323903,-2.0816659994661326,-2.309401076758503,-1.9148542155126762,0.0,-1.7320508075688772,-7.505553499465135,-1.632993161855452,-2.449489742783178,1.7320508075688772
1244,29,32.0,30.0,33.0,27.0,26.0,27.0,21.0,21.0,19.0,74.0,69.0,66.0,69.0,67.0,64.0,58.0,65.0,63.0,100.0,90.0,93.0,67.0,74.0,67.0,34.0,57.0,41.0,1010.0,1012.0,1015.0,1008.0,1009.0,1013.0,1005.0,1006.0,1009.0,16.0,16.0,16.0,13.0,16.0,16.0,3.0,16.0,14.0,23.0,32.0,24.0,8.0,14.0,11.0,3.0,0.0,0.0,33.0,28.0,22.0,73.5,70.0,61.5,97.0,69.5,41.5,1010.0,1007.5,1004.5,16.0,13.0,5.5,27.5,12.0,3.0,2.0,1.5811388300841898,1.4142135623730951,3.4641016151377544,2.0,0.0,5.656854249492381,-3.4641016151377544,-12.328828005937952,-1.4142135623730951,-1.0,-1.0,0.0,-2.1213203435596424,-8.48528137423857,0.0,3.7416573867739413,2.1213203435596424,-0.5773502691896257,1.1547005383792515,1.632993161855452,3.3166247903554,2.3804761428476167,1.1547005383792515,4.281744192888376,2.886751345948129,-4.0,-2.0816659994661326,-2.449489742783178,-1.9148542155126762,0.0,-1.7320508075688772,-6.831300510639732,4.618802153517006,3.5118845842842465,1.7320508075688772
1245,29,34.0,32.0,30.0,29.0,27.0,26.0,23.0,21.0,21.0,73.0,74.0,69.0,71.0,69.0,67.0,65.0,58.0,65.0,94.0,100.0,90.0,72.0,67.0,74.0,49.0,34.0,57.0,1010.0,1010.0,1012.0,1007.0,1008.0,1009.0,1004.0,1005.0,1006.0,16.0,16.0,16.0,13.0,13.0,16.0,8.0,3.0,16.0,32.0,23.0,32.0,16.0,8.0,14.0,3.0,3.0,0.0,34.5,29.0,23.5,72.0,70.0,66.0,90.5,68.0,45.0,1009.5,1007.0,1004.5,16.0,14.5,12.0,30.5,15.0,1.5,1.5811388300841898,1.4142135623730951,1.5811388300841898,-1.5811388300841898,0.0,5.1478150704935,-6.519202405202649,-4.415880433163924,8.972179222463181,-0.7071067811865476,-0.7071067811865476,0.0,0.0,2.1213203435596424,6.670832032063167,6.0,5.477225575051661,-2.1213203435596424,1.7320508075688772,1.2909944487358056,1.2909944487358056,2.581988897471611,1.1547005383792515,1.1547005383792515,2.23606797749979,-5.41602560309064,-11.075498483890767,-1.2909944487358056,-0.816496580927726,-0.5773502691896257,0.0,0.0,-5.163977794943222,-1.7320508075688772,2.8284271247461903,0.0
1246,24,35.0,34.0,32.0,29.0,29.0,27.0,24.0,23.0,21.0,71.0,73.0,74.0,69.0,71.0,69.0,67.0,65.0,58.0,87.0,94.0,100.0,64.0,72.0,67.0,41.0,49.0,34.0,1009.0,1010.0,1010.0,1007.0,1007.0,1008.0,1005.0,1004.0,1005.0,16.0,16.0,16.0,16.0,13.0,13.0,16.0,8.0,3.0,29.0,32.0,23.0,14.0,16.0,8.0,0.0,3.0,3.0,32.0,26.5,21.5,71.0,68.0,66.0,90.0,70.5,51.0,1012.5,1009.5,1006.5,16.0,15.0,9.0,26.5,10.0,15.5,-4.183300132670378,-3.5355339059327378,-3.4641016151377544,-1.4142135623730951,-2.0,0.0,-2.5495097567963922,7.245688373094719,12.96148139681572,4.898979485566356,3.5355339059327378,2.23606797749979,0.0,1.5811388300841898,-8.12403840463596,-4.123105625617661,-5.830951894845301,21.817424229271428,-3.2145502536643185,-2.6457513110645907,-2.581988897471611,-1.2909944487358056,-1.1547005383792515,4.041451884327381,-4.041451884327381,6.582805886043833,13.674794331177344,4.0,2.8284271247461903,1.7320508075688772,0.0,1.2909944487358056,-5.972157622389639,3.958114029012639,-1.1547005383792515,17.813852287849848
1247,21,29.0,35.0,34.0,24.0,29.0,29.0,19.0,24.0,23.0,71.0,71.0,73.0,67.0,69.0,71.0,65.0,67.0,65.0,93.0,87.0,94.0,77.0,64.0,72.0,61.0,41.0,49.0,1016.0,1009.0,1010.0,1012.0,1007.0,1007.0,1008.0,1005.0,1004.0,16.0,16.0,16.0,14.0,16.0,13.0,2.0,16.0,8.0,24.0,29.0,32.0,6.0,14.0,16.0,31.0,0.0,3.0,27.5,22.5,18.0,69.0,64.0,61.0,93.0,75.5,57.5,1018.0,1015.0,1011.5,16.0,13.5,2.0,23.5,8.0,24.0,-4.743416490252569,-4.123105625617661,-3.8078865529319543,-2.8284271247461903,-4.47213595499958,-5.830951894845301,4.242640687119285,8.94427190999916,13.24764129949177,5.70087712549569,5.522680508593631,5.385164807134504,0.0,-1.5811388300841898,-9.899494936611665,-3.605551275463989,-4.898979485566356,19.557607215607945,-3.8297084310253524,-3.366501646120693,-3.0550504633038935,-2.581988897471611,-3.8297084310253524,-4.618802153517006,-2.0816659994661326,5.656854249492381,9.780933834080807,4.618802153517006,4.509249752822894,4.43471156521669,0.0,1.1547005383792515,-6.6332495807108,-3.415650255319866,-4.163331998932265,15.874507866387544
1248,21,26.0,29.0,35.0,21.0,24.0,29.0,17.0,19.0,24.0,67.0,71.0,71.0,61.0,67.0,69.0,57.0,65.0,67.0,93.0,93.0,87.0,74.0,77.0,64.0,54.0,61.0,41.0,1020.0,1016.0,1009.0,1018.0,1012.0,1007.0,1015.0,1008.0,1005.0,16.0,16.0,16.0,13.0,14.0,16.0,2.0,2.0,16.0,23.0,24.0,29.0,10.0,6.0,14.0,17.0,31.0,0.0,25.5,21.0,16.5,66.0,61.5,57.5,93.0,77.5,61.5,1019.5,1017.0,1013.5,16.0,14.5,6.5,18.5,8.0,9.0,-2.23606797749979,-2.1213203435596424,-1.5811388300841898,-3.1622776601683795,-4.183300132670378,-5.612486080160912,0.0,4.47213595499958,9.38083151964686,2.7386127875258306,4.0,4.47213595499958,0.0,2.0,6.363961030678928,-6.4031242374328485,0.0,-15.033296378372908,-3.9157800414902435,-3.366501646120693,-3.1622776601683795,-2.581988897471611,-3.605551275463989,-4.725815626252608,3.4641016151377544,8.34665601703261,13.856406460551018,4.618802153517006,4.358898943540674,4.041451884327381,0.0,1.1547005383792515,-6.191391873668904,-5.972157622389639,-4.618802153517006,13.025615788386615
1249,22,25.0,26.0,29.0,21.0,21.0,24.0,16.0,17.0,19.0,65.0,67.0,71.0,62.0,61.0,67.0,58.0,57.0,65.0,93.0,93.0,93.0,81.0,74.0,77.0,69.0,54.0,61.0,1019.0,1020.0,1016.0,1016.0,1018.0,1012.0,1012.0,1015.0,1008.0,16.0,16.0,16.0,16.0,13.0,14.0,11.0,2.0,2.0,14.0,23.0,24.0,6.0,10.0,6.0,1.0,17.0,31.0,27.5,21.5,15.0,65.0,62.0,54.5,96.5,77.0,57.0,1017.0,1014.0,1010.0,16.0,14.5,7.0,24.0,7.0,1.5,3.4641016151377544,0.7071067811865476,-1.5811388300841898,-1.4142135623730951,0.7071067811865476,-4.898979485566356,4.949747468305833,-2.7386127875258306,-13.24764129949177,-2.9154759474226504,-3.1622776601683795,-3.5355339059327378,0.0,0.0,2.9154759474226504,12.62933094031509,-2.449489742783178,-11.291589790636214,2.23606797749979,-1.632993161855452,-1.7320508075688772,-2.581988897471611,-3.415650255319866,-6.110100926607787,4.041451884327381,-2.8284271247461903,-11.547005383792516,-0.5773502691896257,2.309401076758503,2.8284271247461903,0.0,-0.5773502691896257,2.3804761428476167,10.295630140987,1.1547005383792515,-12.26104943849968
1250,22,30.0,25.0,26.0,22.0,21.0,21.0,14.0,16.0,17.0,65.0,65.0,67.0,62.0,62.0,61.0,51.0,58.0,57.0,100.0,93.0,93.0,73.0,81.0,74.0,45.0,69.0,54.0,1015.0,1019.0,1020.0,1012.0,1016.0,1018.0,1008.0,1012.0,1015.0,16.0,16.0,16.0,13.0,16.0,13.0,3.0,11.0,2.0,34.0,14.0,23.0,8.0,6.0,10.0,2.0,1.0,17.0,30.5,22.0,13.5,60.0,55.5,47.0,93.0,63.5,33.0,1014.5,1011.0,1007.0,16.0,14.5,9.5,26.5,8.0,1.0,3.605551275463989,0.7071067811865476,-1.5811388300841898,-7.0710678118654755,-9.192388155425117,-7.516648189186454,-8.573214099741124,-14.577379737113251,-24.0,-2.9154759474226504,-3.1622776601683795,-3.1622776601683795,0.0,0.0,7.245688373094719,9.354143466934854,1.4142135623730951,-1.224744871391589,2.886751345948129,0.5773502691896257,-1.4142135623730951,-5.887840577551898,-7.483314773547883,-6.110100926607787,-7.0,-11.195237082497776,-17.578395831246947,-2.449489742783178,-2.8284271247461903,-3.1091263510296048,0.0,1.7320508075688772,7.874007874011811,5.597618541248888,-2.0,-9.291573243177568
1251,26,31.0,30.0,25.0,22.0,22.0,21.0,13.0,14.0,16.0,55.0,65.0,65.0,49.0,62.0,62.0,43.0,51.0,58.0,86.0,100.0,93.0,54.0,73.0,81.0,21.0,45.0,69.0,1014.0,1015.0,1019.0,1010.0,1012.0,1016.0,1006.0,1008.0,1012.0,16.0,16.0,16.0,16.0,13.0,16.0,16.0,3.0,11.0,19.0,34.0,14.0,8.0,8.0,6.0,0.0,2.0,1.0,32.5,24.0,15.0,62.5,54.5,47.5,81.0,54.5,27.5,1011.0,1008.0,1005.0,16.0,16.0,16.0,23.0,9.5,0.0,2.23606797749979,2.8284271247461903,2.7386127875258306,7.905694150420948,-4.898979485566356,2.9154759474226504,-12.165525060596439,-13.416407864998739,-14.265342617687105,-4.301162633521313,-3.1622776601683795,-2.0,0.0,2.1213203435596424,9.192388155425117,-8.972179222463181,2.1213203435596424,-1.4142135623730951,3.415650255319866,2.3804761428476167,1.9148542155126762,6.454972243679028,-4.0,-3.265986323710904,-9.073771725877465,-11.88836966675134,-18.101565309847285,-4.203173404306164,-3.4641016151377544,-2.8284271247461903,0.0,0.0,5.916079783099616,8.925618559330589,2.0816659994661326,-1.0
1252,29,34.0,31.0,30.0,26.0,22.0,22.0,17.0,13.0,14.0,70.0,55.0,65.0,60.0,49.0,62.0,52.0,43.0,51.0,76.0,86.0,100.0,55.0,54.0,73.0,34.0,21.0,45.0,1008.0,1014.0,1015.0,1006.0,1010.0,1012.0,1004.0,1006.0,1008.0,16.0,16.0,16.0,16.0,16.0,13.0,16.0,16.0,3.0,27.0,19.0,34.0,11.0,8.0,8.0,0.0,0.0,2.0,33.5,27.5,20.5,72.5,66.0,61.0,81.5,62.5,43.0,1010.0,1007.5,1005.5,16.0,16.0,13.5,24.0,10.5,0.0,2.0,3.5355339059327378,5.70087712549569,11.180339887498949,11.510864433221338,14.230249470757707,3.24037034920393,10.63014581273465,15.700318468107582,-3.1622776601683795,-1.8708286933869707,1.5811388300841898,0.0,0.0,-3.5355339059327378,3.7416573867739413,2.0,0.0,1.7320508075688772,2.886751345948129,4.618802153517006,7.0710678118654755,5.656854249492381,10.661457061146317,-7.637626158259733,-6.708203932499369,-5.259911279353167,-2.6457513110645907,-1.9148542155126762,0.5773502691896257,0.0,1.7320508075688772,6.928203230275509,-8.103497187428813,1.632993161855452,-1.1547005383792515
1253,31,33.0,34.0,31.0,29.0,26.0,22.0,24.0,17.0,13.0,75.0,70.0,55.0,72.0,60.0,49.0,70.0,52.0,43.0,87.0,76.0,86.0,70.0,55.0,54.0,52.0,34.0,21.0,1012.0,1008.0,1014.0,1009.0,1006.0,1010.0,1007.0,1004.0,1006.0,16.0,16.0,16.0,16.0,16.0,16.0,11.0,16.0,16.0,21.0,27.0,19.0,10.0,11.0,8.0,0.0,0.0,0.0,34.5,30.0,24.0,75.5,73.0,71.0,90.5,70.5,50.0,1012.5,1010.0,1007.5,16.0,13.0,7.0,22.5,10.5,0.0,2.0,2.5495097567963922,4.949747468305833,3.605551275463989,8.602325267042627,12.806248474865697,9.219544457292887,10.63014581273465,12.409673645990857,2.9154759474226504,2.5495097567963922,2.23606797749979,0.0,-4.242640687119285,-6.670832032063167,-3.6742346141747673,0.0,0.0,2.3804761428476167,3.1091263510296048,4.654746681256314,9.146948489341495,9.46924847422786,11.67618659209133,4.83045891539648,8.698658900466592,12.609520212918492,-2.516611478423583,-1.0,1.4142135623730951,0.0,-3.4641016151377544,-5.446711546122731,3.5118845842842465,1.7320508075688772,0.0
1254,27,36.0,33.0,34.0,31.0,29.0,26.0,24.0,24.0,17.0,76.0,75.0,70.0,74.0,72.0,60.0,72.0,70.0,52.0,94.0,87.0,76.0,71.0,70.0,55.0,48.0,52.0,34.0,1013.0,1012.0,1008.0,1011.0,1009.0,1006.0,1008.0,1007.0,1004.0,16.0,16.0,16.0,10.0,16.0,16.0,3.0,11.0,16.0,24.0,21.0,27.0,11.0,10.0,11.0,0.0,0.0,0.0,35.0,29.0,21.5,74.5,72.5,67.0,93.5,72.0,50.0,1014.0,1011.5,1008.0,16.0,12.0,3.0,26.5,8.5,6.0,1.5811388300841898,-2.449489742783178,-3.5355339059327378,-2.0,-1.5811388300841898,-6.928203230275509,4.898979485566356,1.5811388300841898,0.0,1.5811388300841898,1.5811388300841898,0.7071067811865476,0.0,-3.1622776601683795,-5.656854249492381,4.123105625617661,-3.4641016151377544,8.48528137423857,1.1547005383792515,-1.0,2.8284271247461903,2.3804761428476167,6.8068592855540455,8.717797887081348,7.505553499465135,8.755950357709132,10.392304845413264,2.6457513110645907,2.160246899469287,1.8257418583505538,0.0,-2.581988897471611,-5.446711546122731,-0.816496580927726,-2.886751345948129,6.928203230275509
1255,26,34.0,36.0,33.0,27.0,31.0,29.0,19.0,24.0,24.0,73.0,76.0,75.0,71.0,74.0,72.0,62.0,72.0,70.0,93.0,94.0,87.0,73.0,71.0,70.0,52.0,48.0,52.0,1015.0,1013.0,1012.0,1012.0,1011.0,1009.0,1008.0,1008.0,1007.0,16.0,16.0,16.0,14.0,10.0,16.0,3.0,3.0,11.0,29.0,24.0,21.0,6.0,11.0,10.0,12.0,0.0,0.0,32.5,26.5,19.5,71.0,69.0,63.0,93.0,71.5,49.0,1017.5,1014.0,1010.5,16.0,15.0,9.5,21.0,4.5,6.0,-2.5495097567963922,-2.9154759474226504,-3.4641016151377544,-3.5355339059327378,-3.5355339059327378,-6.928203230275509,-0.7071067811865476,-1.5811388300841898,-3.1622776601683795,3.8078865529319543,2.9154759474226504,3.5355339059327378,0.0,3.1622776601683795,9.192388155425117,-10.747092630102339,-4.123105625617661,0.0,-1.1547005383792515,-2.0816659994661326,-2.8284271247461903,-2.8284271247461903,-2.6457513110645907,-5.5377492419453835,4.0,-1.1547005383792515,-3.4641016151377544,3.1622776601683795,2.6457513110645907,2.943920288775949,0.0,-2.309401076758503,5.916079783099616,-8.602325267042627,-3.3166247903554,0.0
1256,26,31.0,34.0,36.0,26.0,27.0,31.0,20.0,19.0,24.0,69.0,73.0,76.0,67.0,71.0,74.0,64.0,62.0,72.0,93.0,93.0,94.0,70.0,73.0,71.0,46.0,52.0,48.0,1020.0,1015.0,1013.0,1016.0,1012.0,1011.0,1013.0,1008.0,1008.0,16.0,16.0,16.0,16.0,14.0,10.0,16.0,3.0,3.0,13.0,29.0,24.0,3.0,6.0,11.0,0.0,12.0,0.0,31.0,26.0,20.0,68.5,66.5,63.5,91.5,69.0,45.5,1019.0,1016.5,1014.0,16.0,16.0,16.0,13.0,3.0,0.0,-2.1213203435596424,-0.7071067811865476,0.7071067811865476,-2.9154759474226504,-2.9154759474226504,1.224744871391589,-2.1213203435596424,-2.5495097567963922,-4.301162633521313,3.24037034920393,2.9154759474226504,3.8078865529319543,0.0,1.4142135623730951,9.192388155425117,-11.313708498984761,-2.1213203435596424,-8.48528137423857,-2.0816659994661326,-2.3804761428476167,-2.8284271247461903,-2.943920288775949,-2.943920288775949,-5.686240703077327,-1.8257418583505538,-1.7320508075688772,-2.6457513110645907,2.886751345948129,2.449489742783178,3.1091263510296048,0.0,2.581988897471611,7.505553499465135,-8.774964387392123,-3.366501646120693,0.0
1257,25,31.0,31.0,34.0,26.0,26.0,27.0,20.0,20.0,19.0,68.0,69.0,73.0,66.0,67.0,71.0,63.0,64.0,62.0,90.0,93.0,93.0,68.0,70.0,73.0,45.0,46.0,52.0,1018.0,1020.0,1015.0,1017.0,1016.0,1012.0,1015.0,1013.0,1008.0,16.0,16.0,16.0,16.0,16.0,14.0,16.0,16.0,3.0,13.0,13.0,29.0,3.0,3.0,6.0,0.0,0.0,12.0,30.0,25.5,20.0,69.0,67.0,62.5,93.5,71.0,48.0,1018.5,1016.5,1014.5,16.0,16.0,15.0,20.0,3.0,0.5,-1.4142135623730951,-0.7071067811865476,0.0,1.224744871391589,1.224744871391589,-1.0,4.47213595499958,4.0,4.183300132670378,-1.224744871391589,0.0,1.224744871391589,0.0,0.0,-1.4142135623730951,9.899494936611665,0.0,0.7071067811865476,-2.0816659994661326,-0.816496580927726,0.5773502691896257,-2.0816659994661326,-2.0816659994661326,0.816496580927726,3.6514837167011076,2.7688746209726918,-0.5773502691896257,2.70801280154532,2.309401076758503,3.0550504633038935,0.0,1.1547005383792515,7.416198487095663,-4.47213595499958,-1.7320508075688772,-6.904105059069326
1258,26,29.0,31.0,31.0,25.0,26.0,26.0,20.0,20.0,20.0,70.0,68.0,69.0,68.0,66.0,67.0,62.0,63.0,64.0,97.0,90.0,93.0,74.0,68.0,70.0,51.0,45.0,46.0,1019.0,1018.0,1020.0,1016.0,1017.0,1016.0,1014.0,1015.0,1013.0,16.0,16.0,16.0,16.0,16.0,16.0,14.0,16.0,16.0,27.0,13.0,13.0,3.0,3.0,3.0,1.0,0.0,0.0,30.5,25.5,19.5,70.5,68.0,63.5,97.0,74.5,52.0,1018.0,1015.0,1012.5,16.0,16.0,14.0,21.5,4.5,0.5,1.5811388300841898,0.0,-0.7071067811865476,1.5811388300841898,1.4142135623730951,2.0,4.949747468305833,4.301162633521313,4.47213595499958,-1.224744871391589,-1.5811388300841898,-2.23606797749979,0.0,0.0,-1.4142135623730951,6.123724356957945,2.1213203435596424,0.0,1.2909944487358056,0.0,-0.5773502691896257,1.1547005383792515,1.0,1.5275252316519468,3.6514837167011076,3.3166247903554,3.605551275463989,-1.5275252316519468,-1.1547005383792515,-1.4142135623730951,0.0,0.0,-1.1547005383792515,5.0,1.7320508075688772,0.0
1259,28,32.0,29.0,31.0,26.0,25.0,26.0,19.0,20.0,20.0,71.0,70.0,68.0,68.0,68.0,66.0,65.0,62.0,63.0,97.0,97.0,90.0,75.0,74.0,68.0,53.0,51.0,45.0,1017.0,1019.0,1018.0,1014.0,1016.0,1017.0,1011.0,1014.0,1015.0,16.0,16.0,16.0,16.0,16.0,16.0,14.0,14.0,16.0,16.0,27.0,13.0,6.0,3.0,3.0,0.0,1.0,0.0,32.5,27.0,21.0,71.5,69.5,65.5,95.0,72.5,50.0,1016.0,1013.5,1010.0,16.0,16.0,15.0,17.5,7.0,0.0,2.23606797749979,1.5811388300841898,2.7386127875258306,1.0,2.1213203435596424,2.23606797749979,-2.8284271247461903,-3.4641016151377544,-4.0,-2.0,-1.5811388300841898,-2.5495097567963922,0.0,0.0,1.4142135623730951,-7.483314773547883,2.5495097567963922,-0.7071067811865476,1.4142135623730951,1.1547005383792515,2.23606797749979,1.4142135623730951,2.0816659994661326,1.7320508075688772,3.3166247903554,2.0,1.1547005383792515,-1.5275252316519468,-1.4142135623730951,-2.160246899469287,0.0,0.0,0.0,5.291502622129181,2.0816659994661326,0.0
1260,28,33.0,32.0,29.0,28.0,26.0,25.0,23.0,19.0,20.0,72.0,71.0,70.0,71.0,68.0,68.0,66.0,65.0,62.0,93.0,97.0,97.0,70.0,75.0,74.0,47.0,53.0,51.0,1015.0,1017.0,1019.0,1013.0,1014.0,1016.0,1009.0,1011.0,1014.0,16.0,16.0,16.0,16.0,16.0,16.0,16.0,14.0,14.0,19.0,16.0,27.0,8.0,6.0,3.0,0.0,0.0,1.0,33.0,28.0,22.5,72.5,71.0,65.5,93.5,69.5,45.5,1015.0,1013.0,1009.0,16.0,16.0,9.5,19.0,7.0,3.0,0.7071067811865476,1.4142135623730951,2.7386127875258306,1.0,2.1213203435596424,0.0,-2.7386127875258306,-3.605551275463989,-4.743416490252569,-1.4142135623730951,-0.7071067811865476,-1.4142135623730951,0.0,0.0,-9.082951062292475,2.1213203435596424,0.0,4.242640687119285,1.8257418583505538,1.2909944487358056,2.160246899469287,1.0,1.7320508075688772,1.7320508075688772,-2.23606797749979,-2.886751345948129,-3.696845502136472,-1.632993161855452,-1.2909944487358056,-2.0816659994661326,0.0,0.0,-7.416198487095663,-6.110100926607787,1.7320508075688772,3.415650255319866
1261,27,33.0,33.0,32.0,28.0,28.0,26.0,22.0,23.0,19.0,73.0,72.0,71.0,71.0,71.0,68.0,65.0,66.0,65.0,94.0,93.0,97.0,69.0,70.0,75.0,44.0,47.0,53.0,1015.0,1015.0,1017.0,1013.0,1013.0,1014.0,1009.0,1009.0,1011.0,16.0,16.0,16.0,16.0,16.0,16.0,3.0,16.0,14.0,19.0,19.0,16.0,6.0,8.0,6.0,6.0,0.0,0.0,33.0,27.5,21.0,72.0,70.0,65.5,97.0,72.5,48.0,1014.0,1011.5,1008.0,16.0,15.0,3.0,19.0,4.0,5.0,0.0,-0.7071067811865476,-1.5811388300841898,-1.224744871391589,-1.4142135623730951,0.0,4.301162633521313,4.898979485566356,5.244044240850758,-1.4142135623730951,-2.1213203435596424,-1.4142135623730951,0.0,-1.4142135623730951,-9.192388155425117,0.0,-3.1622776601683795,4.0,0.5773502691896257,1.0,1.9148542155126762,-0.816496580927726,1.2909944487358056,0.5773502691896257,2.6457513110645907,2.7688746209726918,2.516611478423583,-1.632993161855452,-1.8257418583505538,-1.632993161855452,0.0,-1.1547005383792515,-7.416198487095663,1.7320508075688772,-2.309401076758503,3.265986323710904
1262,26,33.0,33.0,33.0,27.0,28.0,28.0,20.0,22.0,23.0,71.0,73.0,72.0,69.0,71.0,71.0,66.0,65.0,66.0,100.0,94.0,93.0,76.0,69.0,70.0,52.0,44.0,47.0,1013.0,1015.0,1015.0,1010.0,1013.0,1013.0,1007.0,1009.0,1009.0,16.0,16.0,16.0,14.0,16.0,16.0,3.0,3.0,16.0,19.0,19.0,19.0,2.0,6.0,8.0,4.0,6.0,0.0,32.5,26.5,19.5,70.5,68.5,65.5,100.0,74.0,48.0,1011.0,1008.5,1006.0,16.0,14.0,1.5,29.5,3.5,19.5,-0.7071067811865476,-1.0,-1.5811388300841898,-1.5811388300841898,-1.5811388300841898,0.0,4.242640687119285,4.06201920231798,0.0,-3.1622776601683795,-3.0,-2.0,0.0,-1.4142135623730951,-2.1213203435596424,14.849242404917497,-1.8708286933869707,21.874642854227357,-0.5773502691896257,-0.816496580927726,-1.4142135623730951,-1.1547005383792515,-1.2909944487358056,-0.5773502691896257,3.5118845842842465,3.265986323710904,-1.7320508075688772,-2.581988897471611,-2.449489742783178,-1.632993161855452,0.0,-1.1547005383792515,-7.702813338860896,12.12435565298214,-1.9148542155126762,18.193405398660254
1263,27,32.0,33.0,33.0,26.0,27.0,28.0,19.0,20.0,22.0,70.0,71.0,73.0,68.0,69.0,71.0,65.0,66.0,65.0,100.0,100.0,94.0,72.0,76.0,69.0,44.0,52.0,44.0,1009.0,1013.0,1015.0,1007.0,1010.0,1013.0,1005.0,1007.0,1009.0,16.0,16.0,16.0,14.0,14.0,16.0,0.0,3.0,3.0,40.0,19.0,19.0,5.0,2.0,6.0,35.0,4.0,6.0,32.5,26.5,20.0,70.0,67.0,62.5,98.5,69.5,40.0,1010.5,1008.5,1006.5,16.0,15.0,8.0,31.5,6.5,17.5,0.0,0.0,1.224744871391589,-0.7071067811865476,-1.5811388300841898,-3.605551275463989,-2.1213203435596424,-4.527692569068709,-8.0,-1.8708286933869707,0.0,1.5811388300841898,0.0,1.4142135623730951,11.113055385446435,8.717797887081348,3.0,-11.489125293076057,0.0,-0.5773502691896257,-0.5773502691896257,-1.2909944487358056,-1.7320508075688772,-2.886751345948129,3.0,1.632993161855452,-4.618802153517006,-1.9148542155126762,-1.7320508075688772,0.5773502691896257,0.0,0.0,9.073771725877465,7.118052168020874,0.816496580927726,-9.451631252505216
1264,28,33.0,32.0,33.0,27.0,26.0,27.0,21.0,19.0,20.0,70.0,70.0,71.0,66.0,68.0,69.0,60.0,65.0,66.0,97.0,100.0,100.0,67.0,72.0,76.0,36.0,44.0,52.0,1012.0,1009.0,1013.0,1010.0,1007.0,1010.0,1008.0,1005.0,1007.0,16.0,16.0,16.0,16.0,14.0,14.0,16.0,0.0,3.0,23.0,40.0,19.0,8.0,5.0,2.0,0.0,35.0,4.0,34.0,27.5,21.0,69.0,64.0,57.0,90.5,61.0,31.0,1013.0,1011.5,1009.5,16.0,16.0,16.0,18.5,6.5,0.0,1.5811388300841898,1.0,1.4142135623730951,-1.4142135623730951,-3.1622776601683795,-5.522680508593631,-9.433981132056603,-9.192388155425117,-9.055385138137417,2.5495097567963922,3.0,3.0,0.0,1.4142135623730951,11.313708498984761,-13.601470508735444,0.0,-24.748737341529164,1.1547005383792515,0.5773502691896257,1.0,-1.2909944487358056,-2.6457513110645907,-4.546060565661952,-7.702813338860896,-7.852812659593164,-8.717797887081348,-1.0,1.7320508075688772,2.160246899469287,0.0,1.1547005383792515,9.073771725877465,4.864839839775475,1.7320508075688772,-9.38083151964686
1265,28,35.0,33.0,32.0,28.0,27.0,26.0,21.0,21.0,19.0,68.0,70.0,70.0,62.0,66.0,68.0,54.0,60.0,65.0,84.0,97.0,100.0,55.0,67.0,72.0,26.0,36.0,44.0,1014.0,1012.0,1009.0,1013.0,1010.0,1007.0,1011.0,1008.0,1005.0,16.0,16.0,16.0,16.0,16.0,14.0,16.0,16.0,0.0,14.0,23.0,40.0,5.0,8.0,5.0,0.0,0.0,35.0,34.5,28.0,22.0,68.0,64.0,59.0,81.5,57.5,33.5,1014.5,1013.0,1010.5,16.0,16.0,16.0,14.0,5.5,0.0,1.224744871391589,0.7071067811865476,1.4142135623730951,-1.4142135623730951,0.0,5.656854249492381,-9.848857801796104,-7.713624310270756,7.905694150420948,1.5811388300841898,2.1213203435596424,2.0,0.0,0.0,0.0,-6.363961030678928,-2.0,0.0,1.1547005383792515,0.816496580927726,1.632993161855452,-1.1547005383792515,-1.1547005383792515,3.605551275463989,-8.225975119502044,-6.928203230275509,4.509249752822894,2.160246899469287,2.449489742783178,2.3804761428476167,0.0,1.1547005383792515,9.237604307034012,-11.105554165971787,0.5773502691896257,-20.207259421636902
1266,28,34.0,35.0,33.0,28.0,28.0,27.0,23.0,21.0,21.0,68.0,68.0,70.0,66.0,62.0,66.0,64.0,54.0,60.0,79.0,84.0,97.0,60.0,55.0,67.0,41.0,26.0,36.0,1015.0,1014.0,1012.0,1013.0,1013.0,1010.0,1010.0,1011.0,1008.0,16.0,16.0,16.0,16.0,16.0,16.0,16.0,16.0,16.0,14.0,14.0,23.0,6.0,5.0,8.0,0.0,0.0,0.0,33.0,28.0,23.0,69.5,67.5,64.5,83.0,64.5,45.5,1014.5,1012.5,1009.0,16.0,16.0,16.0,17.5,8.0,0.0,-1.5811388300841898,0.0,1.4142135623730951,2.1213203435596424,3.5355339059327378,7.106335201775948,4.415880433163924,7.280109889280518,12.36931687685298,0.0,-0.7071067811865476,-1.5811388300841898,0.0,0.0,0.0,4.949747468305833,2.9154759474226504,0.0,-0.5773502691896257,0.5773502691896257,1.1547005383792515,1.2909944487358056,1.7320508075688772,4.654746681256314,-6.582805886043833,-3.559026084010437,8.286535263104035,1.1547005383792515,1.632993161855452,1.1547005383792515,0.0,0.0,0.0,-3.265986323710904,1.632993161855452,0.0
1267,28,32.0,34.0,35.0,28.0,28.0,28.0,23.0,23.0,21.0,71.0,68.0,68.0,69.0,66.0,62.0,65.0,64.0,54.0,87.0,79.0,84.0,69.0,60.0,55.0,50.0,41.0,26.0,1014.0,1015.0,1014.0,1012.0,1013.0,1013.0,1008.0,1010.0,1011.0,16.0,16.0,16.0,16.0,16.0,16.0,16.0,16.0,16.0,21.0,14.0,14.0,10.0,6.0,5.0,0.0,0.0,0.0,33.0,28.0,22.0,70.0,67.0,62.0,85.5,65.5,45.0,1014.0,1011.5,1008.5,16.0,16.0,16.0,22.0,10.0,0.0,0.0,0.0,-1.4142135623730951,1.5811388300841898,-1.8708286933869707,-4.183300132670378,5.244044240850758,4.0,-3.082207001484488,-0.7071067811865476,-1.0,-1.224744871391589,0.0,0.0,0.0,5.1478150704935,2.8284271247461903,0.0,-0.5773502691896257,0.0,0.0,1.2909944487358056,1.7320508075688772,4.654746681256314,3.1622776601683795,4.358898943540674,8.286535263104035,0.0,-0.816496580927726,-1.1547005383792515,0.0,0.0,0.0,4.203173404306164,2.3804761428476167,0.0
1268,28,34.0,32.0,34.0,28.0,28.0,28.0,21.0,23.0,23.0,69.0,71.0,68.0,65.0,69.0,66.0,59.0,65.0,64.0,84.0,87.0,79.0,62.0,69.0,60.0,40.0,50.0,41.0,1014.0,1014.0,1015.0,1011.0,1012.0,1013.0,1009.0,1008.0,1010.0,16.0,16.0,16.0,16.0,16.0,16.0,16.0,16.0,16.0,23.0,21.0,14.0,10.0,10.0,6.0,0.0,0.0,0.0,34.0,28.0,22.0,69.5,66.5,60.5,85.5,62.0,38.0,1014.5,1012.0,1009.5,16.0,16.0,16.0,22.0,10.5,0.0,1.4142135623730951,0.0,0.0,-1.224744871391589,-1.8708286933869707,-3.6742346141747673,0.0,-4.949747468305833,-7.615773105863909,0.7071067811865476,1.224744871391589,1.0,0.0,0.0,0.0,0.0,0.7071067811865476,0.0,0.0,0.0,0.0,1.4142135623730951,0.816496580927726,-2.943920288775949,4.618802153517006,3.265986323710904,-3.415650255319866,0.0,0.816496580927726,-0.816496580927726,0.0,0.0,0.0,4.041451884327381,2.3804761428476167,0.0
1269,29,34.0,34.0,32.0,28.0,28.0,28.0,23.0,21.0,23.0,70.0,69.0,71.0,68.0,65.0,69.0,62.0,59.0,65.0,87.0,84.0,87.0,62.0,62.0,69.0,36.0,40.0,50.0,1015.0,1014.0,1014.0,1013.0,1011.0,1012.0,1010.0,1009.0,1008.0,16.0,16.0,16.0,16.0,16.0,16.0,16.0,16.0,16.0,21.0,23.0,21.0,11.0,10.0,10.0,0.0,0.0,0.0,34.0,28.5,23.5,71.0,68.0,62.0,87.0,62.0,36.0,1015.0,1012.5,1009.5,16.0,16.0,9.5,22.5,11.0,0.0,0.0,0.7071067811865476,1.5811388300841898,1.5811388300841898,2.1213203435596424,2.1213203435596424,2.1213203435596424,0.0,-2.8284271247461903,0.7071067811865476,1.224744871391589,0.0,0.0,0.0,-9.192388155425117,1.5811388300841898,0.7071067811865476,0.0,1.1547005383792515,0.5773502691896257,0.5773502691896257,0.5773502691896257,-1.5275252316519468,-3.0,0.0,-4.041451884327381,-6.2182527020592095,0.5773502691896257,0.816496580927726,0.5773502691896257,0.0,0.0,-7.505553499465135,1.7320508075688772,0.5773502691896257,0.0
1270,31,34.0,34.0,34.0,29.0,28.0,28.0,24.0,23.0,21.0,72.0,70.0,69.0,68.0,68.0,65.0,62.0,62.0,59.0,87.0,87.0,84.0,62.0,62.0,62.0,36.0,36.0,40.0,1015.0,1015.0,1014.0,1012.0,1013.0,1011.0,1009.0,1010.0,1009.0,16.0,16.0,16.0,16.0,16.0,16.0,3.0,16.0,16.0,24.0,21.0,23.0,11.0,11.0,10.0,0.0,0.0,0.0,35.5,30.0,24.0,72.5,69.5,65.0,87.5,62.5,37.0,1014.5,1012.0,1009.0,16.0,16.0,9.5,26.5,11.0,0.0,2.1213203435596424,1.5811388300841898,0.7071067811865476,1.5811388300841898,2.1213203435596424,4.242640687119285,0.7071067811865476,0.7071067811865476,1.4142135623730951,-0.7071067811865476,-0.7071067811865476,-0.7071067811865476,0.0,0.0,0.0,4.123105625617661,0.0,0.0,1.7320508075688772,1.2909944487358056,1.2909944487358056,1.4142135623730951,2.449489742783178,3.872983346207417,1.8257418583505538,0.5773502691896257,-2.0,0.0,1.0,0.0,0.0,0.0,0.0,3.1622776601683795,0.5773502691896257,0.0
1271,31,37.0,34.0,34.0,31.0,29.0,28.0,24.0,24.0,23.0,73.0,72.0,70.0,71.0,68.0,68.0,68.0,62.0,62.0,88.0,87.0,87.0,63.0,62.0,62.0,38.0,36.0,36.0,1014.0,1015.0,1015.0,1012.0,1012.0,1013.0,1009.0,1009.0,1010.0,16.0,16.0,16.0,16.0,16.0,16.0,16.0,3.0,16.0,29.0,24.0,21.0,11.0,11.0,11.0,0.0,0.0,0.0,36.5,31.0,25.0,73.5,71.0,67.5,86.5,63.0,39.5,1015.0,1012.5,1009.5,16.0,16.0,13.5,26.0,12.0,0.0,2.0,1.4142135623730951,1.4142135623730951,1.0,2.1213203435596424,4.183300132670378,-2.0,0.7071067811865476,2.5495097567963922,1.224744871391589,0.7071067811865476,0.7071067811865476,0.0,0.0,8.48528137423857,-2.345207879911715,1.4142135623730951,0.0,1.632993161855452,1.2909944487358056,1.2909944487358056,1.4142135623730951,1.7320508075688772,3.415650255319866,-1.632993161855452,0.5773502691896257,2.0816659994661326,1.0,0.0,0.0,0.0,0.0,-2.886751345948129,-0.816496580927726,1.1547005383792515,0.0
1272,31,36.0,37.0,34.0,31.0,31.0,29.0,26.0,24.0,24.0,74.0,73.0,72.0,71.0,71.0,68.0,67.0,68.0,62.0,85.0,88.0,87.0,63.0,63.0,62.0,41.0,38.0,36.0,1016.0,1014.0,1015.0,1013.0,1012.0,1012.0,1010.0,1009.0,1009.0,16.0,16.0,16.0,16.0,16.0,16.0,11.0,16.0,3.0,23.0,29.0,24.0,13.0,11.0,11.0,0.0,0.0,0.0,36.5,31.0,25.0,74.0,71.0,67.0,89.5,64.0,38.0,1016.0,1013.0,1010.0,16.0,16.0,13.5,22.0,12.0,0.0,0.0,0.0,0.0,0.7071067811865476,0.0,-0.7071067811865476,6.0,1.4142135623730951,-3.6742346141747673,1.4142135623730951,0.7071067811865476,0.7071067811865476,0.0,0.0,0.0,-4.47213595499958,0.0,0.0,1.7320508075688772,1.1547005383792515,0.0,0.816496580927726,1.7320508075688772,3.415650255319866,4.932882862316247,1.2909944487358056,-2.7688746209726918,1.0,0.5773502691896257,0.5773502691896257,0.0,0.0,7.505553499465135,-2.23606797749979,0.0,0.0
1273,31,37.0,36.0,37.0,31.0,31.0,31.0,24.0,26.0,24.0,74.0,74.0,73.0,71.0,71.0,71.0,67.0,67.0,68.0,94.0,85.0,88.0,65.0,63.0,63.0,35.0,41.0,38.0,1016.0,1016.0,1014.0,1013.0,1013.0,1012.0,1010.0,1010.0,1009.0,16.0,16.0,16.0,16.0,16.0,16.0,16.0,11.0,16.0,21.0,23.0,29.0,11.0,13.0,11.0,0.0,0.0,0.0,37.0,31.0,24.5,73.5,70.5,66.5,88.0,62.5,36.5,1014.5,1011.5,1008.0,16.0,16.0,16.0,23.5,11.0,0.0,0.7071067811865476,0.0,-1.224744871391589,-0.7071067811865476,-0.7071067811865476,-0.7071067811865476,-5.612486080160912,-3.24037034920393,-3.6742346141747673,-2.1213203435596424,-2.1213203435596424,-2.8284271247461903,0.0,0.0,3.5355339059327378,3.24037034920393,-1.4142135623730951,0.0,0.0,0.0,0.5773502691896257,0.0,-0.5773502691896257,-0.816496580927726,-4.898979485566356,-2.6457513110645907,-2.449489742783178,-1.2909944487358056,-1.632993161855452,-2.23606797749979,0.0,0.0,0.0,-2.23606797749979,0.0,0.0
1274,32,37.0,37.0,36.0,31.0,31.0,31.0,25.0,24.0,26.0,73.0,74.0,74.0,70.0,71.0,71.0,66.0,67.0,67.0,82.0,94.0,85.0,60.0,65.0,63.0,38.0,35.0,41.0,1013.0,1016.0,1016.0,1010.0,1013.0,1013.0,1006.0,1010.0,1010.0,16.0,16.0,16.0,16.0,16.0,16.0,16.0,16.0,11.0,26.0,21.0,23.0,11.0,11.0,13.0,0.0,0.0,0.0,37.5,31.5,25.0,74.0,71.0,67.0,83.5,60.5,37.0,1011.0,1008.5,1005.0,16.0,16.0,16.0,25.0,12.0,0.0,0.7071067811865476,0.7071067811865476,0.7071067811865476,1.224744871391589,1.224744871391589,1.224744871391589,-8.215838362577491,-3.4641016151377544,1.5811388300841898,-3.5355339059327378,-3.0,-3.1622776601683795,0.0,0.0,0.0,3.24037034920393,1.4142135623730951,0.0,0.816496580927726,0.5773502691896257,-1.0,1.0,1.0,1.0,-4.242640687119285,-2.581988897471611,-3.2145502536643185,-2.886751345948129,-2.449489742783178,-2.581988897471611,0.0,0.0,2.886751345948129,2.3804761428476167,0.0,0.0
1275,32,38.0,37.0,37.0,32.0,31.0,31.0,25.0,25.0,24.0,75.0,73.0,74.0,72.0,70.0,71.0,68.0,66.0,67.0,85.0,82.0,94.0,61.0,60.0,65.0,36.0,38.0,35.0,1009.0,1013.0,1016.0,1007.0,1010.0,1013.0,1004.0,1006.0,1010.0,16.0,16.0,16.0,16.0,16.0,16.0,16.0,16.0,16.0,24.0,26.0,21.0,13.0,11.0,11.0,0.0,0.0,0.0,38.0,32.0,25.5,74.5,71.5,67.5,85.0,60.5,35.5,1009.5,1007.0,1004.5,16.0,16.0,16.0,22.5,12.0,0.0,0.7071067811865476,0.7071067811865476,0.7071067811865476,1.224744871391589,1.224744871391589,1.224744871391589,2.1213203435596424,0.0,-1.5811388300841898,-2.7386127875258306,-2.1213203435596424,-1.224744871391589,0.0,0.0,0.0,-2.5495097567963922,0.0,0.0,0.5773502691896257,0.5773502691896257,0.816496580927726,0.816496580927726,0.816496580927726,0.816496580927726,-6.708203932499369,-2.886751345948129,1.1547005383792515,-2.8284271247461903,-2.449489742783178,-2.516611478423583,0.0,0.0,0.0,2.0,0.0,0.0
1276,29,38.0,38.0,37.0,32.0,32.0,31.0,26.0,25.0,25.0,74.0,75.0,73.0,71.0,72.0,70.0,67.0,68.0,66.0,85.0,85.0,82.0,60.0,61.0,60.0,35.0,36.0,38.0,1010.0,1009.0,1013.0,1007.0,1007.0,1010.0,1005.0,1004.0,1006.0,16.0,16.0,16.0,16.0,16.0,16.0,16.0,16.0,16.0,21.0,24.0,26.0,11.0,13.0,11.0,0.0,0.0,0.0,35.5,30.5,25.0,74.0,71.5,67.5,89.5,66.0,42.0,1013.5,1010.0,1007.5,16.0,16.0,9.5,21.0,8.5,0.0,-3.5355339059327378,-2.1213203435596424,-1.224744871391589,-0.7071067811865476,0.0,0.0,6.363961030678928,8.455767262643882,9.874208829065749,5.0,4.242640687119285,3.605551275463989,0.0,0.0,-9.192388155425117,-2.1213203435596424,-3.8078865529319543,0.0,-2.8284271247461903,-1.632993161855452,-1.0,1.0,1.1547005383792515,1.1547005383792515,5.477225575051661,6.928203230275509,7.979139469057215,3.366501646120693,3.0,2.70801280154532,0.0,0.0,-7.505553499465135,-2.0816659994661326,-2.886751345948129,0.0
1277,31,33.0,38.0,38.0,29.0,32.0,32.0,24.0,26.0,25.0,74.0,74.0,75.0,72.0,71.0,72.0,68.0,67.0,68.0,94.0,85.0,85.0,72.0,60.0,61.0,49.0,35.0,36.0,1017.0,1010.0,1009.0,1013.0,1007.0,1007.0,1010.0,1005.0,1004.0,16.0,16.0,16.0,16.0,16.0,16.0,3.0,16.0,16.0,21.0,21.0,24.0,6.0,11.0,13.0,0.0,0.0,0.0,35.0,30.0,24.0,73.0,70.5,67.0,88.0,66.0,43.5,1016.0,1013.0,1010.0,16.0,16.0,9.5,18.5,7.0,0.0,-2.1213203435596424,-1.5811388300841898,-1.4142135623730951,-1.4142135623730951,-2.0,-1.224744871391589,-5.612486080160912,0.0,6.123724356957945,4.743416490252569,4.242640687119285,3.5355339059327378,0.0,0.0,0.0,-3.5355339059327378,-3.24037034920393,0.0,-1.7320508075688772,-1.2909944487358056,-1.0,-1.2909944487358056,-1.7320508075688772,-1.1547005383792515,-4.58257569495584,-0.5773502691896257,4.96655480858378,3.9157800414902435,3.4641016151377544,2.943920288775949,0.0,0.0,0.0,-3.366501646120693,-2.886751345948129,0.0
1278,30,37.0,33.0,38.0,31.0,29.0,32.0,24.0,24.0,26.0,72.0,74.0,74.0,69.0,72.0,71.0,66.0,68.0,67.0,82.0,94.0,85.0,60.0,72.0,60.0,38.0,49.0,35.0,1015.0,1017.0,1010.0,1013.0,1013.0,1007.0,1010.0,1010.0,1005.0,16.0,16.0,16.0,16.0,16.0,16.0,16.0,3.0,16.0,16.0,21.0,21.0,8.0,6.0,11.0,0.0,0.0,0.0,36.5,30.5,24.0,72.0,66.5,59.5,82.0,57.0,32.0,1014.0,1011.0,1007.5,16.0,16.0,16.0,19.5,9.0,0.0,2.7386127875258306,1.224744871391589,0.0,-1.4142135623730951,-4.123105625617661,-9.300537618869138,-8.48528137423857,-9.486832980505138,-11.510864433221338,-2.0,-2.8284271247461903,-3.5355339059327378,0.0,0.0,9.192388155425117,3.4641016151377544,2.0,0.0,-1.8257418583505538,-1.4142135623730951,-1.1547005383792515,-1.1547005383792515,-3.3166247903554,-7.571877794400365,-4.58257569495584,-3.4641016151377544,-4.795831523312719,3.696845502136472,2.581988897471611,0.0,0.0,0.0,0.0,2.8284271247461903,-2.3804761428476167,0.0
1279,31,36.0,37.0,33.0,30.0,31.0,29.0,24.0,24.0,24.0,72.0,72.0,74.0,64.0,69.0,72.0,53.0,66.0,68.0,82.0,82.0,94.0,54.0,60.0,72.0,26.0,38.0,49.0,1013.0,1015.0,1017.0,1009.0,1013.0,1013.0,1005.0,1010.0,1010.0,16.0,16.0,16.0,16.0,16.0,16.0,16.0,16.0,3.0,23.0,16.0,21.0,10.0,8.0,6.0,0.0,0.0,0.0,36.5,30.5,24.0,72.0,65.5,58.5,78.0,54.0,29.5,1010.5,1007.0,1003.5,16.0,16.0,16.0,19.5,9.0,0.0,0.0,0.0,0.0,0.0,-2.8284271247461903,-4.898979485566356,-5.656854249492381,-4.242640687119285,-6.892024376045111,-3.8078865529319543,-4.0,-4.123105625617661,0.0,0.0,0.0,0.0,0.0,0.0,2.309401076758503,1.1547005383792515,0.0,-1.1547005383792515,-2.886751345948129,-4.163331998932265,-8.32666399786453,-7.745966692414834,-8.48528137423857,-3.3166247903554,-3.265986323710904,-3.366501646120693,0.0,0.0,7.505553499465135,-2.886751345948129,1.1547005383792515,0.0
1280,33,37.0,36.0,37.0,31.0,30.0,31.0,24.0,24.0,24.0,72.0,72.0,72.0,67.0,64.0,69.0,64.0,53.0,66.0,74.0,82.0,82.0,54.0,54.0,60.0,33.0,26.0,38.0,1008.0,1013.0,1015.0,1005.0,1009.0,1013.0,1002.0,1005.0,1010.0,16.0,16.0,16.0,16.0,16.0,16.0,16.0,16.0,16.0,16.0,23.0,16.0,8.0,10.0,8.0,0.0,0.0,0.0,38.5,32.0,25.0,73.5,69.5,66.0,82.5,58.5,34.0,1010.0,1006.5,1003.5,16.0,16.0,14.5,19.5,9.5,0.0,2.23606797749979,1.5811388300841898,1.4142135623730951,2.1213203435596424,4.123105625617661,8.276472678623424,10.606601717798213,6.363961030678928,5.1478150704935,-2.1213203435596424,-1.8708286933869707,0.0,0.0,0.0,-2.1213203435596424,0.0,1.5811388300841898,0.0,1.7320508075688772,1.1547005383792515,1.1547005383792515,1.7320508075688772,1.7320508075688772,-3.265986323710904,8.660254037844387,3.872983346207417,-5.507570547286102,-2.0816659994661326,-2.7688746209726918,-2.886751345948129,0.0,0.0,-1.7320508075688772,4.041451884327381,1.7320508075688772,0.0
1281,26,40.0,37.0,36.0,33.0,31.0,30.0,26.0,24.0,24.0,75.0,72.0,72.0,72.0,67.0,64.0,68.0,64.0,53.0,91.0,74.0,82.0,63.0,54.0,54.0,35.0,33.0,26.0,1012.0,1008.0,1013.0,1008.0,1005.0,1009.0,1005.0,1002.0,1005.0,16.0,16.0,16.0,16.0,16.0,16.0,13.0,16.0,16.0,23.0,16.0,23.0,11.0,8.0,10.0,0.0,0.0,0.0,34.5,29.5,24.0,75.5,71.5,67.0,88.0,66.5,45.0,1016.0,1012.5,1008.5,16.0,14.5,7.5,22.0,9.5,2.0,-7.483314773547883,-4.743416490252569,-2.449489742783178,2.23606797749979,3.4641016151377544,2.449489742783178,11.247221879201993,8.06225774829855,14.212670403551895,6.324555320336759,6.708203932499369,5.385164807134504,0.0,-2.1213203435596424,-8.06225774829855,4.743416490252569,0.0,2.8284271247461903,-6.082762530298219,-3.8297084310253524,-2.0,1.8257418583505538,3.3166247903554,6.658328118479393,7.937253933193772,6.582805886043833,12.288205727444508,4.281744192888376,4.96655480858378,4.041451884327381,0.0,-1.7320508075688772,-6.582805886043833,-1.1547005383792515,-1.1547005383792515,2.309401076758503
1282,28,29.0,40.0,37.0,26.0,33.0,31.0,22.0,26.0,24.0,76.0,75.0,72.0,71.0,72.0,67.0,66.0,68.0,64.0,85.0,91.0,74.0,70.0,63.0,54.0,55.0,35.0,33.0,1020.0,1012.0,1008.0,1017.0,1008.0,1005.0,1012.0,1005.0,1002.0,16.0,16.0,16.0,13.0,16.0,16.0,2.0,13.0,16.0,21.0,23.0,16.0,8.0,11.0,8.0,4.0,0.0,0.0,30.5,27.0,23.0,75.0,71.0,66.5,86.0,68.5,51.0,1021.0,1018.5,1015.0,16.0,14.5,6.5,21.0,8.0,2.5,-7.483314773547883,-4.743416490252569,-2.449489742783178,-1.224744871391589,-0.7071067811865476,-1.224744871391589,-4.0,4.47213595499958,12.96148139681572,5.830951894845301,6.708203932499369,6.519202405202649,0.0,0.0,-4.47213595499958,-1.4142135623730951,-2.1213203435596424,1.8708286933869707,-5.8594652770823155,-3.696845502136472,-1.632993161855452,1.4142135623730951,2.8284271247461903,2.0816659994661326,9.255628917943215,6.3508529610858835,10.64581294844754,5.291502622129181,5.744562646538029,5.597618541248888,0.0,0.0,-4.041451884327381,3.872983346207417,0.0,1.5275252316519468
1283,28,32.0,29.0,40.0,28.0,26.0,33.0,24.0,22.0,26.0,74.0,76.0,75.0,71.0,71.0,72.0,67.0,66.0,68.0,87.0,85.0,91.0,67.0,70.0,63.0,47.0,55.0,35.0,1022.0,1020.0,1012.0,1020.0,1017.0,1008.0,1018.0,1012.0,1005.0,16.0,16.0,16.0,16.0,13.0,16.0,11.0,2.0,13.0,21.0,21.0,23.0,8.0,8.0,11.0,1.0,4.0,0.0,32.5,28.0,23.0,74.0,71.5,67.0,93.5,70.5,47.0,1021.5,1019.5,1016.0,16.0,14.5,6.5,22.5,5.5,14.0,2.23606797749979,1.4142135623730951,0.0,-1.4142135623730951,0.7071067811865476,0.7071067811865476,9.300537618869138,4.47213595499958,-5.656854249492381,1.224744871391589,2.0,3.1622776601683795,0.0,0.0,0.0,2.1213203435596424,-3.5355339059327378,18.261982367749674,-6.082762530298219,-3.872983346207417,-2.309401076758503,-1.0,0.0,-1.0,6.757711644237764,5.446711546122731,10.583005244258363,4.725815626252608,5.446711546122731,4.795831523312719,0.0,-1.7320508075688772,-6.3508529610858835,1.2909944487358056,-3.366501646120693,15.088627063675034
1284,27,33.0,32.0,29.0,28.0,28.0,26.0,22.0,24.0,22.0,74.0,74.0,76.0,72.0,71.0,71.0,67.0,67.0,66.0,100.0,87.0,85.0,74.0,67.0,70.0,47.0,47.0,55.0,1021.0,1022.0,1020.0,1019.0,1020.0,1017.0,1014.0,1018.0,1012.0,16.0,16.0,16.0,13.0,16.0,13.0,2.0,11.0,2.0,24.0,21.0,21.0,3.0,8.0,8.0,27.0,1.0,4.0,33.0,27.5,22.0,74.0,72.0,67.0,100.0,74.5,48.5,1019.5,1017.5,1013.5,16.0,12.0,2.5,28.0,4.0,13.5,0.7071067811865476,-0.7071067811865476,-1.4142135623730951,0.0,0.7071067811865476,0.0,9.192388155425117,5.0,2.1213203435596424,-2.23606797749979,-2.23606797749979,-2.9154759474226504,0.0,-2.5495097567963922,-6.324555320336759,6.041522986797286,-3.24037034920393,-5.1478150704935,1.8257418583505538,1.0,0.0,-1.1547005383792515,0.5773502691896257,0.5773502691896257,7.593857166596345,3.696845502136472,-4.281744192888376,-1.4142135623730951,-0.5773502691896257,2.516611478423583,0.0,-1.1547005383792515,0.5773502691896257,4.932882862316247,-2.6457513110645907,-4.546060565661952
1285,28,33.0,33.0,32.0,27.0,28.0,28.0,22.0,22.0,24.0,74.0,74.0,74.0,72.0,72.0,71.0,67.0,67.0,67.0,100.0,100.0,87.0,75.0,74.0,67.0,50.0,47.0,47.0,1018.0,1021.0,1022.0,1016.0,1019.0,1020.0,1013.0,1014.0,1018.0,16.0,16.0,16.0,11.0,13.0,16.0,3.0,2.0,11.0,32.0,24.0,21.0,5.0,3.0,8.0,0.0,27.0,1.0,33.0,27.5,22.0,73.0,71.0,67.0,96.5,72.5,48.5,1016.5,1014.5,1011.0,16.0,13.5,9.5,24.0,5.5,0.0,0.0,0.0,0.0,-1.4142135623730951,-1.4142135623730951,0.0,-4.949747468305833,-3.4641016151377544,0.0,-3.0,-3.0,-2.9154759474226504,0.0,3.24037034920393,9.219544457292887,-9.797958971132712,1.5811388300841898,-19.091883092036785,0.5773502691896257,0.0,-1.1547005383792515,-1.1547005383792515,-1.0,0.0,6.324555320336759,2.886751345948129,0.0,-2.516611478423583,-2.516611478423583,-3.3166247903554,0.0,2.0,5.446711546122731,-7.810249675906654,-2.581988897471611,-4.203173404306164
1286,31,33.0,33.0,33.0,28.0,27.0,28.0,22.0,22.0,22.0,72.0,74.0,74.0,70.0,72.0,72.0,67.0,67.0,67.0,93.0,100.0,100.0,70.0,75.0,74.0,47.0,50.0,47.0,1015.0,1018.0,1021.0,1013.0,1016.0,1019.0,1009.0,1013.0,1014.0,16.0,16.0,16.0,16.0,11.0,13.0,16.0,3.0,2.0,16.0,32.0,24.0,6.0,5.0,3.0,0.0,0.0,27.0,35.0,29.5,23.0,73.5,71.5,68.5,93.5,69.0,44.5,1014.0,1012.0,1008.5,16.0,16.0,16.0,18.5,8.0,0.0,2.8284271247461903,2.23606797749979,1.4142135623730951,1.5811388300841898,1.5811388300841898,2.1213203435596424,-4.898979485566356,-3.8078865529319543,-4.123105625617661,-2.5495097567963922,-2.5495097567963922,-2.9154759474226504,0.0,3.5355339059327378,9.192388155425117,-10.747092630102339,2.9154759474226504,0.0,2.309401076758503,1.7320508075688772,1.1547005383792515,1.2909944487358056,1.2909944487358056,1.7320508075688772,-4.0,-3.0550504633038935,-2.886751345948129,-2.70801280154532,-2.70801280154532,-2.449489742783178,0.0,2.6457513110645907,7.52772652709081,-7.461009761866464,2.6457513110645907,-15.588457268119896
1287,32,37.0,33.0,33.0,31.0,28.0,27.0,24.0,22.0,22.0,75.0,72.0,74.0,73.0,70.0,72.0,70.0,67.0,67.0,94.0,93.0,100.0,68.0,70.0,75.0,42.0,47.0,50.0,1013.0,1015.0,1018.0,1011.0,1013.0,1016.0,1008.0,1009.0,1013.0,16.0,16.0,16.0,16.0,16.0,11.0,16.0,16.0,3.0,21.0,16.0,32.0,10.0,6.0,5.0,0.0,0.0,0.0,37.0,31.5,25.0,75.0,73.0,70.0,89.5,66.0,42.0,1013.5,1011.5,1009.0,16.0,16.0,16.0,23.5,11.5,0.0,2.8284271247461903,2.23606797749979,2.0,2.1213203435596424,2.1213203435596424,2.1213203435596424,-6.324555320336759,-3.1622776601683795,-3.5355339059327378,-1.224744871391589,-1.224744871391589,1.224744871391589,0.0,0.0,0.0,5.0,3.5355339059327378,0.0,2.309401076758503,1.9148542155126762,1.632993161855452,1.2909944487358056,1.2909944487358056,1.7320508075688772,-6.557438524302,-3.872983346207417,-3.366501646120693,-2.0,-2.0,-2.0816659994661326,0.0,2.886751345948129,7.505553499465135,-8.286535263104035,2.943920288775949,0.0
1288,32,37.0,37.0,33.0,32.0,31.0,28.0,26.0,24.0,22.0,75.0,75.0,72.0,73.0,73.0,70.0,70.0,70.0,67.0,85.0,94.0,93.0,64.0,68.0,70.0,42.0,42.0,47.0,1014.0,1013.0,1015.0,1012.0,1011.0,1013.0,1010.0,1008.0,1009.0,16.0,16.0,16.0,16.0,16.0,16.0,16.0,16.0,16.0,26.0,21.0,16.0,13.0,10.0,6.0,0.0,0.0,0.0,37.0,32.0,26.0,75.5,72.5,68.0,85.0,63.0,40.0,1017.0,1014.5,1011.5,16.0,15.0,13.0,25.0,12.0,0.0,0.0,0.7071067811865476,1.4142135623730951,0.7071067811865476,-0.7071067811865476,-2.8284271247461903,-6.363961030678928,-3.1622776601683795,-2.8284271247461903,4.301162633521313,3.605551275463989,2.5495097567963922,0.0,-1.4142135623730951,-4.242640687119285,3.24037034920393,1.5811388300841898,0.0,2.309401076758503,1.8257418583505538,1.632993161855452,1.8257418583505538,1.632993161855452,-1.5275252316519468,-5.163977794943222,-2.8284271247461903,-3.696845502136472,3.3166247903554,2.70801280154532,2.0,0.0,-1.1547005383792515,-3.4641016151377544,3.9157800414902435,2.6457513110645907,0.0
1289,32,37.0,37.0,37.0,32.0,32.0,31.0,26.0,26.0,24.0,76.0,75.0,75.0,72.0,73.0,73.0,66.0,70.0,70.0,85.0,85.0,94.0,62.0,64.0,68.0,38.0,42.0,42.0,1020.0,1014.0,1013.0,1017.0,1012.0,1011.0,1013.0,1010.0,1008.0,16.0,16.0,16.0,14.0,16.0,16.0,10.0,16.0,16.0,24.0,26.0,21.0,11.0,13.0,10.0,0.0,0.0,0.0,37.5,32.0,26.0,75.5,72.0,66.0,88.0,62.5,36.5,1021.0,1017.5,1013.5,16.0,15.0,11.5,23.5,10.5,0.0,0.7071067811865476,0.0,0.0,0.0,-0.7071067811865476,-2.8284271247461903,4.242640687119285,-1.224744871391589,-3.5355339059327378,4.47213595499958,3.605551275463989,2.23606797749979,0.0,0.0,-3.6742346141747673,-1.5811388300841898,-1.5811388300841898,0.0,0.5773502691896257,0.5773502691896257,1.1547005383792515,0.0,-0.5773502691896257,-2.309401076758503,-3.872983346207417,-2.516611478423583,-2.886751345948129,3.696845502136472,3.0,2.160246899469287,0.0,0.0,-3.0,2.581988897471611,1.1547005383792515,0.0
1290,31,38.0,37.0,37.0,32.0,32.0,32.0,26.0,26.0,26.0,75.0,76.0,75.0,72.0,72.0,73.0,66.0,66.0,70.0,91.0,85.0,85.0,63.0,62.0,64.0,35.0,38.0,42.0,1022.0,1020.0,1014.0,1018.0,1017.0,1012.0,1014.0,1013.0,1010.0,16.0,16.0,16.0,16.0,14.0,16.0,13.0,10.0,16.0,23.0,24.0,26.0,10.0,11.0,13.0,0.0,0.0,0.0,37.5,31.5,25.0,74.5,71.5,66.5,89.5,62.5,35.0,1020.5,1017.0,1013.0,16.0,16.0,14.5,22.0,10.5,0.0,0.0,-0.7071067811865476,-1.4142135623730951,-1.0,-0.7071067811865476,0.7071067811865476,3.6742346141747673,0.0,-2.1213203435596424,-1.5811388300841898,-1.224744871391589,-1.224744871391589,0.0,1.4142135623730951,3.0,-1.5811388300841898,0.0,0.0,0.0,-0.5773502691896257,-1.1547005383792515,-0.5773502691896257,-0.816496580927726,-2.23606797749979,3.0,-1.1547005383792515,-2.886751345948129,3.2145502536643185,2.70801280154532,1.4142135623730951,0.0,0.0,-2.449489742783178,-1.7320508075688772,-1.1547005383792515,0.0
1291,32,37.0,38.0,37.0,31.0,32.0,32.0,24.0,26.0,26.0,74.0,75.0,76.0,71.0,72.0,72.0,67.0,66.0,66.0,88.0,91.0,85.0,62.0,63.0,62.0,35.0,35.0,38.0,1019.0,1022.0,1020.0,1016.0,1018.0,1017.0,1012.0,1014.0,1013.0,16.0,16.0,16.0,16.0,16.0,14.0,16.0,13.0,10.0,21.0,23.0,24.0,11.0,10.0,11.0,0.0,0.0,0.0,37.5,31.5,25.0,74.0,71.5,66.5,86.5,61.0,35.0,1018.5,1015.5,1011.5,16.0,16.0,16.0,21.0,11.0,0.0,0.0,0.0,0.0,-0.7071067811865476,0.0,0.0,-3.0,-1.5811388300841898,0.0,-2.23606797749979,-1.5811388300841898,-1.5811388300841898,0.0,0.0,2.1213203435596424,-1.4142135623730951,0.7071067811865476,0.0,0.5773502691896257,0.0,0.0,-0.816496580927726,0.0,0.0,2.449489742783178,-1.1547005383792515,-1.7320508075688772,-1.4142135623730951,-1.1547005383792515,-1.1547005383792515,0.0,1.1547005383792515,2.449489742783178,-1.2909944487358056,0.0,0.0
1292,32,38.0,37.0,38.0,32.0,31.0,32.0,26.0,24.0,26.0,74.0,74.0,75.0,72.0,71.0,72.0,66.0,67.0,66.0,85.0,88.0,91.0,60.0,62.0,63.0,35.0,35.0,35.0,1018.0,1019.0,1022.0,1015.0,1016.0,1018.0,1011.0,1012.0,1014.0,16.0,16.0,16.0,16.0,16.0,16.0,16.0,16.0,13.0,21.0,21.0,23.0,11.0,11.0,10.0,0.0,0.0,0.0,37.5,32.0,26.0,74.0,71.0,63.0,85.0,59.0,33.0,1019.0,1015.5,1012.0,16.0,16.0,16.0,21.0,10.5,0.0,0.0,0.7071067811865476,1.4142135623730951,0.0,-1.224744871391589,-4.301162633521313,-2.1213203435596424,-2.0,-2.8284271247461903,1.224744871391589,0.0,1.224744871391589,0.0,0.0,0.0,0.0,-0.7071067811865476,0.0,-0.5773502691896257,0.0,0.0,-0.5773502691896257,-1.1547005383792515,-3.4641016151377544,-2.449489742783178,-1.7320508075688772,-2.309401076758503,-1.4142135623730951,-1.1547005383792515,-0.5773502691896257,0.0,0.0,1.7320508075688772,-1.1547005383792515,0.0,0.0
1293,32,37.0,38.0,37.0,32.0,32.0,31.0,26.0,26.0,24.0,74.0,74.0,74.0,70.0,72.0,71.0,60.0,66.0,67.0,85.0,85.0,88.0,58.0,60.0,62.0,31.0,35.0,35.0,1020.0,1018.0,1019.0,1016.0,1015.0,1016.0,1013.0,1011.0,1012.0,16.0,16.0,16.0,16.0,16.0,16.0,16.0,16.0,16.0,21.0,21.0,21.0,10.0,11.0,11.0,0.0,0.0,0.0,37.5,32.0,25.5,74.0,70.5,61.5,86.5,59.0,31.0,1020.5,1017.0,1014.0,16.0,16.0,16.0,20.0,8.0,0.0,0.0,0.0,-0.7071067811865476,0.0,-1.224744871391589,-3.6742346141747673,2.1213203435596424,0.0,-2.8284271247461903,1.5811388300841898,1.5811388300841898,2.0,0.0,0.0,0.0,-1.4142135623730951,-2.9154759474226504,0.0,0.5773502691896257,0.5773502691896257,1.0,0.0,-0.816496580927726,-3.0550504633038935,0.0,-1.1547005383792515,-2.309401076758503,1.1547005383792515,1.1547005383792515,1.5275252316519468,0.0,0.0,0.0,-1.1547005383792515,-2.3804761428476167,0.0
1294,31,38.0,37.0,38.0,32.0,32.0,32.0,25.0,26.0,26.0,74.0,74.0,74.0,71.0,70.0,72.0,63.0,60.0,66.0,88.0,85.0,85.0,60.0,58.0,60.0,31.0,31.0,35.0,1021.0,1020.0,1018.0,1018.0,1016.0,1015.0,1015.0,1013.0,1011.0,16.0,16.0,16.0,16.0,16.0,16.0,16.0,16.0,16.0,19.0,21.0,21.0,6.0,10.0,11.0,0.0,0.0,0.0,37.5,31.5,24.5,74.0,71.0,64.0,88.0,60.5,32.0,1020.5,1018.0,1015.0,16.0,16.0,16.0,21.5,5.5,0.5,0.0,-0.7071067811865476,-1.0,0.0,0.7071067811865476,2.5495097567963922,2.1213203435596424,1.5811388300841898,1.4142135623730951,0.0,1.4142135623730951,1.4142135623730951,0.0,0.0,0.0,3.24037034920393,-2.9154759474226504,0.7071067811865476,-0.5773502691896257,-0.5773502691896257,-0.816496580927726,0.0,-1.0,-2.7688746209726918,1.7320508075688772,0.5773502691896257,-2.0,1.1547005383792515,1.2909944487358056,1.632993161855452,0.0,0.0,0.0,2.6457513110645907,-2.449489742783178,0.5773502691896257
1295,31,37.0,38.0,37.0,31.0,32.0,32.0,24.0,25.0,26.0,74.0,74.0,74.0,71.0,71.0,70.0,65.0,63.0,60.0,88.0,88.0,85.0,61.0,60.0,58.0,33.0,31.0,31.0,1020.0,1021.0,1020.0,1018.0,1018.0,1016.0,1015.0,1015.0,1013.0,16.0,16.0,16.0,16.0,16.0,16.0,16.0,16.0,16.0,24.0,19.0,21.0,5.0,6.0,10.0,1.0,0.0,0.0,37.5,31.0,24.0,72.5,69.0,63.5,87.5,60.0,32.0,1019.5,1017.5,1014.5,16.0,16.0,16.0,19.0,5.0,0.5,0.0,-0.7071067811865476,-0.7071067811865476,-2.1213203435596424,-2.8284271247461903,-1.5811388300841898,-0.7071067811865476,-1.224744871391589,0.0,-1.0,-0.7071067811865476,-0.7071067811865476,0.0,0.0,0.0,-6.123724356957945,-0.7071067811865476,0.0,0.5773502691896257,-0.5773502691896257,-0.816496580927726,-1.7320508075688772,-2.23606797749979,1.1547005383792515,1.632993161855452,0.5773502691896257,0.0,-0.5773502691896257,1.0,1.0,0.0,0.0,0.0,-5.131601439446884,-2.3804761428476167,0.0
1296,32,38.0,37.0,38.0,31.0,31.0,32.0,24.0,24.0,25.0,71.0,74.0,74.0,67.0,71.0,71.0,62.0,65.0,63.0,87.0,88.0,88.0,59.0,61.0,60.0,31.0,33.0,31.0,1019.0,1020.0,1021.0,1017.0,1018.0,1018.0,1014.0,1015.0,1015.0,16.0,16.0,16.0,16.0,16.0,16.0,16.0,16.0,16.0,14.0,24.0,19.0,5.0,5.0,6.0,0.0,1.0,0.0,38.0,31.5,24.5,71.0,67.0,61.0,84.5,57.5,30.0,1018.0,1016.5,1013.5,16.0,16.0,16.0,16.5,5.5,0.0,0.7071067811865476,0.7071067811865476,0.7071067811865476,-2.1213203435596424,-2.8284271247461903,-2.5495097567963922,-3.605551275463989,-2.5495097567963922,-2.0,-1.5811388300841898,-1.0,-1.0,0.0,0.0,0.0,-6.123724356957945,0.7071067811865476,-0.7071067811865476,0.0,0.0,0.0,-1.7320508075688772,-2.309401076758503,-1.7320508075688772,-2.943920288775949,-2.0,-1.1547005383792515,-1.4142135623730951,-0.816496580927726,-0.816496580927726,0.0,0.0,0.0,-4.08248290463863,0.0,0.0
1297,31,38.0,38.0,37.0,32.0,31.0,31.0,25.0,24.0,24.0,71.0,71.0,74.0,67.0,67.0,71.0,60.0,62.0,65.0,82.0,87.0,88.0,56.0,59.0,61.0,29.0,31.0,33.0,1017.0,1019.0,1020.0,1016.0,1017.0,1018.0,1013.0,1014.0,1015.0,16.0,16.0,16.0,16.0,16.0,16.0,16.0,16.0,16.0,19.0,14.0,24.0,6.0,5.0,5.0,0.0,0.0,1.0,38.0,31.5,24.5,71.5,66.0,59.0,84.5,56.5,27.5,1016.5,1015.0,1012.5,16.0,16.0,16.0,19.0,7.0,0.0,0.0,0.0,0.0,0.7071067811865476,-1.4142135623730951,-2.0,0.0,-2.0,-2.5495097567963922,-1.5811388300841898,-1.5811388300841898,-1.0,0.0,0.0,0.0,3.5355339059327378,1.5811388300841898,0.0,0.5773502691896257,0.0,0.0,-1.632993161855452,-2.581988897471611,-2.3804761428476167,-0.5773502691896257,-2.0,-2.3804761428476167,-1.4142135623730951,-1.4142135623730951,-1.0,0.0,0.0,0.0,-5.0,1.2909944487358056,-0.5773502691896257
1298,32,38.0,38.0,38.0,31.0,32.0,31.0,24.0,25.0,24.0,72.0,71.0,71.0,65.0,67.0,67.0,58.0,60.0,62.0,87.0,82.0,87.0,57.0,56.0,59.0,26.0,29.0,31.0,1016.0,1017.0,1019.0,1014.0,1016.0,1017.0,1012.0,1013.0,1014.0,16.0,16.0,16.0,16.0,16.0,16.0,16.0,16.0,16.0,19.0,19.0,14.0,8.0,6.0,5.0,0.0,0.0,0.0,38.0,31.5,24.5,72.5,67.0,58.0,87.5,57.5,26.5,1017.0,1014.5,1012.0,16.0,16.0,16.0,21.0,9.5,0.0,0.0,0.0,0.0,1.0,2.449489742783178,-1.4142135623730951,3.605551275463989,1.0,-2.0,1.224744871391589,-1.224744871391589,-0.7071067811865476,0.0,0.0,0.0,2.8284271247461903,2.5495097567963922,0.0,0.0,0.5773502691896257,0.5773502691896257,0.816496580927726,2.0,-1.632993161855452,0.5773502691896257,-1.5275252316519468,-2.0,-0.5773502691896257,-1.1547005383792515,-0.816496580927726,0.0,0.0,0.0,3.696845502136472,2.160246899469287,0.0
1299,32,38.0,38.0,38.0,32.0,31.0,32.0,25.0,24.0,25.0,73.0,72.0,71.0,69.0,65.0,67.0,58.0,58.0,60.0,88.0,87.0,82.0,58.0,57.0,56.0,27.0,26.0,29.0,1018.0,1016.0,1017.0,1015.0,1014.0,1016.0,1012.0,1012.0,1013.0,16.0,16.0,16.0,16.0,16.0,16.0,16.0,16.0,16.0,23.0,19.0,19.0,11.0,8.0,6.0,0.0,0.0,0.0,38.0,32.0,25.0,73.0,69.5,58.5,88.0,58.5,28.0,1018.0,1015.5,1013.0,16.0,16.0,16.0,22.0,10.5,0.0,0.0,0.7071067811865476,0.7071067811865476,0.7071067811865476,2.9154759474226504,0.7071067811865476,0.7071067811865476,1.0,1.5811388300841898,1.4142135623730951,1.0,1.4142135623730951,0.0,0.0,0.0,2.449489742783178,2.0,0.0,0.0,0.0,0.0,0.816496580927726,2.0816659994661326,-1.0,2.943920288775949,1.0,-1.1547005383792515,1.0,-0.816496580927726,1.0,0.0,0.0,0.0,2.0,2.0,0.0
1300,32,38.0,38.0,38.0,32.0,32.0,31.0,25.0,25.0,24.0,73.0,73.0,72.0,70.0,69.0,65.0,59.0,58.0,58.0,88.0,88.0,87.0,59.0,58.0,57.0,29.0,27.0,26.0,1018.0,1018.0,1016.0,1016.0,1015.0,1014.0,1014.0,1012.0,1012.0,16.0,16.0,16.0,16.0,16.0,16.0,16.0,16.0,16.0,21.0,23.0,19.0,10.0,11.0,8.0,0.0,0.0,0.0,38.5,32.0,25.0,73.5,70.0,61.0,88.0,59.0,29.0,1019.5,1017.0,1014.5,16.0,16.0,16.0,18.5,7.5,0.0,0.7071067811865476,0.0,0.0,0.7071067811865476,0.7071067811865476,2.9154759474226504,0.0,0.7071067811865476,1.4142135623730951,2.1213203435596424,1.5811388300841898,1.5811388300841898,0.0,0.0,0.0,-3.8078865529319543,-3.605551275463989,0.0,0.5773502691896257,0.5773502691896257,0.5773502691896257,0.816496580927726,2.3804761428476167,2.3804761428476167,0.5773502691896257,0.816496580927726,1.2909944487358056,2.0816659994661326,1.4142135623730951,1.2909944487358056,0.0,0.0,0.0,-2.0816659994661326,-2.3804761428476167,0.0
1301,32,39.0,38.0,38.0,32.0,32.0,32.0,25.0,25.0,25.0,74.0,73.0,73.0,70.0,70.0,69.0,63.0,59.0,58.0,88.0,88.0,88.0,59.0,59.0,58.0,29.0,29.0,27.0,1021.0,1018.0,1018.0,1018.0,1016.0,1015.0,1015.0,1014.0,1012.0,16.0,16.0,16.0,16.0,16.0,16.0,16.0,16.0,16.0,16.0,21.0,23.0,5.0,10.0,11.0,0.0,0.0,0.0,38.5,32.0,25.0,74.0,69.5,62.0,88.0,58.5,28.0,1021.0,1018.0,1015.0,16.0,16.0,16.0,20.0,5.5,0.0,0.0,0.0,0.0,0.7071067811865476,-0.7071067811865476,2.449489742783178,0.0,-0.7071067811865476,-1.4142135623730951,2.1213203435596424,1.4142135623730951,0.7071067811865476,0.0,0.0,0.0,4.415880433163924,-3.4641016151377544,0.0,0.0,0.0,0.0,0.5773502691896257,0.0,2.0816659994661326,0.0,0.0,0.0,1.7320508075688772,1.2909944487358056,1.2909944487358056,0.0,0.0,0.0,3.415650255319866,-2.886751345948129,0.0
1302,31,38.0,39.0,38.0,32.0,32.0,32.0,25.0,25.0,25.0,74.0,74.0,73.0,69.0,70.0,70.0,61.0,63.0,59.0,88.0,88.0,88.0,58.0,59.0,59.0,27.0,29.0,29.0,1021.0,1021.0,1018.0,1018.0,1018.0,1016.0,1015.0,1015.0,1014.0,16.0,16.0,16.0,16.0,16.0,16.0,16.0,16.0,16.0,24.0,16.0,21.0,6.0,5.0,10.0,0.0,0.0,0.0,38.5,31.5,23.5,73.5,69.5,62.0,94.0,61.5,28.0,1019.5,1017.0,1014.5,16.0,15.0,9.5,30.5,5.5,2.0,0.0,-0.7071067811865476,-2.1213203435596424,-0.7071067811865476,0.0,0.0,8.48528137423857,4.898979485566356,0.0,-2.1213203435596424,-1.4142135623730951,-0.7071067811865476,0.0,-1.4142135623730951,-9.192388155425117,10.793516572461451,0.0,2.8284271247461903,0.5773502691896257,-0.5773502691896257,-1.7320508075688772,0.0,0.0,2.309401076758503,6.928203230275509,4.0,0.0,0.0,0.0,0.0,0.0,-1.1547005383792515,-7.505553499465135,8.32666399786453,-2.886751345948129,2.309401076758503
1303,29,39.0,38.0,39.0,31.0,32.0,32.0,22.0,25.0,25.0,73.0,74.0,74.0,70.0,69.0,70.0,63.0,61.0,63.0,100.0,88.0,88.0,65.0,58.0,59.0,29.0,27.0,29.0,1018.0,1021.0,1021.0,1016.0,1018.0,1018.0,1014.0,1015.0,1015.0,16.0,16.0,16.0,14.0,16.0,16.0,3.0,16.0,16.0,37.0,24.0,16.0,5.0,6.0,5.0,4.0,0.0,0.0,38.0,30.0,21.0,72.0,69.5,64.0,100.0,66.0,31.0,1017.0,1015.0,1012.0,16.0,14.0,6.5,28.0,5.0,2.0,-1.224744871391589,-1.5811388300841898,-2.5495097567963922,-1.5811388300841898,0.0,2.0,8.48528137423857,5.1478150704935,3.1622776601683795,-2.5495097567963922,-2.0,-2.9154759474226504,0.0,-1.4142135623730951,-7.745966692414834,-8.803408430829505,-0.7071067811865476,0.0,-1.1547005383792515,-1.2909944487358056,-2.0816659994661326,-1.2909944487358056,-0.5773502691896257,1.1547005383792515,6.928203230275509,4.163331998932265,2.309401076758503,-2.0816659994661326,-1.632993161855452,-2.3804761428476167,0.0,-1.1547005383792515,-6.324555320336759,-5.507570547286102,0.0,0.0
1304,31,37.0,39.0,38.0,29.0,31.0,32.0,20.0,22.0,25.0,71.0,73.0,74.0,69.0,70.0,69.0,65.0,63.0,61.0,100.0,100.0,88.0,67.0,65.0,58.0,33.0,29.0,27.0,1016.0,1018.0,1021.0,1014.0,1016.0,1018.0,1010.0,1014.0,1015.0,16.0,16.0,16.0,14.0,14.0,16.0,10.0,3.0,16.0,19.0,37.0,24.0,5.0,5.0,6.0,0.0,4.0,0.0,37.0,30.0,22.5,73.0,70.0,65.5,94.0,65.0,35.5,1015.0,1013.5,1010.0,16.0,15.0,13.0,22.5,5.0,0.0,-1.4142135623730951,0.0,3.24037034920393,2.449489742783178,1.224744871391589,1.5811388300841898,-8.48528137423857,-2.449489742783178,4.527692569068709,-2.0,-1.5811388300841898,-2.8284271247461903,0.0,1.4142135623730951,6.519202405202649,-11.726039399558575,0.0,-2.8284271247461903,-1.0,-0.5773502691896257,2.0,1.9148542155126762,1.1547005383792515,1.7320508075688772,0.0,3.5118845842842465,3.872983346207417,-2.3804761428476167,-1.7320508075688772,-2.3804761428476167,0.0,0.0,-5.291502622129181,-5.94418483337567,-0.5773502691896257,0.0
1305,31,37.0,37.0,39.0,31.0,29.0,31.0,25.0,20.0,22.0,75.0,71.0,73.0,71.0,69.0,70.0,66.0,65.0,63.0,88.0,100.0,100.0,63.0,67.0,65.0,38.0,33.0,29.0,1014.0,1016.0,1018.0,1013.0,1014.0,1016.0,1010.0,1010.0,1014.0,16.0,16.0,16.0,16.0,14.0,14.0,16.0,10.0,3.0,26.0,19.0,37.0,5.0,5.0,5.0,0.0,0.0,4.0,37.5,31.0,24.5,74.5,70.5,65.5,88.0,62.0,35.5,1015.5,1014.0,1012.0,16.0,16.0,16.0,24.5,6.5,0.0,0.7071067811865476,1.4142135623730951,3.4641016151377544,2.7386127875258306,1.224744871391589,0.0,-8.48528137423857,-3.1622776601683795,0.0,1.5811388300841898,1.224744871391589,2.8284271247461903,0.0,1.4142135623730951,4.242640687119285,4.47213595499958,2.1213203435596424,0.0,-1.0,0.0,2.581988897471611,1.9148542155126762,0.816496580927726,1.1547005383792515,-6.928203230275509,-2.309401076758503,2.309401076758503,0.5773502691896257,-0.5773502691896257,0.0,0.0,1.1547005383792515,5.32290647422377,-9.72967967955095,1.7320508075688772,-2.309401076758503
1306,32,38.0,37.0,37.0,31.0,31.0,29.0,24.0,25.0,20.0,74.0,75.0,71.0,70.0,71.0,69.0,65.0,66.0,65.0,88.0,88.0,100.0,61.0,63.0,67.0,33.0,38.0,33.0,1017.0,1014.0,1016.0,1015.0,1013.0,1014.0,1014.0,1010.0,1010.0,16.0,16.0,16.0,16.0,16.0,14.0,16.0,16.0,10.0,23.0,26.0,19.0,8.0,5.0,5.0,0.0,0.0,0.0,38.0,31.5,24.5,74.0,70.0,64.0,88.0,60.5,32.0,1019.5,1016.5,1015.0,16.0,16.0,16.0,26.0,8.0,0.0,0.7071067811865476,0.7071067811865476,0.0,-0.7071067811865476,-0.7071067811865476,-1.5811388300841898,0.0,-1.5811388300841898,-3.8078865529319543,4.123105625617661,2.5495097567963922,3.1622776601683795,0.0,0.0,0.0,3.6742346141747673,2.1213203435596424,0.0,0.5773502691896257,1.2909944487358056,2.886751345948129,2.23606797749979,1.0,-1.1547005383792515,-6.928203230275509,-2.6457513110645907,-1.1547005383792515,3.1622776601683795,2.0,2.581988897471611,0.0,1.1547005383792515,3.4641016151377544,5.033222956847166,1.7320508075688772,0.0
1307,32,38.0,38.0,37.0,32.0,31.0,31.0,25.0,24.0,25.0,74.0,74.0,75.0,70.0,70.0,71.0,63.0,65.0,66.0,88.0,88.0,88.0,60.0,61.0,63.0,31.0,33.0,38.0,1022.0,1017.0,1014.0,1018.0,1015.0,1013.0,1016.0,1014.0,1010.0,16.0,16.0,16.0,16.0,16.0,16.0,16.0,16.0,16.0,29.0,23.0,26.0,8.0,8.0,5.0,0.0,0.0,0.0,38.5,32.0,25.0,74.5,69.5,62.0,86.5,58.0,29.0,1021.0,1017.5,1015.0,16.0,16.0,16.0,26.0,8.0,0.0,0.7071067811865476,0.7071067811865476,0.7071067811865476,0.7071067811865476,-0.7071067811865476,-2.0,-2.1213203435596424,-2.9154759474226504,-3.1622776601683795,3.24037034920393,2.0,0.0,0.0,0.0,0.0,0.0,0.0,0.0,0.816496580927726,0.5773502691896257,0.0,0.0,-0.816496580927726,-1.7320508075688772,-1.7320508075688772,-2.6457513110645907,-3.872983346207417,3.1622776601683795,2.0,2.309401076758503,0.0,0.0,0.0,-1.7320508075688772,1.7320508075688772,0.0
1308,33,39.0,38.0,38.0,32.0,32.0,31.0,25.0,25.0,24.0,75.0,74.0,74.0,69.0,70.0,70.0,61.0,63.0,65.0,85.0,88.0,88.0,56.0,60.0,61.0,27.0,31.0,33.0,1020.0,1022.0,1017.0,1017.0,1018.0,1015.0,1014.0,1016.0,1014.0,16.0,16.0,16.0,16.0,16.0,16.0,16.0,16.0,16.0,23.0,29.0,23.0,8.0,8.0,8.0,0.0,0.0,0.0,39.5,32.5,25.0,74.5,68.5,61.0,85.0,56.0,27.0,1018.0,1015.5,1012.5,16.0,16.0,16.0,23.0,8.0,0.0,1.0,0.7071067811865476,0.0,0.0,-1.0,-1.4142135623730951,-2.1213203435596424,-2.8284271247461903,-2.8284271247461903,-3.1622776601683795,-2.23606797749979,-2.5495097567963922,0.0,0.0,0.0,-4.242640687119285,0.0,0.0,0.816496580927726,0.816496580927726,0.5773502691896257,0.0,-0.816496580927726,-1.632993161855452,-1.7320508075688772,-2.3804761428476167,-2.581988897471611,1.2909944487358056,-0.5773502691896257,-1.7320508075688772,0.0,0.0,0.0,0.0,0.0,0.0
1309,32,40.0,39.0,38.0,33.0,32.0,32.0,25.0,25.0,25.0,74.0,75.0,74.0,68.0,69.0,70.0,61.0,61.0,63.0,85.0,85.0,88.0,56.0,56.0,60.0,27.0,27.0,31.0,1016.0,1020.0,1022.0,1014.0,1017.0,1018.0,1011.0,1014.0,1016.0,16.0,16.0,16.0,16.0,16.0,16.0,16.0,16.0,16.0,23.0,23.0,29.0,8.0,8.0,8.0,0.0,0.0,0.0,39.5,32.5,25.0,74.0,68.0,61.0,86.5,57.0,27.0,1015.5,1013.5,1010.0,16.0,16.0,16.0,22.0,9.0,0.0,0.0,0.0,0.0,-0.7071067811865476,-0.7071067811865476,0.0,2.1213203435596424,1.4142135623730951,0.0,-2.9154759474226504,-2.23606797749979,-2.5495097567963922,0.0,0.0,0.0,-1.4142135623730951,1.4142135623730951,0.0,0.5773502691896257,0.0,0.0,0.0,-0.816496580927726,-1.1547005383792515,0.0,-2.0,-2.309401076758503,-2.6457513110645907,-1.9148542155126762,-2.3804761428476167,0.0,0.0,0.0,-3.6514837167011076,1.1547005383792515,0.0
1310,32,39.0,40.0,39.0,32.0,33.0,32.0,25.0,25.0,25.0,74.0,74.0,75.0,68.0,68.0,69.0,61.0,61.0,61.0,88.0,85.0,85.0,58.0,56.0,56.0,27.0,27.0,27.0,1015.0,1016.0,1020.0,1013.0,1014.0,1017.0,1009.0,1011.0,1014.0,16.0,16.0,16.0,16.0,16.0,16.0,16.0,16.0,16.0,21.0,23.0,23.0,10.0,8.0,8.0,0.0,0.0,0.0,39.0,32.0,25.0,74.0,69.5,63.5,86.5,58.0,29.0,1014.5,1012.5,1009.5,16.0,16.0,9.5,21.0,8.0,0.5,-0.7071067811865476,-0.7071067811865476,0.0,0.0,2.1213203435596424,3.5355339059327378,0.0,1.4142135623730951,2.8284271247461903,-1.0,-1.0,-1.224744871391589,0.0,0.0,-9.192388155425117,-1.4142135623730951,-2.449489742783178,0.7071067811865476,0.0,0.0,0.0,-0.5773502691896257,1.632993161855452,2.886751345948129,0.0,1.1547005383792515,2.309401076758503,-2.449489742783178,-1.9148542155126762,-2.0,0.0,0.0,-7.505553499465135,-1.1547005383792515,-2.0,0.5773502691896257
1311,32,39.0,39.0,40.0,32.0,32.0,33.0,25.0,25.0,25.0,74.0,74.0,74.0,71.0,68.0,68.0,66.0,61.0,61.0,85.0,88.0,85.0,58.0,58.0,56.0,31.0,27.0,27.0,1014.0,1015.0,1016.0,1012.0,1013.0,1014.0,1010.0,1009.0,1011.0,16.0,16.0,16.0,16.0,16.0,16.0,3.0,16.0,16.0,21.0,21.0,23.0,6.0,10.0,8.0,1.0,0.0,0.0,39.0,32.0,24.5,74.5,71.0,61.0,88.0,59.0,30.0,1015.0,1013.0,1011.0,16.0,16.0,8.5,21.0,5.5,0.5,0.0,0.0,-0.7071067811865476,0.7071067811865476,2.1213203435596424,-6.123724356957945,3.6742346141747673,1.4142135623730951,2.449489742783178,1.224744871391589,1.224744871391589,1.5811388300841898,0.0,0.0,-4.898979485566356,0.0,-2.9154759474226504,0.0,-0.5773502691896257,-0.5773502691896257,-0.5773502691896257,0.5773502691896257,1.7320508075688772,-5.0,3.4641016151377544,1.632993161855452,2.0,0.816496580927726,0.816496580927726,0.5773502691896257,0.0,0.0,-4.0,-1.1547005383792515,-2.0816659994661326,0.0
1312,33,39.0,39.0,39.0,32.0,32.0,32.0,24.0,25.0,25.0,75.0,74.0,74.0,71.0,71.0,68.0,56.0,66.0,61.0,91.0,85.0,88.0,60.0,58.0,58.0,29.0,31.0,27.0,1016.0,1014.0,1015.0,1014.0,1012.0,1013.0,1012.0,1010.0,1009.0,16.0,16.0,16.0,16.0,16.0,16.0,14.0,3.0,16.0,21.0,21.0,21.0,5.0,6.0,10.0,0.0,1.0,0.0,39.0,32.5,25.0,75.0,71.0,59.5,91.0,60.5,30.0,1018.0,1015.5,1013.0,16.0,16.0,14.0,22.5,8.0,0.0,0.0,0.7071067811865476,1.224744871391589,0.7071067811865476,0.0,-5.049752469181039,4.242640687119285,1.5811388300841898,0.0,3.1622776601683795,2.5495097567963922,2.0,0.0,0.0,7.7781745930520225,2.1213203435596424,4.183300132670378,-0.7071067811865476,0.0,0.5773502691896257,1.0,0.5773502691896257,1.7320508075688772,-2.943920288775949,3.0,1.2909944487358056,2.309401076758503,2.516611478423583,2.0,1.7320508075688772,0.0,0.0,-4.0,1.7320508075688772,2.516611478423583,0.0
1313,33,39.0,39.0,39.0,33.0,32.0,32.0,26.0,24.0,25.0,75.0,75.0,74.0,71.0,71.0,71.0,63.0,56.0,66.0,91.0,91.0,85.0,61.0,60.0,58.0,31.0,29.0,31.0,1020.0,1016.0,1014.0,1017.0,1014.0,1012.0,1014.0,1012.0,1010.0,16.0,16.0,16.0,16.0,16.0,16.0,14.0,14.0,3.0,24.0,21.0,21.0,11.0,5.0,6.0,0.0,0.0,1.0,39.0,33.0,26.0,75.0,70.5,62.0,91.0,59.5,28.0,1020.0,1017.0,1014.0,16.0,16.0,15.0,24.0,10.5,0.0,0.0,0.7071067811865476,1.4142135623730951,0.0,-0.7071067811865476,4.743416490252569,0.0,-2.0,-4.0,2.8284271247461903,2.1213203435596424,1.4142135623730951,0.0,0.0,1.4142135623730951,2.1213203435596424,4.183300132670378,0.0,0.0,0.5773502691896257,1.0,0.5773502691896257,-0.5773502691896257,-4.281744192888376,3.4641016151377544,-1.1547005383792515,-3.4641016151377544,2.581988897471611,2.0816659994661326,1.632993161855452,0.0,0.0,6.454972243679028,1.7320508075688772,3.366501646120693,-0.5773502691896257
1314,32,39.0,39.0,39.0,33.0,33.0,32.0,26.0,26.0,24.0,75.0,75.0,75.0,70.0,71.0,71.0,61.0,63.0,56.0,91.0,91.0,91.0,58.0,61.0,60.0,25.0,31.0,29.0,1020.0,1020.0,1016.0,1017.0,1017.0,1014.0,1014.0,1014.0,1012.0,16.0,16.0,16.0,16.0,16.0,16.0,16.0,14.0,14.0,24.0,24.0,21.0,10.0,11.0,5.0,0.0,0.0,0.0,39.0,32.5,25.0,73.0,68.5,61.0,86.5,56.0,25.0,1018.5,1016.0,1013.0,16.0,16.0,16.0,21.5,9.0,0.0,0.0,-0.7071067811865476,-1.4142135623730951,-2.8284271247461903,-2.23606797749979,-1.4142135623730951,-6.363961030678928,-3.5355339059327378,-4.242640687119285,-2.1213203435596424,-1.4142135623730951,-1.4142135623730951,0.0,0.0,1.4142135623730951,-3.5355339059327378,-1.5811388300841898,0.0,0.0,0.0,0.0,-2.309401076758503,-1.8257418583505538,3.872983346207417,-5.196152422706632,-2.8284271247461903,-3.265986323710904,1.5275252316519468,1.2909944487358056,0.0,0.0,0.0,1.1547005383792515,-2.309401076758503,3.2145502536643185,0.0
1315,33,39.0,39.0,39.0,32.0,33.0,33.0,24.0,26.0,26.0,71.0,75.0,75.0,67.0,70.0,71.0,61.0,61.0,63.0,82.0,91.0,91.0,54.0,58.0,61.0,25.0,25.0,31.0,1017.0,1020.0,1020.0,1015.0,1017.0,1017.0,1012.0,1014.0,1014.0,16.0,16.0,16.0,16.0,16.0,16.0,16.0,16.0,14.0,19.0,24.0,24.0,8.0,10.0,11.0,0.0,0.0,0.0,40.0,32.5,24.0,71.0,65.5,58.0,84.5,54.0,22.5,1016.0,1014.0,1010.5,16.0,16.0,16.0,21.0,8.0,0.0,1.4142135623730951,0.0,-1.4142135623730951,-2.8284271247461903,-3.0,-4.242640687119285,-5.291502622129181,-2.8284271247461903,-3.5355339059327378,-2.5495097567963922,-2.0,-2.5495097567963922,0.0,0.0,0.0,-2.1213203435596424,-1.4142135623730951,0.0,1.1547005383792515,0.0,-1.1547005383792515,-2.309401076758503,-2.516611478423583,-3.6514837167011076,-4.320493798938574,-2.886751345948129,-4.509249752822894,-2.0816659994661326,-1.632993161855452,-2.0816659994661326,0.0,0.0,1.1547005383792515,-1.7320508075688772,-1.2909944487358056,0.0
1316,33,41.0,39.0,39.0,33.0,32.0,33.0,24.0,24.0,26.0,71.0,71.0,75.0,64.0,67.0,70.0,55.0,61.0,61.0,87.0,82.0,91.0,54.0,54.0,58.0,20.0,25.0,25.0,1015.0,1017.0,1020.0,1013.0,1015.0,1017.0,1009.0,1012.0,1014.0,16.0,16.0,16.0,16.0,16.0,16.0,16.0,16.0,16.0,23.0,19.0,24.0,8.0,8.0,10.0,0.0,0.0,0.0,41.5,33.0,24.5,71.5,64.0,55.0,84.5,52.5,19.5,1014.0,1012.0,1009.0,16.0,16.0,16.0,21.0,7.0,0.0,1.5811388300841898,0.7071067811865476,0.7071067811865476,0.7071067811865476,-2.1213203435596424,-4.242640687119285,0.0,-2.1213203435596424,-3.605551275463989,-2.0,-2.0,-2.1213203435596424,0.0,0.0,0.0,0.0,-1.4142135623730951,0.0,1.2909944487358056,0.0,-1.0,-2.23606797749979,-2.449489742783178,-3.4641016151377544,-5.196152422706632,-2.886751345948129,-2.943920288775949,-2.3804761428476167,-2.0,-2.0816659994661326,0.0,0.0,0.0,-2.886751345948129,-1.632993161855452,0.0
1317,34,42.0,41.0,39.0,33.0,33.0,32.0,25.0,24.0,24.0,72.0,71.0,71.0,64.0,64.0,67.0,55.0,55.0,61.0,82.0,87.0,82.0,51.0,54.0,54.0,19.0,20.0,25.0,1013.0,1015.0,1017.0,1011.0,1013.0,1015.0,1009.0,1009.0,1012.0,16.0,16.0,16.0,16.0,16.0,16.0,16.0,16.0,16.0,19.0,23.0,19.0,6.0,8.0,8.0,0.0,0.0,0.0,41.5,33.5,25.5,71.0,66.0,59.0,75.5,49.5,23.0,1014.0,1012.0,1010.5,16.0,16.0,16.0,20.0,6.0,0.0,0.0,0.7071067811865476,1.0,-1.224744871391589,2.8284271247461903,5.656854249492381,-9.848857801796104,-3.0,5.612486080160912,0.0,0.0,2.1213203435596424,0.0,0.0,0.0,-2.449489742783178,-1.4142135623730951,0.0,1.1547005383792515,0.816496580927726,0.816496580927726,-1.0,1.5275252316519468,3.0550504633038935,-7.505553499465135,-2.449489742783178,3.559026084010437,-1.1547005383792515,-1.1547005383792515,0.0,0.0,0.0,0.0,1.1547005383792515,-1.1547005383792515,0.0
1318,31,41.0,42.0,41.0,34.0,33.0,33.0,26.0,25.0,24.0,70.0,72.0,71.0,68.0,64.0,64.0,63.0,55.0,55.0,69.0,82.0,87.0,48.0,51.0,54.0,27.0,19.0,20.0,1015.0,1013.0,1015.0,1013.0,1011.0,1013.0,1012.0,1009.0,1009.0,16.0,16.0,16.0,16.0,16.0,16.0,16.0,16.0,16.0,21.0,19.0,23.0,6.0,6.0,8.0,0.0,0.0,0.0,39.0,32.5,25.5,68.0,64.5,58.5,66.5,45.5,24.5,1016.0,1014.0,1012.5,16.0,16.0,16.0,20.0,6.0,0.0,-2.9154759474226504,-2.0,0.0,-3.1622776601683795,-4.06201920231798,-2.9154759474226504,-9.848857801796104,-4.123105625617661,4.415880433163924,2.0,2.0,2.23606797749979,0.0,0.0,0.0,0.0,0.0,0.0,-2.309401076758503,-1.632993161855452,0.5773502691896257,-2.516611478423583,-3.3166247903554,-2.3804761428476167,-8.54400374531753,-3.7859388972001824,3.559026084010437,1.1547005383792515,1.1547005383792515,1.8257418583505538,0.0,0.0,0.0,-2.309401076758503,-1.1547005383792515,0.0
